rank,amarela,branca,indígena,parda,preta
0,sol (0.3253),castanhos (0.3169),terra (0.3884),sol (0.3243),força (0.3279)
1,olhos (0.2984),pouco (0.3143),natureza (0.3632),força (0.3076),pele (0.3047)
2,pele (0.2953),anos (0.3074),floresta (0.3524),trabalho (0.2976),sol (0.2976)
3,amendoados (0.2872),quase (0.3030),povo (0.3514),pele (0.2962),história (0.2969)
4,força (0.2819),sotaque (0.2949),iara (0.3490),olhos (0.2957),preta (0.2848)
5,terra (0.2761),clara (0.2947),sementes (0.3444),parda (0.2954),vida (0.2817)
6,trabalho (0.2743),branca (0.2939),força (0.3417),terra (0.2917),sorriso (0.2760)
7,sotaque (0.2741),vida (0.2900),cultura (0.3396),quase (0.2881),trabalho (0.2752)
8,amarela (0.2711),ainda (0.2888),ancestral (0.3323),vezes (0.2847),anos (0.2725)
9,sorriso (0.2686),sol (0.2873),rio (0.3289),vida (0.2837),negra (0.2719)
10,vida (0.2686),gosto (0.2835),sabedoria (0.3263),anos (0.2815),vezes (0.2711)
11,rosto (0.2681),claro (0.2821),ancestrais (0.3215),simples (0.2806),forte (0.2710)
12,bronzeada (0.2634),pele (0.2786),negros (0.3010),rosto (0.2783),histórias (0.2699)
13,vezes (0.2622),cabelos (0.2773),luta (0.2946),castanho (0.2774),resiliência (0.2675)
14,forte (0.2613),claros (0.2738),escuros (0.2944),cabelos (0.2765),luta (0.2659)
15,quase (0.2605),olhos (0.2716),histórias (0.2913),sorriso (0.2666),olhos (0.2652)
16,cabelos (0.2567),estilo (0.2689),indígena (0.2896),forte (0.2653),terra (0.2619)
17,leve (0.2564),apesar (0.2668),preservação (0.2879),mãos (0.2624),rosto (0.2618)
18,escuros (0.2536),família (0.2658),longos (0.2872),castanhos (0.2622),resistência (0.2608)
19,simples (0.2530),trabalho (0.2654),mãos (0.2861),nordestino (0.2615),crespos (0.2564)
20,família (0.2521),jeans (0.2649),sol (0.2835),histórias (0.2594),cabelos (0.2553)
21,nordestino (0.2514),bem (0.2629),trabalho (0.2832),tempo (0.2588),cada (0.2552)
22,mistura (0.2488),simples (0.2618),comunidade (0.2807),sob (0.2530),tempo (0.2549)
23,anos (0.2460),algumas (0.2613),ossos (0.2798),escuros (0.2527),sotaque (0.2539)
24,tempo (0.2423),leve (0.2566),tecido (0.2759),sotaque (0.2523),fácil (0.2535)
25,sob (0.2422),pode (0.2536),pele (0.2756),gente (0.2519),identidade (0.2517)
26,coque (0.2419),sempre (0.2489),olhos (0.2751),tom (0.2519),sabedoria (0.2503)
27,amarelo (0.2418),vezes (0.2484),gente (0.2740),resiliência (0.2511),gente (0.2487)
28,tom (0.2414),bom (0.2460),história (0.2738),fácil (0.2505),fortes (0.2468)
29,algodão (0.2393),roupas (0.2442),trançados (0.2725),mistura (0.2497),afro (0.2461)
30,identidade (0.2392),dia (0.2424),miçangas (0.2723),família (0.2495),voz (0.2442)
31,nordestina (0.2387),amigos (0.2421),guarani (0.2722),calejadas (0.2480),nordestino (0.2440)
32,fácil (0.2386),alice (0.2416),cada (0.2722),leve (0.2480),ancestralidade (0.2439)
33,kai (0.2386),algodão (0.2401),algodão (0.2720),olhar (0.2467),família (0.2399)
34,histórias (0.2377),pessoa (0.2399),língua (0.2717),coque (0.2455),volumoso (0.2396)
35,dourado (0.2369),região (0.2399),calejadas (0.2715),história (0.2446),olhar (0.2395)
36,gente (0.2365),alguns (0.2388),colar (0.2713),bronzeada (0.2430),sob (0.2390)
37,pessoa (0.2364),tempo (0.2381),cabelos (0.2709),dia (0.2375),kaique (0.2363)
38,brasileira (0.2355),azuis (0.2370),nome (0.2696),escuro (0.2369),beleza (0.2353)
39,mãos (0.2308),ter (0.2345),bronzeada (0.2681),sardas (0.2358),mistura (0.2347)
40,gosto (0.2301),sardas (0.2344),gerações (0.2668),refletem (0.2348),cabelo (0.2343)
41,cultura (0.2292),bronzeada (0.2343),aldeia (0.2633),nordestina (0.2343),fé (0.2341)
42,ainda (0.2276),poderia (0.2322),sobre (0.2626),algodão (0.2329),orgulho (0.2335)
43,cada (0.2273),castanho (0.2310),ancestralidade (0.2613),jeito (0.2304),vibrante (0.2306)
44,bem (0.2271),branco (0.2305),identidade (0.2582),pouco (0.2288),ainda (0.2275)
45,beleza (0.2258),talvez (0.2305),resistência (0.2581),interior (0.2283),iara (0.2273)
46,carregava (0.2254),usa (0.2284),coloridas (0.2579),identidade (0.2279),cultura (0.2269)
47,dia (0.2250),camiseta (0.2274),plantas (0.2575),grossos (0.2272),mulher (0.2264)
48,apesar (0.2245),olhar (0.2271),penas (0.2569),intenso (0.2272),traços (0.2258)
49,história (0.2238),interior (0.2269),cru (0.2562),sabedoria (0.2263),mãos (0.2258)
50,traços (0.2237),cidade (0.2264),roça (0.2525),nome (0.2252),café (0.2254)
51,cabelo (0.2227),rosto (0.2234),mata (0.2520),café (0.2249),alegria (0.2241)
52,região (0.2224),camisa (0.2219),ervas (0.2520),carrega (0.2244),carrega (0.2238)
53,delicado (0.2223),levemente (0.2201),corpo (0.2499),cada (0.2244),nome (0.2235)
54,mulher (0.2219),bastante (0.2198),refletem (0.2474),ainda (0.2236),dentes (0.2231)
55,resiliência (0.2215),nariz (0.2193),anos (0.2469),apesar (0.2222),bronzeada (0.2227)
56,avó (0.2206),jeito (0.2182),conexão (0.2463),luta (0.2212),refletem (0.2189)
57,refletiam (0.2195),sobre (0.2179),profunda (0.2454),outras (0.2200),simples (0.2177)
58,fios (0.2191),bronzeado (0.2179),carrega (0.2451),fios (0.2193),brilho (0.2174)
59,vibrante (0.2191),homem (0.2176),tempo (0.2451),presos (0.2191),vibrantes (0.2169)
60,binária (0.2190),classe (0.2170),geração (0.2444),beleza (0.2180),homem (0.2164)
61,pretos (0.2183),coque (0.2165),espíritos (0.2426),roupas (0.2169),nordestina (0.2160)
62,presos (0.2178),confortáveis (0.2164),profundos (0.2423),revela (0.2156),pessoa (0.2158)
63,orgulho (0.2177),cabelo (0.2159),medicinais (0.2422),raízes (0.2149),cheio (0.2157)
64,calejadas (0.2169),aparência (0.2152),naturais (0.2417),traços (0.2135),brasileira (0.2150)
65,sabedoria (0.2166),sinto (0.2149),antepassados (0.2413),sertão (0.2129),algodão (0.2147)
66,usava (0.2166),acho (0.2146),respeito (0.2379),marcado (0.2116),crespo (0.2143)
67,lua (0.2166),certa (0.2140),ligação (0.2378),levemente (0.2114),calejadas (0.2139)
68,carregado (0.2160),aqui (0.2120),geométricos (0.2358),claro (0.2103),quase (0.2124)
69,pouco (0.2157),identidade (0.2119),canto (0.2351),nordeste (0.2100),inabalável (0.2123)
70,levemente (0.2157),pequena (0.2118),contam (0.2344),orgulho (0.2100),mundo (0.2123)
71,calor (0.2145),mundo (0.2117),animais (0.2344),binária (0.2097),roupas (0.2122)
72,sertão (0.2144),alex (0.2116),fios (0.2343),céu (0.2096),raízes (0.2121)
73,pra (0.2144),gênero (0.2107),penetrantes (0.2341),cacheados (0.2092),contagiante (0.2115)
74,tudo (0.2143),carregado (0.2105),vento (0.2330),sempre (0.2086),futuro (0.2107)
75,herança (0.2142),fios (0.2096),pescoço (0.2308),dentes (0.2085),leve (0.2106)
76,sempre (0.2139),principalmente (0.2093),forte (0.2291),cabelo (0.2082),binária (0.2100)
77,vestido (0.2135),embora (0.2092),vezes (0.2289),mulher (0.2079),firme (0.2093)
78,roupas (0.2128),simplicidade (0.2092),olhar (0.2274),negros (0.2074),reflete (0.2092)
79,mundo (0.2126),dependendo (0.2086),memória (0.2266),carregado (0.2067),tom (0.2092)
80,dentes (0.2122),terra (0.2072),grossos (0.2266),calor (0.2062),sempre (0.2087)
81,interior (0.2119),desbotada (0.2069),noite (0.2263),jeans (0.2062),mim (0.2080)
82,raízes (0.2115),sul (0.2063),etnia (0.2262),revelando (0.2062),postura (0.2077)
83,castanhos (0.2096),forte (0.2061),vida (0.2245),tudo (0.2053),carregado (0.2075)
84,nome (0.2085),minas (0.2055),rosto (0.2228),meio (0.2048),comunidade (0.2075)
85,olhar (0.2083),meio (0.2052),fibras (0.2227),lua (0.2048),música (0.2071)
86,jeito (0.2069),ar (0.2046),sei (0.2223),brilho (0.2043),preto (0.2069)
87,meio (0.2064),mulher (0.2028),arara (0.2223),alma (0.2037),outras (0.2064)
88,nordeste (0.2055),pessoas (0.2027),cantos (0.2218),grossas (0.2027),coloridas (0.2060)
89,puxados (0.2053),uso (0.2021),presos (0.2217),vestido (0.2025),riqueza (0.2054)
90,revelando (0.2048),vestido (0.2021),anya (0.2212),crespos (0.2017),mulheres (0.2053)
91,lisos (0.2044),sorriso (0.2020),marcas (0.2212),contam (0.2014),leite (0.2051)
92,negros (0.2039),ondulados (0.2018),indígenas (0.2207),marcas (0.2013),cachos (0.2049)
93,revelava (0.2039),presos (0.2011),tradição (0.2178),mim (0.2012),expressivos (0.2048)
94,vibrantes (0.2032),fala (0.2011),homem (0.2178),pessoa (0.2011),carregam (0.2044)
95,café (0.2027),fácil (0.2009),saia (0.2176),salpicado (0.2008),escuros (0.2042)
96,refletem (0.2013),mãos (0.2008),simples (0.2167),bem (0.2007),jeito (0.2039)
97,riqueza (0.2009),geralmente (0.2006),chamam (0.2164),desbotada (0.2006),marcado (0.2029)
98,céu (0.2005),tento (0.1990),madeira (0.2160),isabela (0.2003),dia (0.2029)
99,escuro (0.2004),palavras (0.1987),tecer (0.2155),fortes (0.2003),suor (0.2028)
100,intenso (0.2002),independente (0.1986),voz (0.2152),calma (0.2000),intenso (0.2024)
101,sobre (0.1995),revela (0.1984),amuleto (0.2127),mundo (0.1997),calor (0.2019)
102,aqui (0.1991),pra (0.1983),uso (0.2124),rebeldes (0.1996),rica (0.2018)
103,coração (0.1975),verdes (0.1981),céu (0.2123),resistência (0.1994),personalidade (0.2014)
104,cheiro (0.1973),toque (0.1981),sob (0.2109),pra (0.1992),revela (0.2006)
105,enquanto (0.1967),sob (0.1980),pequenas (0.2109),seca (0.1991),interior (0.2005)
106,calma (0.1955),discreta (0.1979),fortes (0.2099),usava (0.1991),tranças (0.1999)
107,finos (0.1940),gente (0.1976),vermelha (0.2083),corpo (0.1987),vestido (0.1995)
108,constante (0.1938),personalidade (0.1973),pigmentos (0.2082),preto (0.1986),onde (0.1990)
109,sinto (0.1934),boa (0.1963),futuro (0.2081),cheiro (0.1984),tudo (0.1982)
110,alguns (0.1930),adoro (0.1960),usa (0.2079),palavras (0.1973),avó (0.1967)
111,camisa (0.1929),muitas (0.1960),tradicionais (0.2073),muitas (0.1973),ritmo (0.1964)
112,bom (0.1928),grisalhos (0.1959),apenas (0.2069),árduo (0.1971),alma (0.1961)
113,brasileiro (0.1927),calma (0.1957),região (0.2062),gosto (0.1968),marcas (0.1959)
114,palavras (0.1924),cara (0.1955),diversidade (0.2052),postura (0.1966),gerações (0.1959)
115,castanho (0.1921),traços (0.1954),conchas (0.2051),simplicidade (0.1965),cheiro (0.1958)
116,suave (0.1914),forma (0.1947),xavante (0.2045),emolduram (0.1964),grossos (0.1958)
117,claro (0.1914),descrição (0.1943),roupas (0.2040),pequena (0.1962),chocolate (0.1955)
118,mar (0.1913),histórias (0.1942),beleza (0.2040),cultura (0.1961),bem (0.1950)
119,pescoço (0.1913),uns (0.1941),desenhos (0.2038),pardo (0.1956),carregava (0.1945)
120,gerações (0.1913),calejadas (0.1940),mulher (0.2037),dignidade (0.1953),céu (0.1944)
121,escaldante (0.1912),peças (0.1939),avó (0.2032),camisa (0.1944),largo (0.1942)
122,seca (0.1912),livre (0.1927),mbyá (0.2029),energia (0.1942),apesar (0.1939)
123,preto (0.1912),azul (0.1925),longa (0.2026),roça (0.1941),dignidade (0.1937)
124,emanava (0.1905),lisos (0.1922),úmida (0.2023),rico (0.1939),antônio (0.1937)
125,outras (0.1905),prefiro (0.1922),firme (0.2018),finas (0.1936),grandes (0.1936)
126,brisa (0.1903),origem (0.1920),viva (0.2014),avó (0.1929),rico (0.1931)
127,energia (0.1903),outras (0.1920),marcada (0.2013),constante (0.1927),qualquer (0.1930)
128,luta (0.1902),porto (0.1915),linhas (0.2009),escaldante (0.1926),profundo (0.1928)
129,centro (0.1901),suave (0.1914),carregam (0.2005),alegria (0.1926),salpicada (0.1925)
130,mim (0.1897),binária (0.1912),asa (0.2000),alto (0.1917),sardas (0.1912)
131,cerrado (0.1894),chapéu (0.1910),destreza (0.1999),peças (0.1914),muitas (0.1908)
132,homem (0.1893),expressão (0.1910),árduo (0.1993),carregava (0.1908),castanhos (0.1900)
133,inteligência (0.1888),pessoal (0.1909),terras (0.1983),confortáveis (0.1908),usa (0.1898)
134,contagiante (0.1878),tudo (0.1907),finas (0.1971),homem (0.1894),brasileiro (0.1890)
135,revela (0.1877),mistura (0.1907),calma (0.1970),firme (0.1885),brancos (0.1888)
136,tão (0.1872),práticas (0.1903),constante (0.1970),grisalhos (0.1879),castanho (0.1885)
137,cor (0.1871),sulista (0.1903),onde (0.1967),carregam (0.1877),cresci (0.1885)
138,boa (0.1867),história (0.1899),tradições (0.1966),leite (0.1874),emolduravam (0.1885)
139,própria (0.1866),casual (0.1894),alguns (0.1955),herança (0.1872),revelando (0.1884)
140,árduo (0.1865),social (0.1879),ainda (0.1947),alguns (0.1867),todos (0.1883)
141,forma (0.1854),grande (0.1876),contas (0.1947),aqui (0.1866),melhor (0.1882)
142,coloridas (0.1846),tranquilo (0.1875),profundo (0.1946),fé (0.1864),herança (0.1881)
143,alegria (0.1845),familiaridade (0.1874),possui (0.1946),cidade (0.1859),contra (0.1879)
144,morena (0.1843),pequeno (0.1869),sorriso (0.1940),reflexo (0.1859),região (0.1878)
145,gênero (0.1839),palha (0.1868),tingida (0.1936),grandes (0.1857),contam (0.1878)
146,delicados (0.1836),confortável (0.1867),povos (0.1935),refletiam (0.1856),carregada (0.1878)
147,uns (0.1833),gerais (0.1866),aprendi (0.1932),reflete (0.1854),energia (0.1871)
148,palha (0.1832),todo (0.1863),delicadeza (0.1928),voz (0.1849),tons (0.1863)
149,simplicidade (0.1831),cresci (0.1863),pesca (0.1927),vibrante (0.1848),aqui (0.1856)
150,asiática (0.1830),brasileira (0.1861),árvores (0.1921),expressivos (0.1841),escaldante (0.1855)
151,carrega (0.1828),apenas (0.1860),conheço (0.1920),região (0.1836),nordeste (0.1848)
152,jeans (0.1824),avó (0.1859),parte (0.1918),profundos (0.1835),acompanha (0.1841)
153,peças (0.1822),discreto (0.1854),segredos (0.1908),chuva (0.1834),esperança (0.1837)
154,colar (0.1809),helena (0.1851),cerrado (0.1901),salpicada (0.1832),corpo (0.1829)
155,roça (0.1806),força (0.1850),estrelas (0.1895),duro (0.1831),refletia (0.1827)
156,azul (0.1803),alegre (0.1843),sul (0.1891),inteligência (0.1831),suave (0.1824)
157,fala (0.1800),despojado (0.1842),leve (0.1890),indígena (0.1829),camisa (0.1823)
158,magro (0.1799),couro (0.1837),delicados (0.1879),suor (0.1829),samba (0.1823)
159,todo (0.1798),falar (0.1837),peito (0.1875),onde (0.1827),estilo (0.1821)
160,natureza (0.1796),tranquila (0.1836),cores (0.1871),vibrantes (0.1821),duro (0.1819)
161,saia (0.1793),onde (0.1833),direitos (0.1871),dias (0.1818),infância (0.1817)
162,acho (0.1793),familiar (0.1832),refletiam (0.1870),emolduravam (0.1816),inteligência (0.1813)
163,grossos (0.1789),nordestino (0.1830),avós (0.1869),mar (0.1816),arte (0.1812)
164,pequena (0.1782),prático (0.1826),chuva (0.1865),marca (0.1812),falar (0.1810)
165,cores (0.1776),tanto (0.1825),cerâmica (0.1854),gerações (0.1812),sobre (0.1810)
166,consigo (0.1773),naturalmente (0.1822),rituais (0.1852),africana (0.1811),própria (0.1810)
167,reflete (0.1770),têmporas (0.1821),própria (0.1847),têmporas (0.1810),pra (0.1808)
168,marcado (0.1768),calor (0.1820),água (0.1846),inabalável (0.1808),escura (0.1800)
169,postura (0.1767),casa (0.1816),mandioca (0.1842),cor (0.1806),pode (0.1795)
170,alma (0.1767),gaúcho (0.1809),mundo (0.1838),sinto (0.1805),usava (0.1795)
171,toque (0.1764),tradicional (0.1807),embora (0.1833),calça (0.1801),escuro (0.1795)
172,rica (0.1760),mim (0.1804),traços (0.1832),crespo (0.1796),alto (0.1794)
173,alto (0.1759),considero (0.1801),gênero (0.1832),aberto (0.1791),constante (0.1792)
174,japonesa (0.1757),expressões (0.1801),dignidade (0.1829),ondulados (0.1788),32 (0.1791)
175,personalidade (0.1755),postura (0.1791),consigo (0.1826),pretos (0.1780),ancestral (0.1788)
176,chapéu (0.1752),nada (0.1785),harmonia (0.1825),iara (0.1778),forma (0.1788)
177,quente (0.1751),nome (0.1771),tão (0.1822),quente (0.1778),revelava (0.1786)
178,havia (0.1746),idade (0.1768),transmitindo (0.1819),discreto (0.1774),centro (0.1778)
179,marcas (0.1744),semana (0.1768),couro (0.1816),uns (0.1773),meio (0.1776)
180,expressões (0.1742),delicado (0.1767),longo (0.1816),verão (0.1771),coque (0.1775)
181,brilho (0.1739),características (0.1763),postura (0.1814),personalidade (0.1771),dificuldades (0.1775)
182,amigos (0.1737),possui (0.1763),serenidade (0.1809),havia (0.1769),pescoço (0.1774)
183,quanto (0.1737),loiros (0.1762),ia (0.1803),coloridas (0.1768),cor (0.1773)
184,naturalmente (0.1735),cada (0.1759),guardiã (0.1799),tão (0.1767),palavras (0.1767)
185,música (0.1733),grossas (0.1756),cheiro (0.1797),sobre (0.1761),filha (0.1767)
186,brancos (0.1733),mineiro (0.1755),desfeito (0.1795),pequeno (0.1757),volumosos (0.1761)
187,pode (0.1733),opção (0.1752),marcado (0.1794),brasileiro (0.1754),jeans (0.1753)
188,forró (0.1733),calça (0.1747),serena (0.1792),expressões (0.1754),sertão (0.1746)
189,pessoas (0.1730),infância (0.1747),blusa (0.1789),revelava (0.1751),sinto (0.1743)
190,serenidade (0.1728),usava (0.1733),orgulho (0.1786),usa (0.1751),cerrado (0.1740)
191,duro (0.1724),banda (0.1733),quanto (0.1785),acompanha (0.1748),racismo (0.1739)
192,resistência (0.1723),ler (0.1733),corre (0.1782),carregada (0.1746),pouco (0.1733)
193,tanto (0.1722),ralos (0.1728),dança (0.1777),coração (0.1745),peças (0.1731)
194,desbotada (0.1717),marcado (0.1725),esperança (0.1777),roupa (0.1744),delicados (0.1726)
195,adoro (0.1715),mechas (0.1724),quase (0.1775),surrada (0.1740),longo (0.1725)
196,grisalhos (0.1714),veste (0.1722),resiliência (0.1774),conhece (0.1739),cores (0.1725)
197,muitas (0.1713),intenso (0.1722),kaiowá (0.1774),serenidade (0.1739),veste (0.1724)
198,confortáveis (0.1712),possibilidades (0.1718),guarda (0.1773),expressão (0.1739),parte (0.1724)
199,filha (0.1706),revelando (0.1715),coque (0.1767),todo (0.1733),marca (0.1723)
200,sudeste (0.1706),nasci (0.1701),tingido (0.1758),falar (0.1729),cidade (0.1718)
201,dignidade (0.1700),centro (0.1701),coração (0.1755),toque (0.1728),ora (0.1717)
202,iracema (0.1696),escuros (0.1699),motivos (0.1754),pescoço (0.1725),nasci (0.1717)
203,sabe (0.1695),café (0.1697),sobrevivência (0.1753),veste (0.1723),cacheados (0.1713)
204,uso (0.1695),podem (0.1696),natural (0.1753),amarelados (0.1719),dias (0.1712)
205,algumas (0.1692),nordestina (0.1691),outras (0.1752),gênero (0.1717),guarda (0.1711)
206,fé (0.1689),variar (0.1688),caatinga (0.1751),naturalmente (0.1716),elegância (0.1710)
207,rebeldes (0.1680),valores (0.1688),milho (0.1751),joão (0.1715),desde (0.1709)
208,origem (0.1679),aprendendo (0.1687),cultural (0.1749),contagiante (0.1714),única (0.1707)
209,fortes (0.1677),constante (0.1686),alma (0.1748),ritmo (0.1711),carrego (0.1706)
210,aprendi (0.1675),prata (0.1685),revela (0.1745),saia (0.1711),contas (0.1705)
211,estilo (0.1675),brasileiro (0.1685),riqueza (0.1743),lábios (0.1707),mar (0.1704)
212,onde (0.1674),sabe (0.1682),redor (0.1742),dificuldades (0.1703),roça (0.1702)
213,português (0.1673),roupa (0.1682),luto (0.1736),ora (0.1703),confortáveis (0.1700)
214,grossas (0.1673),curto (0.1680),delicadas (0.1735),mapa (0.1703),sulista (0.1699)
215,sardas (0.1671),brasil (0.1675),lábios (0.1731),fala (0.1699),artista (0.1697)
216,desde (0.1670),raízes (0.1674),kaingang (0.1725),geralmente (0.1699),profundos (0.1694)
217,corpo (0.1666),marcas (0.1673),respeitar (0.1724),delicado (0.1697),árduo (0.1691)
218,talvez (0.1666),botas (0.1672),português (0.1720),música (0.1697),pessoas (0.1690)
219,bronzeado (0.1664),sertão (0.1672),quietude (0.1716),infância (0.1694),pulsa (0.1690)
220,voz (0.1660),elegância (0.1658),beija (0.1716),esperança (0.1687),reflexo (0.1688)
221,expressão (0.1660),serenidade (0.1656),adornados (0.1715),centro (0.1678),pequena (0.1687)
222,faz (0.1659),coisas (0.1656),arte (0.1714),forma (0.1677),pequeno (0.1683)
223,luz (0.1659),média (0.1654),conta (0.1713),pessoas (0.1676),seca (0.1681)
224,única (0.1658),resiliência (0.1654),mesma (0.1710),magro (0.1673),consigo (0.1677)
225,longos (0.1657),sociais (0.1654),magro (0.1707),quanto (0.1672),justo (0.1677)
226,marca (0.1656),orelha (0.1653),rica (0.1706),oval (0.1671),amor (0.1672)
227,camiseta (0.1653),discretas (0.1651),tons (0.1705),32 (0.1670),gosto (0.1671)
228,largo (0.1652),desbotado (0.1648),raízes (0.1704),profundo (0.1668),espaço (0.1671)
229,japoneses (0.1651),usar (0.1648),enquanto (0.1701),brasileira (0.1667),penetrante (0.1671)
230,roupa (0.1651),tranquilidade (0.1648),muitas (0.1700),cerrado (0.1665),tão (0.1669)
231,contam (0.1650),importante (0.1648),cavalo (0.1690),desde (0.1664),emolduram (0.1669)
232,natural (0.1649),estereótipos (0.1647),apesar (0.1684),cresci (0.1662),miçangas (0.1668)
233,conhece (0.1646),reservada (0.1646),algumas (0.1683),ancestralidade (0.1661),marcada (0.1665)
234,rio (0.1644),fim (0.1640),mostram (0.1682),linhas (0.1661),emanava (0.1653)
235,parte (0.1644),tênis (0.1639),carregava (0.1681),esculpiu (0.1659),turbante (0.1650)
236,ritmo (0.1643),pescoço (0.1638),descrição (0.1660),dependendo (0.1658),desafios (0.1650)
237,humor (0.1639),certo (0.1637),escura (0.1657),suave (0.1656),aprendi (0.1648)
238,nasci (0.1637),valorizo (0.1637),expressão (0.1656),teimosa (0.1654),desbotada (0.1646)
239,aura (0.1637),finos (0.1630),manter (0.1656),nariz (0.1653),roupa (0.1642)
240,complexa (0.1636),verão (0.1630),pássaros (0.1654),qualquer (0.1652),bahia (0.1641)
241,pequeno (0.1633),corpo (0.1629),pulseiras (0.1653),lembrança (0.1652),chuva (0.1640)
242,miçangas (0.1632),cultura (0.1624),cor (0.1653),riqueza (0.1652),colar (0.1639)
243,leite (0.1631),finas (0.1623),muitos (0.1650),própria (0.1650),pingente (0.1632)
244,cidade (0.1630),arrastado (0.1623),extraídos (0.1648),filha (0.1650),todo (0.1626)
245,calça (0.1628),consigo (0.1622),inabalável (0.1647),parte (0.1650),camiseta (0.1626)
246,emoldurado (0.1625),refletem (0.1620),sereno (0.1645),miçangas (0.1642),negras (0.1619)
247,falar (0.1623),céu (0.1619),pretos (0.1634),dourado (0.1640),conhece (0.1619)
248,ancestralidade (0.1622),magro (0.1616),mim (0.1633),molhada (0.1633),mãe (0.1618)
249,herdada (0.1610),bochechas (0.1613),resiste (0.1632),silenciosa (0.1625),curtos (0.1617)
250,desbotado (0.1609),churrasco (0.1613),tecida (0.1630),tanto (0.1623),enquanto (0.1617)
251,flores (0.1607),27 (0.1613),movimento (0.1629),natural (0.1623),calma (0.1613)
252,crespos (0.1605),criado (0.1611),aberto (0.1628),natureza (0.1621),viu (0.1613)
253,prata (0.1600),cheiro (0.1607),sangue (0.1625),ensinou (0.1621),negro (0.1612)
254,pessoal (0.1600),tão (0.1593),sempre (0.1625),construção (0.1619),gênero (0.1611)
255,oeste (0.1599),havia (0.1590),herança (0.1623),tons (0.1618),veias (0.1609)
256,banhava (0.1598),parte (0.1589),contavam (0.1622),camiseta (0.1618),expressão (0.1609)
257,contrastando (0.1597),clima (0.1588),silencioso (0.1622),carrego (0.1618),construção (0.1605)
258,cheia (0.1596),literatura (0.1586),veias (0.1621),delicados (0.1612),expressões (0.1605)
259,firme (0.1593),muita (0.1585),filha (0.1620),cores (0.1602),levemente (0.1605)
260,dias (0.1592),oversized (0.1579),plantar (0.1620),contra (0.1598),kai (0.1604)
261,brilhavam (0.1592),italiana (0.1579),binária (0.1619),firmeza (0.1597),experiências (0.1603)
262,conversa (0.1591),nascido (0.1576),camisa (0.1619),sudeste (0.1596),presos (0.1602)
263,misturando (0.1591),lugar (0.1575),grisalhos (0.1616),viu (0.1596),maneira (0.1597)
264,delicadeza (0.1590),desde (0.1575),usava (0.1614),amigos (0.1590),complexa (0.1595)
265,lábios (0.1588),conversa (0.1571),cuidadosamente (0.1612),faz (0.1589),rouca (0.1595)
266,discreto (0.1587),fina (0.1569),espírito (0.1611),contadas (0.1587),sonhos (0.1595)
267,chuva (0.1586),agora (0.1566),precisa (0.1610),frouxo (0.1585),todas (0.1592)
268,crespo (0.1585),salpicadas (0.1564),colares (0.1609),ligeiramente (0.1583),havia (0.1589)
269,cultural (0.1583),ombros (0.1563),silenciosa (0.1607),melhor (0.1583),calça (0.1589)
270,aberto (0.1582),humor (0.1560),aracy (0.1601),soltos (0.1581),delicado (0.1588)
271,independente (0.1573),apresentar (0.1560),fluida (0.1600),redor (0.1580),finas (0.1586)
272,carregada (0.1573),loiro (0.1560),terrosos (0.1599),brancos (0.1579),brisa (0.1586)
273,principalmente (0.1573),reservado (0.1553),sertão (0.1598),brisa (0.1578),humor (0.1583)
274,escapando (0.1572),calças (0.1553),chama (0.1597),origem (0.1577),grossas (0.1580)
275,assim (0.1571),tom (0.1551),veste (0.1597),uso (0.1576),baiano (0.1580)
276,perspicaz (0.1570),própria (0.1550),emanava (0.1596),cheia (0.1574),povo (0.1578)
277,dedos (0.1566),quanto (0.1546),ágeis (0.1595),colar (0.1572),justiça (0.1577)
278,amarelados (0.1564),imperceptível (0.1545),feitos (0.1593),consigo (0.1568),aberto (0.1575)
279,suor (0.1563),música (0.1542),resistente (0.1589),discreta (0.1564),sociedade (0.1573)
280,discreta (0.1563),rugas (0.1542),queimada (0.1588),aprendi (0.1564),construir (0.1573)
281,litoral (0.1559),refletindo (0.1542),cidade (0.1588),esforço (0.1563),complexidade (0.1571)
282,dificuldades (0.1552),inteligência (0.1539),presença (0.1586),azul (0.1561),lembrança (0.1560)
283,cheio (0.1551),qualquer (0.1536),próxima (0.1585),cheio (0.1559),fala (0.1560)
284,ligeiramente (0.1546),conhece (0.1536),sinto (0.1584),nasci (0.1557),coroa (0.1557)
285,reflexo (0.1544),algo (0.1535),passada (0.1584),todos (0.1555),africana (0.1555)
286,mãe (0.1544),visual (0.1532),lua (0.1584),forró (0.1555),brilhantes (0.1555)
287,reflexos (0.1539),sudeste (0.1532),rabo (0.1584),quietude (0.1554),musicalidade (0.1553)
288,inabalável (0.1536),diversidade (0.1530),ler (0.1582),marcou (0.1554),valor (0.1551)
289,ancestral (0.1530),orgulho (0.1530),lutando (0.1582),tarde (0.1553),ensinou (0.1550)
290,ondulados (0.1524),único (0.1527),revelando (0.1581),assim (0.1551),lutar (0.1550)
291,teimosa (0.1524),livro (0.1526),cicatrizes (0.1578),bronzeado (0.1551),origem (0.1550)
292,estampa (0.1522),pingente (0.1526),conhecem (0.1577),palha (0.1550),social (0.1548)
293,cresci (0.1521),poucos (0.1523),talvez (0.1576),perspicaz (0.1548),power (0.1548)
294,combinada (0.1518),contam (0.1522),jenipapo (0.1575),livre (0.1546),black (0.1548)
295,toda (0.1516),resultado (0.1517),representam (0.1575),emanava (0.1544),gírias (0.1544)
296,contas (0.1516),par (0.1514),vibrantes (0.1574),27 (0.1542),silenciosa (0.1542)
297,melhor (0.1515),tardes (0.1514),representando (0.1574),sinal (0.1541),ereta (0.1539)
298,contavam (0.1514),32 (0.1513),brasil (0.1572),contavam (0.1540),poderia (0.1537)
299,contrastava (0.1513),físico (0.1513),física (0.1568),largo (0.1540),ter (0.1536)
300,todos (0.1512),estampa (0.1510),espiritualidade (0.1567),futuro (0.1539),simplicidade (0.1534)
301,serena (0.1511),enquanto (0.1509),assim (0.1566),povo (0.1532),muita (0.1534)
302,clima (0.1509),regionais (0.1507),porém (0.1566),visual (0.1530),lutaram (0.1525)
303,ascendência (0.1507),árduo (0.1507),mulheres (0.1565),muita (0.1530),jornada (0.1524)
304,todas (0.1506),paulo (0.1505),peso (0.1563),prata (0.1529),luto (0.1524)
305,ter (0.1499),vontade (0.1502),exemplo (0.1563),embora (0.1526),professora (0.1523)
306,longo (0.1495),suaves (0.1501),padrões (0.1562),penetrantes (0.1522),quanto (0.1520)
307,chama (0.1494),reflete (0.1499),longas (0.1562),delicadeza (0.1521),conceição (0.1520)
308,contava (0.1494),cores (0.1496),negro (0.1560),mesma (0.1513),fluido (0.1518)
309,povo (0.1492),aberto (0.1496),território (0.1555),confortável (0.1513),tecido (0.1518)
310,descendente (0.1492),ritmo (0.1493),cabelo (0.1554),misto (0.1512),cabeça (0.1513)
311,têmporas (0.1488),hoje (0.1493),visibilidade (0.1554),rio (0.1511),cheia (0.1507)
312,herdado (0.1487),mesma (0.1492),urucum (0.1554),antônio (0.1511),lugar (0.1507)
313,aparência (0.1485),verde (0.1490),firmeza (0.1552),humor (0.1505),andar (0.1505)
314,acompanha (0.1484),delicados (0.1488),banha (0.1551),casa (0.1505),contava (0.1502)
315,refletia (0.1483),trabalha (0.1487),vestido (0.1551),indígenas (0.1504),azul (0.1502)
316,contra (0.1483),cor (0.1486),significado (0.1548),luz (0.1499),cheios (0.1502)
317,tropical (0.1481),lidar (0.1485),brancos (0.1548),amendoados (0.1498),lábios (0.1500)
318,couro (0.1481),longo (0.1483),modernidade (0.1547),discretas (0.1497),fios (0.1498)
319,preso (0.1480),esquerda (0.1481),pequena (0.1547),sonhos (0.1496),discreto (0.1497)
320,penetrantes (0.1480),saia (0.1480),velhos (0.1546),avermelhado (0.1494),natural (0.1493)
321,marcada (0.1478),brilho (0.1480),braços (0.1546),maneira (0.1493),alguns (0.1491)
322,geralmente (0.1478),carrega (0.1478),luz (0.1544),detalhe (0.1492),palha (0.1489)
323,infância (0.1476),mão (0.1475),através (0.1544),contida (0.1491),castiga (0.1489)
324,emolduravam (0.1476),rebeldes (0.1473),rios (0.1543),elegância (0.1489),pessoal (0.1488)
325,carregam (0.1476),nordeste (0.1472),artesanal (0.1542),cachos (0.1486),segura (0.1487)
326,complexidade (0.1474),processo (0.1471),grosso (0.1541),todas (0.1484),visual (0.1487)
327,norte (0.1474),momentos (0.1471),discreto (0.1538),amor (0.1482),corrente (0.1487)
328,pingente (0.1474),dedos (0.1471),mãe (0.1537),ar (0.1479),toque (0.1486)
329,maneira (0.1474),maneira (0.1470),extratos (0.1536),resiliente (0.1478),frente (0.1484)
330,surrada (0.1472),pai (0.1470),tecidos (0.1535),algumas (0.1477),diversidade (0.1481)
331,criada (0.1471),dourado (0.1469),tudo (0.1534),dedos (0.1477),rebelde (0.1479)
332,usar (0.1470),praia (0.1469),sutil (0.1534),chapéu (0.1476),chapéu (0.1478)
333,joão (0.1469),manga (0.1465),ereta (0.1532),deixando (0.1475),experiência (0.1474)
334,grande (0.1464),sim (0.1463),lutas (0.1530),38 (0.1475),brasil (0.1474)
335,nascida (0.1464),cerveja (0.1462),carregando (0.1528),grande (0.1474),sudeste (0.1474)
336,rugas (0.1461),futebol (0.1461),ensinou (0.1527),movimentos (0.1474),marcante (0.1473)
337,gírias (0.1460),curtos (0.1458),elementos (0.1522),rugas (0.1472),quente (0.1472)
338,salpicada (0.1460),perspicaz (0.1457),evitar (0.1521),tranças (0.1470),herdada (0.1470)
339,paulo (0.1459),assim (0.1456),peças (0.1520),refletia (0.1470),chama (0.1469)
340,viu (0.1456),eclético (0.1452),adornado (0.1520),amo (0.1469),resiliente (0.1468)
341,lembrança (0.1456),gaúcha (0.1449),movimentos (0.1518),sabe (0.1467),descrição (0.1467)
342,testa (0.1455),empresa (0.1446),bordado (0.1517),mulheres (0.1459),delicadeza (0.1466)
343,ouro (0.1454),provavelmente (0.1445),vestimenta (0.1514),rica (0.1459),amigos (0.1465)
344,mão (0.1454),profissão (0.1445),tecelagem (0.1508),chama (0.1458),saudáveis (0.1464)
345,profundo (0.1450),dificuldades (0.1444),símbolos (0.1506),longa (0.1457),faz (0.1463)
346,criativa (0.1446),chama (0.1444),ailton (0.1505),práticas (0.1453),palavra (0.1462)
347,casa (0.1446),duro (0.1443),ombros (0.1500),talvez (0.1449),estereótipos (0.1457)
348,entende (0.1446),ficção (0.1442),conhecimento (0.1500),misturando (0.1445),coração (0.1456)
349,feito (0.1439),carregava (0.1442),pulsa (0.1499),marcada (0.1445),aura (0.1455)
350,frouxo (0.1436),escuro (0.1440),buriti (0.1498),caramelo (0.1445),cedo (0.1455)
351,usa (0.1436),tradição (0.1438),caça (0.1498),dedicada (0.1444),livre (0.1455)
352,curto (0.1436),dizem (0.1437),forma (0.1494),intensificam (0.1443),estampa (0.1455)
353,brasil (0.1436),conforto (0.1437),resistentes (0.1494),complexidade (0.1443),curto (0.1454)
354,mesma (0.1435),livros (0.1436),conhece (0.1491),aura (0.1443),pretas (0.1454)
355,daqueles (0.1433),sutil (0.1435),pertencente (0.1485),castiga (0.1441),presença (0.1453)
356,dedicada (0.1432),comum (0.1434),iracema (0.1485),ereta (0.1440),confiança (0.1453)
357,silenciosa (0.1426),mar (0.1433),suave (0.1485),complexa (0.1439),linhas (0.1450)
358,origens (0.1426),dias (0.1432),carrego (0.1482),oeste (0.1435),refletiam (0.1450)
359,criado (0.1424),marcada (0.1432),pra (0.1482),acolhedor (0.1433),dedos (0.1450)
360,costas (0.1424),atlético (0.1430),bordados (0.1481),mão (0.1432),talvez (0.1450)
361,lidar (0.1422),diferente (0.1430),passado (0.1481),reflexos (0.1432),grisalhos (0.1449)
362,finas (0.1422),energia (0.1429),avô (0.1481),morena (0.1431),apenas (0.1449)
363,culinária (0.1421),laura (0.1429),encaixo (0.1480),única (0.1429),detalhe (0.1446)
364,livre (0.1420),exemplo (0.1429),todos (0.1478),varia (0.1429),profunda (0.1446)
365,cara (0.1418),ana (0.1428),desde (0.1478),entrega (0.1427),molhada (0.1445)
366,pronomes (0.1417),modernas (0.1428),possível (0.1474),poeira (0.1426),estampas (0.1443)
367,veste (0.1417),prefere (0.1427),profundamente (0.1471),longo (0.1425),luz (0.1441)
368,profundamente (0.1417),contrasta (0.1425),trançado (0.1470),par (0.1425),desigualdade (0.1439)
369,tecido (0.1416),pés (0.1423),corvo (0.1469),pessoal (0.1424),cadência (0.1438)
370,longa (0.1415),beleza (0.1423),proteção (0.1468),ancestral (0.1423),mapa (0.1438)
371,ensinou (0.1415),baixo (0.1421),bordada (0.1467),cicatriz (0.1422),penetrantes (0.1436)
372,qualquer (0.1415),38 (0.1421),prefere (0.1465),nascida (0.1421),serenidade (0.1436)
373,elegância (0.1414),anel (0.1420),pés (0.1465),conversa (0.1420),contadas (0.1434)
374,fina (0.1414),passado (0.1420),aproximadamente (0.1462),desbotado (0.1419),27 (0.1433)
375,peculiar (0.1412),tipo (0.1418),corta (0.1461),lugar (0.1417),prata (0.1433)
376,acariciava (0.1411),diferentes (0.1415),identifica (0.1461),couro (0.1416),independente (0.1433)
377,esperança (0.1411),vintage (0.1415),desbotada (0.1459),imperceptível (0.1415),sabe (0.1432)
378,tons (0.1408),roça (0.1414),vegetais (0.1459),estilo (0.1414),mostra (0.1430)
379,oestina (0.1406),misturando (0.1413),kariri (0.1459),delicadas (0.1414),misturando (0.1427)
380,lembrava (0.1405),natureza (0.1412),fumaça (0.1454),coisa (0.1413),padrões (0.1424)
381,calças (0.1404),faz (0.1412),mantém (0.1453),iracema (0.1413),soltos (0.1423)
382,características (0.1404),aprendi (0.1410),defesa (0.1452),viram (0.1412),assim (0.1421)
383,melodioso (0.1403),unhas (0.1408),antigas (0.1452),momentos (0.1412),peso (0.1421)
384,fluido (0.1401),praticidade (0.1408),símbolo (0.1449),gestos (0.1411),conversa (0.1419)
385,manga (0.1400),herança (0.1407),revelam (0.1447),profundas (0.1407),firmeza (0.1415)
386,colorida (0.1397),coração (0.1407),poderia (0.1447),tranquila (0.1407),seguir (0.1413)
387,define (0.1396),espalhadas (0.1407),mão (0.1446),boca (0.1402),momentos (0.1412)
388,florais (0.1396),acompanha (0.1406),criando (0.1446),herdada (0.1401),naturalmente (0.1411)
389,emolduram (0.1394),pronomes (0.1406),águas (0.1443),nordestinas (0.1400),transmitindo (0.1409)
390,nascido (0.1393),detalhes (0.1404),alto (0.1443),criada (0.1399),lutas (0.1409)
391,expressivos (0.1390),perto (0.1404),próprias (0.1441),ombros (0.1399),rio (0.1409)
392,muita (0.1388),aura (0.1404),dia (0.1441),doçura (0.1398),exemplo (0.1407)
393,ângela (0.1387),educação (0.1403),pode (0.1439),volumosos (0.1396),protege (0.1406)
394,poderia (0.1385),rock (0.1403),ecoa (0.1438),chamam (0.1395),diária (0.1405)
395,zé (0.1379),nunca (0.1401),rugas (0.1436),longos (0.1394),mesma (0.1404)
396,comida (0.1379),porte (0.1401),reflexo (0.1436),profunda (0.1393),binário (0.1403)
397,embora (0.1378),testa (0.1399),feita (0.1430),bom (0.1392),principalmente (0.1400)
398,corrente (0.1376),rica (0.1398),cerca (0.1430),saudáveis (0.1392),dedicada (0.1400)
399,imagem (0.1369),comprida (0.1397),amazônica (0.1428),boa (0.1390),importância (0.1398)
400,típico (0.1369),alemã (0.1396),guardam (0.1426),acima (0.1388),casa (0.1398)
401,oversized (0.1368),camisetas (0.1396),contra (0.1426),comunidade (0.1388),saia (0.1397)
402,coisas (0.1366),caio (0.1395),cipó (0.1425),aparência (0.1386),canto (0.1396)
403,orelha (0.1360),honestidade (0.1394),ágil (0.1424),limpas (0.1385),vivida (0.1396)
404,detalhe (0.1360),observadora (0.1393),livre (0.1422),profundamente (0.1385),grande (0.1395)
405,ereta (0.1360),familiares (0.1393),conectada (0.1422),penetrante (0.1385),dança (0.1394)
406,verão (0.1359),cadência (0.1393),urubu (0.1422),si (0.1384),pequenas (0.1390)
407,refletindo (0.1358),mineira (0.1392),árvore (0.1419),dessa (0.1383),emaranhado (0.1390)
408,dizem (0.1358),pausada (0.1390),conhecimentos (0.1418),generoso (0.1378),zé (0.1389)
409,algo (0.1357),desbotadas (0.1389),adorna (0.1418),palavra (0.1378),feito (0.1388)
410,sim (0.1357),verdade (0.1389),calça (0.1417),nuances (0.1375),nuances (0.1387)
411,rico (0.1355),apresenta (0.1389),musculoso (0.1412),unhas (0.1375),existência (0.1386)
412,flor (0.1354),trás (0.1388),dedos (0.1412),encaixo (0.1374),natal (0.1386)
413,paixão (0.1351),binário (0.1388),tribo (0.1411),serena (0.1374),oestina (0.1383)
414,32 (0.1350),coisa (0.1387),agricultura (0.1410),bigode (0.1373),representatividade (0.1383)
415,cacheados (0.1349),brancos (0.1387),grossas (0.1407),prático (0.1371),fina (0.1382)
416,brilham (0.1349),fino (0.1386),krenak (0.1406),veias (0.1369),algumas (0.1378)
417,estampas (0.1349),escapando (0.1386),poucos (0.1406),litoral (0.1364),comida (0.1378)
418,ágeis (0.1348),corrente (0.1386),mapa (0.1401),andar (0.1364),rebeldes (0.1378)
419,carioca (0.1347),seca (0.1384),fogueira (0.1400),guarda (0.1363),respeito (0.1377)
420,tranquila (0.1347),experiência (0.1382),pequeno (0.1400),contava (0.1363),solto (0.1374)
421,falo (0.1346),pulso (0.1382),sobreposta (0.1400),coisas (0.1361),tarde (0.1373)
422,visual (0.1346),todos (0.1382),perfume (0.1398),familiar (0.1360),têmporas (0.1373)
423,misto (0.1346),pais (0.1382),lendas (0.1398),autêntica (0.1359),profundas (0.1370)
424,salgada (0.1345),construção (0.1380),preservar (0.1397),feito (0.1358),claro (0.1370)
425,mapa (0.1343),sabedoria (0.1380),munduruku (0.1395),doce (0.1357),único (0.1367)
426,fluida (0.1342),contexto (0.1377),azul (0.1395),cuidado (0.1355),desbotado (0.1366)
427,brincos (0.1341),rio (0.1377),bracelete (0.1394),curtos (0.1354),si (0.1366)
428,tarde (0.1341),dentro (0.1377),fala (0.1392),enquanto (0.1352),gestos (0.1365)
429,gestos (0.1340),silenciosa (0.1376),acompanha (0.1392),rótulos (0.1351),contrastando (0.1365)
430,individualidade (0.1339),paisagem (0.1374),horizonte (0.1391),contas (0.1349),belém (0.1364)
431,inconfundível (0.1337),experiências (0.1371),adornadas (0.1391),peso (0.1349),ombros (0.1364)
432,caramelo (0.1337),denota (0.1369),levemente (0.1390),pés (0.1348),rugas (0.1364)
433,molhada (0.1335),mãe (0.1369),lembranças (0.1390),avermelhados (0.1347),estampado (0.1363)
434,amo (0.1334),gelada (0.1369),tecidas (0.1388),desafios (0.1346),trançados (0.1361)
435,pulso (0.1334),melancolia (0.1367),seca (0.1387),define (0.1342),movimento (0.1357)
436,blusa (0.1332),indie (0.1366),sinais (0.1387),conta (0.1342),individualidade (0.1357)
437,pequenas (0.1332),melhor (0.1363),além (0.1387),pingente (0.1341),estrutural (0.1355)
438,carrego (0.1331),acima (0.1361),joão (0.1385),brinco (0.1339),hoje (0.1354)
439,amor (0.1330),outros (0.1361),raoni (0.1384),flores (0.1338),carregando (0.1354)
440,encaixo (0.1330),específica (0.1361),desenho (0.1383),valor (0.1337),ilumina (0.1354)
441,cabeça (0.1329),demonstra (0.1361),vem (0.1383),fluida (0.1337),esculpiu (0.1353)
442,sei (0.1327),piercing (0.1357),pintura (0.1382),tecido (0.1337),descrever (0.1352)
443,profundas (0.1327),escaldante (0.1356),lutar (0.1382),tonho (0.1335),natureza (0.1352)
444,canto (0.1325),herdados (0.1356),conecta (0.1380),mãe (0.1333),criatividade (0.1348)
445,ar (0.1324),próximos (0.1356),aura (0.1380),mostram (0.1330),poesia (0.1348)
446,indígena (0.1324),novas (0.1355),trabalhado (0.1380),lidar (0.1328),país (0.1347)
447,movimento (0.1323),aspectos (0.1355),artesanato (0.1379),paisagem (0.1328),estilos (0.1347)
448,sociedade (0.1322),naturalidade (0.1351),onça (0.1379),português (0.1326),dessa (0.1346)
449,soltos (0.1322),maior (0.1351),ar (0.1378),independente (0.1325),nascida (0.1346)
450,profunda (0.1321),começando (0.1351),havia (0.1376),arte (0.1324),redor (0.1345)
451,nariz (0.1320),poucas (0.1351),braço (0.1375),implacável (0.1323),conta (0.1342)
452,delicadas (0.1320),ambiente (0.1351),contadas (0.1375),busca (0.1321),tanto (0.1341)
453,arte (0.1320),chimarrão (0.1350),testemunho (0.1374),canto (0.1320),fruto (0.1338)
454,coado (0.1320),emolduravam (0.1349),calças (0.1374),pulsa (0.1320),preconceito (0.1336)
455,nuances (0.1317),vibrante (0.1348),lembrança (0.1373),herdado (0.1319),carioca (0.1336)
456,brinco (0.1313),vestidos (0.1347),costumes (0.1371),beija (0.1318),norte (0.1334)
457,solto (0.1312),castiga (0.1345),aqui (0.1371),estampa (0.1318),iracema (0.1333)
458,cadência (0.1312),óculos (0.1345),penetrante (0.1370),flor (0.1317),profundamente (0.1331)
459,sulista (0.1310),gastas (0.1344),32 (0.1369),experiências (0.1316),discreta (0.1331)
460,profundos (0.1309),frouxo (0.1343),acolhe (0.1368),fim (0.1314),ancestrais (0.1329)
461,fim (0.1308),entender (0.1341),observavam (0.1366),brincos (0.1314),paraense (0.1327)
462,movimentos (0.1305),redor (0.1340),cura (0.1366),marcante (0.1312),ecoa (0.1326)
463,local (0.1303),cuidado (0.1339),camiseta (0.1366),falo (0.1310),pai (0.1325)
464,jornada (0.1302),trabalhador (0.1338),amazônia (0.1364),acostumado (0.1310),uso (0.1325)
465,denunciava (0.1301),melodioso (0.1338),iá (0.1363),mostrar (0.1308),dependendo (0.1323)
466,binário (0.1301),linhas (0.1334),respeitada (0.1360),sentir (0.1308),construída (0.1322)
467,ver (0.1300),expressar (0.1334),ensinamentos (0.1360),calças (0.1306),abraça (0.1322)
468,chamam (0.1299),herdado (0.1333),grande (0.1359),capaz (0.1305),embora (0.1319)
469,indígenas (0.1298),bermuda (0.1332),cestos (0.1358),mato (0.1303),38 (0.1319)
470,redor (0.1298),dedicada (0.1330),poços (0.1357),paixão (0.1302),diariamente (0.1315)
471,resiliente (0.1296),grupo (0.1330),família (0.1356),pequenas (0.1301),quietude (0.1315)
472,lugar (0.1293),tons (0.1329),imagine (0.1354),perseverança (0.1301),minas (0.1313)
473,deixava (0.1293),colar (0.1327),dentro (0.1353),filho (0.1301),criada (0.1313)
474,arroz (0.1292),emolduram (0.1326),físicas (0.1353),blusa (0.1299),expressar (0.1312)
475,areia (0.1290),brinco (0.1323),antiga (0.1351),toda (0.1298),flores (0.1311)
476,doçura (0.1290),fé (0.1323),escuro (0.1351),mostra (0.1296),longa (0.1310)
477,sonhos (0.1289),navegar (0.1323),contava (0.1350),entende (0.1295),criativa (0.1307)
478,doce (0.1286),prosa (0.1321),pescar (0.1349),esquerda (0.1293),paixão (0.1307)
479,herdados (0.1286),isabela (0.1321),arco (0.1348),lembranças (0.1293),perfume (0.1307)
480,autêntica (0.1286),tarde (0.1321),antigos (0.1347),porém (0.1292),contrasta (0.1307)
481,pai (0.1286),grisalho (0.1321),curam (0.1347),afeto (0.1291),tenta (0.1306)
482,padrões (0.1283),gestos (0.1319),generalizações (0.1346),pode (0.1289),forró (0.1304)
483,quietude (0.1283),pintadas (0.1318),folhas (0.1346),volumoso (0.1287),inconfundível (0.1304)
484,pro (0.1283),dedo (0.1317),ari (0.1343),contrastando (0.1286),possibilidades (0.1303)
485,implacável (0.1282),esverdeados (0.1317),mato (0.1338),frequentemente (0.1286),frequentemente (0.1303)
486,poucos (0.1281),sugere (0.1317),silêncio (0.1337),modernas (0.1285),mão (0.1302)
487,sutil (0.1280),comuns (0.1316),único (0.1336),contrastava (0.1285),igualdade (0.1302)
488,aprendendo (0.1279),busca (0.1315),dessa (0.1335),cru (0.1281),geração (0.1301)
489,aisha (0.1279),tradições (0.1315),contato (0.1334),principalmente (0.1280),locais (0.1299)
490,tranquilidade (0.1278),penteados (0.1314),22 (0.1333),familiaridade (0.1279),familiar (0.1298)
491,rótulos (0.1276),palavra (0.1313),características (0.1332),sandálias (0.1278),dentro (0.1297)
492,motivos (0.1273),padrões (0.1311),finos (0.1330),lutar (0.1278),limpa (0.1297)
493,construção (0.1268),altura (0.1310),trama (0.1329),limpa (0.1277),acessórios (0.1296)
494,culturas (0.1267),proteger (0.1309),protege (0.1328),filhos (0.1277),vermelha (0.1296)
495,musicalidade (0.1266),firmeza (0.1307),caçar (0.1327),acho (0.1276),trajetória (0.1296)
496,campo (0.1266),maria (0.1306),marca (0.1327),praticidade (0.1275),cuidado (0.1296)
497,confortável (0.1265),esforço (0.1305),filhos (0.1325),gírias (0.1274),sangue (0.1295)
498,natal (0.1265),norte (0.1304),pende (0.1325),possui (0.1274),roda (0.1295)
499,único (0.1264),geral (0.1303),presente (0.1324),musicalidade (0.1273),ouro (0.1295)
500,familiar (0.1262),refletiam (0.1303),fictício (0.1323),confiança (0.1272),espírito (0.1294)
501,firmeza (0.1262),toda (0.1303),cintura (0.1322),manga (0.1272),esforço (0.1294)
502,poeira (0.1262),designer (0.1301),espiritual (0.1321),testa (0.1269),liberdade (0.1293)
503,iara (0.1262),muitos (0.1301),si (0.1318),africanos (0.1269),verão (0.1292)
504,alex (0.1261),reflexo (0.1301),idade (0.1317),criativa (0.1268),escola (0.1291)
505,possui (0.1261),45 (0.1300),viram (0.1317),chão (0.1268),destreza (0.1290)
506,desafios (0.1261),cresceu (0.1300),palavras (0.1317),próprio (0.1268),desgastados (0.1290)
507,ora (0.1260),costumam (0.1298),liberdade (0.1316),cedo (0.1266),brilhavam (0.1290)
508,vestida (0.1260),complexa (0.1296),fogo (0.1312),escapando (0.1265),marcou (0.1288)
509,si (0.1259),exposição (0.1296),energia (0.1312),expressar (0.1265),dá (0.1287)
510,mulheres (0.1257),alguém (0.1294),costas (0.1312),criado (0.1265),elegante (0.1286)
511,porém (0.1256),luta (0.1294),pois (0.1312),revelam (0.1264),melodiosa (0.1282)
512,fazer (0.1255),vocabulário (0.1293),reflete (0.1311),pro (0.1264),brinco (0.1281)
513,pés (0.1255),possivelmente (0.1293),trabalhos (0.1306),conexão (0.1263),gesto (0.1281)
514,prosa (0.1253),denunciava (0.1291),vivo (0.1306),natal (0.1261),características (0.1280)
515,liberdade (0.1250),contrastando (0.1291),maior (0.1303),fina (0.1261),surrada (0.1278)
516,próprio (0.1250),desgastada (0.1290),atividades (0.1303),autenticidade (0.1260),coisa (0.1276)
517,japonês (0.1249),posso (0.1289),lã (0.1302),diária (0.1258),refletindo (0.1276)
518,lento (0.1248),generalizações (0.1289),transmite (0.1302),preso (0.1258),uns (0.1275)
519,feijão (0.1247),zé (0.1289),flui (0.1302),presença (0.1257),unhas (0.1275)
520,mundinho (0.1247),goiânia (0.1287),fluidez (0.1301),vento (0.1256),guia (0.1275)
521,27 (0.1247),revelava (0.1286),representa (0.1300),lento (0.1256),som (0.1274)
522,acolhedor (0.1246),horas (0.1284),jornadas (0.1298),fruto (0.1255),oportunidades (0.1273)
523,mostra (0.1245),juiz (0.1282),dentes (0.1297),espaço (0.1254),amarelados (0.1273)
524,som (0.1245),horizonte (0.1282),intenso (0.1297),estampada (0.1254),impulsiona (0.1271)
525,ouvir (0.1244),atento (0.1282),elu (0.1297),abraço (0.1254),pública (0.1269)
526,esculpiu (0.1243),herdada (0.1281),dias (0.1296),comigo (0.1253),negritude (0.1269)
527,saudáveis (0.1243),deixa (0.1281),esculpido (0.1295),lutas (0.1253),move (0.1269)
528,completa (0.1243),surrada (0.1280),nordestino (0.1295),nuca (0.1253),ouvindo (0.1268)
529,piercing (0.1242),observador (0.1279),dor (0.1295),rebelde (0.1253),longas (0.1268)
530,carregando (0.1242),mapa (0.1279),sopra (0.1293),solto (0.1252),inclusivo (0.1268)
531,esforço (0.1242),perfil (0.1277),aroma (0.1293),deixava (0.1251),doce (0.1265)
532,comunidade (0.1241),individualidade (0.1276),habilidade (0.1293),atlético (0.1250),confortável (0.1263)
533,calmo (0.1237),ascendência (0.1276),fibra (0.1293),carregando (0.1249),complexo (0.1263)
534,entrega (0.1237),gosta (0.1276),adornos (0.1293),movimento (0.1248),poder (0.1262)
535,expressar (0.1236),longos (0.1275),frutos (0.1293),tradicionais (0.1246),moldou (0.1256)
536,futuro (0.1234),senso (0.1274),tatuagens (0.1292),sutil (0.1246),eclética (0.1256)
537,liso (0.1234),lento (0.1274),faixa (0.1291),ter (0.1245),melodia (0.1254)
538,crescer (0.1231),oeste (0.1272),beira (0.1291),orelha (0.1245),foco (0.1251)
539,gesto (0.1230),acostumado (0.1271),físico (0.1290),franco (0.1243),sutil (0.1249)
540,unhas (0.1229),misto (0.1271),infância (0.1287),cadência (0.1243),possui (0.1249)
541,alguém (0.1228),aparente (0.1271),castiga (0.1287),cheios (0.1242),melodioso (0.1248)
542,linhas (0.1228),pretos (0.1270),perto (0.1287),nascido (0.1242),corre (0.1248)
543,veias (0.1227),dessa (0.1269),existência (0.1287),algo (0.1241),pará (0.1244)
544,detalhes (0.1226),política (0.1269),gravadas (0.1284),caminho (0.1240),contavam (0.1244)
545,peso (0.1225),frequentemente (0.1269),mechas (0.1283),sul (0.1240),bom (0.1244)
546,deixando (0.1225),alma (0.1269),adornava (0.1280),mostravam (0.1240),cresceu (0.1244)
547,presente (0.1224),alta (0.1267),descansava (0.1278),denuncia (0.1238),através (0.1243)
548,cedo (0.1224),tatuagem (0.1267),transcende (0.1278),escapar (0.1236),conquistas (0.1243)
549,conexão (0.1224),porém (0.1267),vermelho (0.1277),sabor (0.1233),direitos (0.1243)
550,bordado (0.1223),outra (0.1266),noites (0.1277),úmida (0.1231),geralmente (0.1242)
551,pé (0.1221),contra (0.1266),sagrados (0.1275),vermelha (0.1231),demonstra (0.1241)
552,teimoso (0.1221),perceptível (0.1265),importante (0.1275),fumo (0.1227),capaz (0.1241)
553,castiga (0.1219),relação (0.1265),feijão (0.1274),ceará (0.1226),perspicaz (0.1241)
554,fumo (0.1218),imagem (0.1264),meio (0.1273),grisalho (0.1226),próprio (0.1240)
555,vestia (0.1218),poeira (0.1264),sussurro (0.1272),deixo (0.1226),orelha (0.1239)
556,diversidade (0.1217),ligeiramente (0.1263),após (0.1270),poucas (0.1226),trançado (0.1237)
557,palavra (0.1217),fortes (0.1263),ferramentas (0.1270),costuma (0.1226),longos (0.1236)
558,protegia (0.1217),parece (0.1262),profundas (0.1269),luto (0.1224),sei (0.1236)
559,vermelha (0.1216),falo (0.1262),teia (0.1267),aguçada (0.1224),generoso (0.1234)
560,vintage (0.1213),papo (0.1262),racha (0.1267),naturalidade (0.1224),piercing (0.1234)
561,despojado (0.1213),detalhe (0.1261),tranças (0.1265),adoro (0.1223),completa (0.1233)
562,hoje (0.1213),científica (0.1261),sociedade (0.1265),construir (0.1223),peculiar (0.1233)
563,boca (0.1213),barba (0.1260),jurema (0.1264),longas (0.1222),delicadas (0.1233)
564,caíam (0.1212),ensinou (0.1259),imperceptível (0.1264),dizem (0.1222),teimosa (0.1231)
565,experiência (0.1212),bate (0.1259),outros (0.1264),segurança (0.1221),poeira (0.1230)
566,capaz (0.1212),lembrança (0.1258),roupa (0.1263),padrões (0.1219),transfobia (0.1230)
567,mato (0.1211),gírias (0.1258),tradicional (0.1262),botas (0.1218),sabor (0.1229)
568,clara (0.1209),varanda (0.1257),passadas (0.1261),lavagens (0.1217),paulo (0.1229)
569,gelada (0.1209),viu (0.1256),define (0.1260),finos (0.1217),dona (0.1229)
570,mostravam (0.1209),local (0.1256),sentir (0.1258),pai (0.1217),salpicado (0.1229)
571,valor (0.1208),peculiar (0.1256),caíam (0.1257),generosa (0.1216),detalhes (0.1228)
572,ligação (0.1207),marcou (0.1256),firmes (0.1256),especialmente (0.1216),autodescoberta (0.1226)
573,juazeiro (0.1206),depende (0.1255),paisagem (0.1256),frente (0.1216),garra (0.1225)
574,verdade (0.1206),característica (0.1255),rachada (0.1256),luna (0.1215),movimentos (0.1225)
575,imigrantes (0.1206),aparecer (0.1252),nuca (0.1252),piercing (0.1214),referências (0.1225)
576,ancestrais (0.1206),soltos (0.1251),guardião (0.1251),pulso (0.1213),brincadeiras (0.1224)
577,dependendo (0.1205),vestuário (0.1251),sandálias (0.1251),leveza (0.1213),lembranças (0.1224)
578,misturado (0.1204),regional (0.1250),caixas (0.1251),resultado (0.1213),cheias (0.1224)
579,tradicionais (0.1202),precisa (0.1249),nascer (0.1249),mineiro (0.1211),pintadas (0.1223)
580,água (0.1202),ouro (0.1249),mistura (0.1249),aprendendo (0.1209),exuberante (0.1223)
581,dentro (0.1202),irônico (0.1249),tom (0.1249),barba (0.1209),misturado (0.1223)
582,imenso (0.1202),chuva (0.1248),imponente (0.1248),moldou (0.1209),fluida (0.1222)
583,autenticidade (0.1200),independência (0.1248),mostravam (0.1248),grosso (0.1208),nariz (0.1219)
584,grosso (0.1200),realidade (0.1247),castanho (0.1246),experiência (0.1208),adoro (0.1217)
585,experiências (0.1200),formal (0.1245),caem (0.1246),pulseiras (0.1207),negros (0.1216)
586,cru (0.1199),algum (0.1244),colete (0.1245),cabeça (0.1207),pés (0.1214)
587,raimundo (0.1199),guarda (0.1244),antes (0.1245),perto (0.1207),magro (0.1214)
588,fluidez (0.1199),voz (0.1243),escapando (0.1244),guardavam (0.1207),goiás (0.1213)
589,larga (0.1198),profissional (0.1242),desta (0.1243),fresco (0.1206),anéis (0.1212)
590,belém (0.1198),origens (0.1241),estrelado (0.1242),melodia (0.1205),abraço (0.1212)
591,sangue (0.1196),paixão (0.1241),pulso (0.1238),braçal (0.1203),entende (0.1212)
592,praia (0.1196),típico (0.1240),ritmo (0.1238),ágeis (0.1203),afeto (0.1209)
593,carregavam (0.1195),gráfico (0.1237),preparar (0.1236),braços (0.1203),honesto (0.1209)
594,paraense (0.1195),contrastava (0.1236),cristalina (0.1236),limpo (0.1203),ar (0.1207)
595,eclética (0.1195),profundas (0.1236),confortáveis (0.1233),professora (0.1203),sul (0.1207)
596,práticas (0.1194),firme (0.1236),demonstra (0.1232),vivida (0.1203),lidar (0.1206)
597,descrever (0.1194),sereno (0.1236),geralmente (0.1231),liberdade (0.1201),segurança (0.1205)
598,caju (0.1192),descrever (0.1235),tipo (0.1230),manu (0.1200),inteligente (0.1204)
599,sul (0.1192),lembranças (0.1235),vibrante (0.1230),acredito (0.1199),pássaros (0.1204)
600,disso (0.1190),leves (0.1234),habilidosas (0.1229),começam (0.1199),oversized (0.1203)
601,símbolo (0.1188),completa (0.1233),testa (0.1229),físico (0.1198),silencioso (0.1202)
602,trabalhador (0.1186),aceitação (0.1232),planta (0.1229),campo (0.1197),quero (0.1202)
603,vieram (0.1185),vibrantes (0.1232),elo (0.1229),comida (0.1196),escrita (0.1200)
604,escapar (0.1185),resumo (0.1232),entremeados (0.1228),paciência (0.1196),comigo (0.1199)
605,andar (0.1185),andróginas (0.1232),cordão (0.1228),espírito (0.1193),doçura (0.1198)
606,lá (0.1185),lgbtqia (0.1229),imensa (0.1227),usar (0.1192),risos (0.1195)
607,abraça (0.1184),âmbar (0.1228),viver (0.1227),sangue (0.1192),par (0.1195)
608,salpicado (0.1183),sandálias (0.1228),intrincados (0.1226),fazer (0.1191),colorido (0.1194)
609,acima (0.1182),longas (0.1227),lá (0.1226),nele (0.1191),gerais (0.1194)
610,discretas (0.1182),assistir (0.1226),reside (0.1225),parece (0.1191),presente (0.1193)
611,sementes (0.1182),buscando (0.1225),cicatriz (0.1225),curtas (0.1191),bronzeado (0.1193)
612,confiança (0.1182),conversas (0.1224),ciclo (0.1224),ana (0.1190),cultural (0.1192)
613,transparecia (0.1182),flor (0.1224),resultado (0.1222),construída (0.1190),bordado (0.1191)
614,encontra (0.1181),leal (0.1224),emoldurado (0.1221),transparece (0.1190),batida (0.1191)
615,pintadas (0.1180),carregam (0.1223),utiliza (0.1220),vivo (0.1189),manga (0.1190)
616,conta (0.1179),oestina (0.1223),pronomes (0.1218),corrente (0.1188),aparência (0.1190)
617,observava (0.1178),fazer (0.1222),binário (0.1217),combinada (0.1186),determinação (0.1189)
618,luto (0.1177),arte (0.1222),futuras (0.1216),despojado (0.1185),teimoso (0.1188)
619,contrasta (0.1177),mostrar (0.1222),continua (0.1216),ilumina (0.1184),usar (0.1187)
620,pulseiras (0.1177),típicas (0.1221),acho (0.1215),importância (0.1183),brilham (0.1186)
621,suaves (0.1177),lado (0.1221),complexa (0.1214),caixinhas (0.1182),outros (0.1186)
622,contadas (0.1176),translúcida (0.1219),alegria (0.1212),origens (0.1182),acima (0.1186)
623,estampado (0.1176),filhos (0.1216),lembrando (0.1211),ascendência (0.1177),herdei (0.1186)
624,artesanal (0.1176),traço (0.1216),lembrar (0.1211),sobrevivência (0.1177),igualitário (0.1186)
625,respeito (0.1175),rural (0.1216),remédios (0.1211),social (0.1176),rua (0.1186)
626,idade (0.1175),sinal (0.1216),polidos (0.1211),gesto (0.1176),únicas (0.1186)
627,firmes (0.1174),profundo (0.1216),velha (0.1210),cansaço (0.1176),nunca (0.1185)
628,ah (0.1173),entrega (0.1215),falo (0.1209),presente (0.1174),sim (0.1185)
629,né (0.1173),presente (0.1215),possam (0.1208),contrasta (0.1173),tradicionais (0.1183)
630,baiano (0.1173),dez (0.1212),feito (0.1208),curto (0.1172),contar (0.1182)
631,graça (0.1172),existe (0.1212),expressa (0.1207),mostrando (0.1170),precisa (0.1182)
632,balançava (0.1172),autodescoberta (0.1211),corporal (0.1206),maçãs (0.1170),busca (0.1180)
633,viva (0.1171),prática (0.1211),terroso (0.1205),bate (0.1170),desgastada (0.1180)
634,apenas (0.1169),pausado (0.1210),jeans (0.1204),bahia (0.1169),testa (0.1180)
635,professora (0.1169),acessórios (0.1209),terrosas (0.1202),simplesmente (0.1169),seguro (0.1179)
636,hora (0.1169),arquiteta (0.1209),esculpiu (0.1202),oestina (0.1169),depende (0.1179)
637,cresceu (0.1167),companhia (0.1209),fina (0.1202),diariamente (0.1169),texturas (0.1179)
638,bronze (0.1166),influência (0.1209),nasci (0.1200),âmbar (0.1168),feijão (0.1179)
639,emoldurarem (0.1165),carregada (0.1207),ensinaram (0.1200),justiça (0.1168),chamam (0.1179)
640,caatinga (0.1165),fazenda (0.1207),flecha (0.1196),transmitindo (0.1166),passo (0.1177)
641,busca (0.1164),marca (0.1207),próximo (0.1196),ligação (0.1164),expressa (0.1176)
642,generosa (0.1164),criada (0.1207),impostos (0.1195),começando (0.1164),conhecimento (0.1176)
643,verde (0.1163),atividades (0.1206),contrasta (0.1193),emaranhado (0.1164),serena (0.1175)
644,espírito (0.1163),próprio (0.1205),materna (0.1193),enfrentar (0.1162),sobrevivência (0.1173)
645,apaixonada (0.1160),culturais (0.1205),vive (0.1193),pássaros (0.1162),crescer (0.1173)
646,lembravam (0.1159),suor (0.1205),poncho (0.1192),escola (0.1162),algo (0.1172)
647,marcou (0.1159),serena (0.1204),carregado (0.1192),sociedade (0.1161),filhos (0.1172)
648,moldou (0.1159),outro (0.1204),andar (0.1192),verde (0.1159),tonho (0.1170)
649,sabor (0.1159),deixando (0.1203),rústico (0.1192),individualidade (0.1158),lgbtqia (0.1170)
650,frente (0.1158),acinzentado (0.1203),lgbtqia (0.1190),madeira (0.1158),afirmação (0.1170)
651,modernas (0.1158),argola (0.1203),escaldante (0.1188),disso (0.1158),maria (0.1169)
652,maior (0.1158),cacheados (0.1203),banhava (0.1186),emoldurado (0.1157),passada (0.1168)
653,acarajé (0.1158),tradicionais (0.1203),ciclos (0.1186),larga (0.1156),ah (0.1168)
654,avós (0.1156),coturnos (0.1202),pedaço (0.1184),completa (0.1155),conexão (0.1168)
655,corre (0.1156),conta (0.1201),criar (0.1182),colorida (0.1155),brincos (0.1167)
656,resistente (0.1156),ereta (0.1201),xocó (0.1182),insiste (0.1154),construindo (0.1167)
657,rebelde (0.1154),larga (0.1201),perda (0.1182),levo (0.1154),vento (0.1166)
658,jasmim (0.1154),tentando (0.1200),carregada (0.1181),falta (0.1153),sobreviveram (0.1166)
659,coisa (0.1154),quente (0.1199),cercava (0.1180),poesia (0.1152),sociais (0.1166)
660,lgbtqia (0.1152),ir (0.1199),escuras (0.1179),isadora (0.1152),pulso (0.1165)
661,abraço (0.1151),locais (0.1199),dependendo (0.1179),paulo (0.1151),oeste (0.1164)
662,anel (0.1151),ocasião (0.1198),reconhecer (0.1178),encontra (0.1150),memória (0.1164)
663,retrato (0.1150),natural (0.1198),curar (0.1178),justo (0.1150),discretas (0.1163)
664,tatuagem (0.1150),quietude (0.1197),delicado (0.1176),cordão (0.1149),formato (0.1161)
665,arrastado (0.1150),preciso (0.1196),molhada (0.1176),pintadas (0.1149),goiânia (0.1161)
666,africana (0.1150),maçãs (0.1195),algo (0.1175),caatinga (0.1149),contrastava (0.1159)
667,semana (0.1149),aberta (0.1194),neta (0.1174),passada (0.1148),carinho (0.1157)
668,melodiosa (0.1148),cansados (0.1194),interior (0.1173),carregavam (0.1148),física (0.1157)
669,regional (0.1148),domingo (0.1194),poderosa (0.1173),misturado (0.1147),porque (0.1156)
670,outro (0.1147),costumes (0.1192),rede (0.1173),escura (0.1146),define (0.1156)
671,maioria (0.1147),daquela (0.1192),união (0.1172),poucos (0.1146),imenso (0.1156)
672,ombros (0.1146),espaço (0.1192),essência (0.1170),binário (0.1146),joão (0.1155)
673,através (0.1145),culturas (0.1192),canta (0.1169),imenso (0.1143),acarajé (0.1155)
674,compridas (0.1145),grandes (0.1191),entanto (0.1168),pintou (0.1142),emoldurado (0.1154)
675,típicas (0.1141),jogo (0.1191),pássaro (0.1168),apaixonada (0.1141),festas (0.1153)
676,escaldava (0.1141),claras (0.1191),aparência (0.1166),move (0.1141),muitos (0.1151)
677,sensibilidade (0.1141),nortista (0.1191),chamem (0.1166),salgada (0.1141),união (0.1151)
678,iluminava (0.1140),neutros (0.1189),redes (0.1166),prendo (0.1140),usando (0.1151)
679,limpas (0.1140),rasteirinhas (0.1189),tecendo (0.1165),ver (0.1139),trabalha (0.1150)
680,grandes (0.1140),sociedade (0.1189),criaram (0.1165),segura (0.1139),determinada (0.1149)
681,pôr (0.1138),lábios (0.1189),gêneros (0.1163),volta (0.1139),superação (0.1148)
682,deixa (0.1138),filha (0.1188),fácil (0.1163),despontar (0.1139),vem (0.1147)
683,vez (0.1138),desafios (0.1188),tarde (0.1162),sutis (0.1138),população (0.1147)
684,anéis (0.1137),molhada (0.1187),pouco (0.1162),agora (0.1138),mineiro (0.1146)
685,sentir (0.1136),profundamente (0.1187),emolduram (0.1162),guardam (0.1138),combinada (0.1146)
686,moderno (0.1136),volta (0.1186),inquebrantável (0.1162),pública (0.1138),estampada (0.1146)
687,brilhava (0.1135),poderiam (0.1186),porque (0.1160),silencioso (0.1136),aroma (0.1146)
688,sertaneja (0.1134),dentes (0.1186),colher (0.1159),expressivo (0.1136),leveza (0.1145)
689,queimado (0.1134),28 (0.1186),milenar (0.1158),ouvir (0.1136),conversas (0.1144)
690,outros (0.1133),mediana (0.1181),palha (0.1158),seguro (0.1135),cicatrizes (0.1144)
691,nordestinas (0.1133),relativamente (0.1180),matas (0.1157),brasil (0.1135),flor (0.1144)
692,expressa (0.1132),revelam (0.1180),contida (0.1156),labuta (0.1134),cru (0.1144)
693,característica (0.1131),pequenas (0.1180),sinal (0.1155),calmo (0.1134),beija (0.1141)
694,entender (0.1131),calmo (0.1180),sagrado (0.1154),tranquilidade (0.1134),ambiente (0.1141)
695,nuca (0.1130),paciência (0.1178),larga (0.1152),crescer (0.1134),braços (0.1140)
696,banda (0.1130),mochila (0.1177),dedicada (0.1152),suaves (0.1134),toda (0.1139)
697,falava (0.1130),litoral (0.1176),pinturas (0.1151),sugere (0.1133),motivos (0.1139)
698,pássaros (0.1129),alguma (0.1176),lembram (0.1150),denota (0.1132),balançava (0.1138)
699,curtos (0.1129),rotina (0.1175),fazer (0.1150),causticante (0.1131),salvador (0.1138)
700,poesia (0.1128),emanava (0.1175),herdado (0.1148),teimosia (0.1131),fresco (0.1137)
701,cuiabá (0.1128),usando (0.1174),proteger (0.1148),negro (0.1131),intensidade (0.1135)
702,guarda (0.1127),transmite (0.1174),preto (0.1148),saudade (0.1130),alagoas (0.1135)
703,daqui (0.1127),menos (0.1174),defensora (0.1146),dentro (0.1129),nascido (0.1135)
704,nenhum (0.1127),aprender (0.1172),decorado (0.1146),expressa (0.1128),revelam (0.1135)
705,perto (0.1127),questões (0.1172),argila (0.1145),completam (0.1128),lutando (0.1134)
706,longas (0.1125),moderno (0.1171),detalhes (0.1145),vontade (0.1128),goiano (0.1132)
707,dessa (0.1125),influências (0.1170),pessoa (0.1144),adquirida (0.1128),opção (0.1131)
708,acessórios (0.1124),vez (0.1170),familiar (0.1144),fluidez (0.1128),celebração (0.1129)
709,chamo (0.1123),contida (0.1169),misturam (0.1142),resistente (0.1127),português (0.1129)
710,estampada (0.1123),dignidade (0.1169),representação (0.1138),marrom (0.1127),alunos (0.1129)
711,acostumado (0.1122),domingos (0.1169),simplicidade (0.1138),verdade (0.1126),juninas (0.1128)
712,comprida (0.1122),coloridas (0.1168),brilham (0.1137),honesto (0.1126),mostravam (0.1128)
713,acaricia (0.1122),comunidade (0.1168),tenta (0.1137),dança (0.1125),modernas (0.1127)
714,ambiente (0.1120),ocasiões (0.1167),tukano (0.1137),conforto (0.1124),adornados (0.1126)
715,cerveja (0.1120),jornada (0.1167),sagrada (0.1135),balançava (0.1123),transmite (0.1126)
716,batia (0.1120),online (0.1167),tapajós (0.1135),muda (0.1123),olhares (0.1124)
717,mechas (0.1120),física (0.1167),danças (0.1135),deixa (0.1121),atlético (0.1124)
718,paciência (0.1119),acolhedor (0.1165),culturais (0.1132),melancolia (0.1121),verdade (0.1124)
719,filhos (0.1119),sentir (0.1165),brasileiro (0.1132),muitos (0.1120),volta (0.1124)
720,pareciam (0.1119),possíveis (0.1164),complexidade (0.1131),arrebitado (0.1119),criado (0.1124)
721,sinal (0.1118),europeia (0.1164),brisa (0.1131),civil (0.1118),transborda (0.1123)
722,lembranças (0.1118),desgastados (0.1164),velhas (0.1131),sei (0.1118),além (0.1123)
723,brim (0.1118),enorme (0.1164),mantendo (0.1130),goiano (0.1116),pulseiras (0.1122)
724,contida (0.1117),tecido (0.1161),paz (0.1130),outro (0.1116),orgulhosa (0.1121)
725,além (0.1116),inabalável (0.1160),única (0.1129),detalhes (0.1115),dançar (0.1120)
726,transmitindo (0.1114),permite (0.1160),conectado (0.1128),refletindo (0.1113),mostram (0.1119)
727,nunca (0.1113),natal (0.1159),feitas (0.1128),respeito (0.1113),ágeis (0.1119)
728,samba (0.1113),formais (0.1158),visto (0.1128),adversidades (0.1112),acredito (0.1116)
729,penetrante (0.1112),contavam (0.1158),práticas (0.1126),denunciava (0.1112),terrosos (0.1115)
730,generoso (0.1111),penetrantes (0.1157),brilho (0.1126),perfume (0.1112),brilha (0.1115)
731,inteira (0.1110),engenheiro (0.1157),fio (0.1125),hoje (0.1112),essência (0.1115)
732,paisagem (0.1110),viram (0.1156),existe (0.1124),guia (0.1111),reside (0.1114)
733,goiânia (0.1109),senti (0.1156),vez (0.1124),observador (0.1109),ruas (0.1113)
734,descrição (0.1109),nascida (0.1156),podemos (0.1124),culinária (0.1108),completam (0.1113)
735,literatura (0.1108),especialmente (0.1155),erva (0.1123),único (0.1108),cicatriz (0.1113)
736,completava (0.1108),amor (0.1154),protegem (0.1121),sombra (0.1107),couro (0.1113)
737,tranças (0.1107),projetos (0.1154),calmo (0.1121),adorna (0.1107),colorida (0.1113)
738,botas (0.1107),manual (0.1154),cestaria (0.1121),falavam (0.1105),entender (0.1112)
739,cheios (0.1107),devido (0.1154),podem (0.1116),prosa (0.1104),mostrar (0.1112)
740,simplesmente (0.1104),delicadas (0.1153),palma (0.1113),corre (0.1104),outra (0.1112)
741,ralos (0.1104),movimentos (0.1152),polida (0.1112),artista (0.1103),tranquila (0.1112)
742,coloridos (0.1104),romances (0.1151),caminhos (0.1111),firmes (0.1103),idade (0.1111)
743,regionais (0.1104),liberdade (0.1150),frio (0.1111),clima (0.1102),significado (0.1110)
744,singular (0.1103),manter (0.1150),prata (0.1109),desgastada (0.1101),guardam (0.1109)
745,caixinhas (0.1103),crescido (0.1150),rachava (0.1109),teimosos (0.1100),fundamental (0.1108)
746,santos (0.1103),cozinhar (0.1149),maioria (0.1108),demonstra (0.1099),culinária (0.1108)
747,inteiro (0.1102),português (0.1149),caía (0.1108),cultural (0.1098),deixa (0.1106)
748,portuguesa (0.1100),tô (0.1148),casca (0.1106),despretensioso (0.1097),acolhedor (0.1106)
749,fresco (0.1100),denuncia (0.1148),observa (0.1105),jornadas (0.1097),diante (0.1106)
750,vive (0.1099),única (0.1148),cantigas (0.1105),misturada (0.1096),28 (0.1105)
751,herdei (0.1099),formada (0.1148),crianças (0.1103),dá (0.1096),insistiu (0.1103)
752,passado (0.1098),vermelha (0.1147),tinta (0.1103),fino (0.1096),firmes (0.1102)
753,valorizo (0.1098),preso (0.1147),alimentos (0.1103),criança (0.1095),implacável (0.1102)
754,locais (0.1098),grossos (0.1147),davi (0.1103),destreza (0.1095),noite (0.1102)
755,tradições (0.1098),finais (0.1147),coisas (0.1102),pedra (0.1095),tantas (0.1102)
756,negro (0.1098),cheio (0.1147),nutre (0.1102),mel (0.1093),outro (0.1101)
757,adornava (0.1098),nuances (0.1147),faz (0.1101),acessórios (0.1092),pareciam (0.1101)
758,acobreados (0.1097),quê (0.1146),construir (0.1101),daqui (0.1092),anya (0.1100)
759,chamar (0.1097),evitar (0.1145),cordas (0.1100),sensibilidade (0.1091),capacidade (0.1099)
760,comigo (0.1096),teimosos (0.1144),trança (0.1098),goiânia (0.1091),caixinhas (0.1099)
761,pará (0.1096),sei (0.1143),sudeste (0.1096),ouvindo (0.1090),existir (0.1097)
762,consegue (0.1094),define (0.1143),lisos (0.1096),direitos (0.1090),opressão (0.1097)
763,marcante (0.1093),grupos (0.1141),têmporas (0.1096),comprida (0.1090),elementos (0.1096)
764,emoldurava (0.1093),possível (0.1140),tanto (0.1095),água (0.1089),encontro (0.1096)
765,veio (0.1092),completamente (0.1139),árdua (0.1095),local (0.1089),cearense (0.1096)
766,grisalho (0.1092),fluido (0.1139),colheitas (0.1095),despenteados (0.1089),caminho (0.1095)
767,poderiam (0.1092),entanto (0.1138),novas (0.1094),nascer (0.1088),encontra (0.1095)
768,quê (0.1090),amigável (0.1136),tece (0.1093),transmite (0.1088),tranquilidade (0.1095)
769,pernambuco (0.1089),capital (0.1136),francisco (0.1093),melodioso (0.1088),calças (0.1094)
770,multifacetada (0.1089),rua (0.1136),completa (0.1093),eclética (0.1087),amo (0.1094)
771,costuma (0.1088),conhecimento (0.1135),pena (0.1092),carioca (0.1086),calmo (0.1094)
772,contar (0.1087),falta (0.1133),festas (0.1092),essência (0.1086),consegue (0.1092)
773,segurança (0.1087),trabalhadora (0.1133),qualquer (0.1092),rodeada (0.1086),úmida (0.1091)
774,diferente (0.1087),bege (0.1133),tristeza (0.1091),abraça (0.1084),iluminava (0.1090)
775,influências (0.1087),amarelados (0.1132),dificuldades (0.1090),quarenta (0.1083),aprendendo (0.1090)
776,mostrando (0.1085),nesse (0.1132),moviam (0.1090),asfalto (0.1083),parecia (0.1089)
777,vivo (0.1084),ondulado (0.1131),equatorial (0.1090),gastas (0.1083),local (0.1089)
778,igual (0.1084),ressaltar (0.1131),caminho (0.1088),estampado (0.1082),rap (0.1088)
779,misturada (0.1084),gerações (0.1131),tanga (0.1088),oversized (0.1082),autenticidade (0.1087)
780,adorna (0.1084),comportamento (0.1131),encantados (0.1087),existência (0.1082),torto (0.1086)
781,aroma (0.1083),cecília (0.1130),apresenta (0.1086),tantas (0.1082),imagem (0.1086)
782,sobrevivência (0.1082),teimosa (0.1130),esquerdo (0.1086),fluido (0.1081),expressando (0.1085)
783,bastante (0.1082),daqueles (0.1129),emana (0.1085),artesanal (0.1081),peito (0.1085)
784,melodias (0.1081),cinquenta (0.1129),parecia (0.1084),herdei (0.1081),viram (0.1085)
785,momentos (0.1080),si (0.1129),igual (0.1084),rouca (0.1081),suavemente (0.1085)
786,leveza (0.1080),fruto (0.1128),xingu (0.1083),samba (0.1081),fim (0.1084)
787,lutas (0.1079),direito (0.1127),emolduravam (0.1083),ah (0.1080),autoconfiança (0.1084)
788,tardes (0.1079),ideias (0.1127),castanhos (0.1082),falava (0.1080),emoldura (0.1084)
789,perfeitos (0.1079),explicar (0.1127),pareciam (0.1082),valorizar (0.1079),jornadas (0.1083)
790,mostrar (0.1077),agricultura (0.1126),adquirida (0.1081),trouxe (0.1079),boa (0.1082)
791,perfume (0.1076),floral (0.1126),adorno (0.1080),idade (0.1078),familiaridade (0.1081)
792,autodescoberta (0.1076),polo (0.1126),caminhadas (0.1080),maior (0.1078),aula (0.1081)
793,rock (0.1076),população (0.1125),crucial (0.1078),transcende (0.1077),ouvir (0.1081)
794,criatividade (0.1074),despretensioso (0.1125),alimenta (0.1078),daqueles (0.1077),evitar (0.1080)
795,elegante (0.1073),delicadeza (0.1125),cabeça (0.1077),sulista (0.1077),encaixo (0.1080)
796,brasileiras (0.1072),autenticidade (0.1125),linhagem (0.1077),misturam (0.1076),levo (0.1079)
797,plantações (0.1070),preto (0.1124),diferentes (0.1076),argola (0.1074),amar (0.1079)
798,acolhedora (0.1070),costuma (0.1124),expressivos (0.1076),argila (0.1073),acostumado (0.1078)
799,trás (0.1070),campo (0.1123),pessoal (0.1076),jornada (0.1072),buscando (0.1078)
800,observador (0.1068),linho (0.1122),possibilidade (0.1075),nada (0.1072),escapando (0.1076)
801,construída (0.1068),cabeça (0.1122),homens (0.1075),cara (0.1072),tardes (0.1076)
802,dar (0.1067),contato (0.1122),semente (0.1075),gelada (0.1071),carregavam (0.1075)
803,revelam (0.1066),despenteados (0.1121),respeita (0.1074),noites (0.1071),individuais (0.1074)
804,pintava (0.1066),tecnologia (0.1120),marcados (0.1074),protege (0.1071),especialmente (0.1073)
805,par (0.1066),caminhadas (0.1120),sendo (0.1071),regionais (0.1070),quintal (0.1073)
806,tradição (0.1065),lembrar (0.1119),xucuru (0.1071),estampas (0.1069),dizem (0.1073)
807,atrapalhar (0.1064),vivida (0.1118),pankararu (0.1071),bronze (0.1066),largos (0.1073)
808,floral (0.1064),manhã (0.1118),direito (0.1071),alex (0.1066),erguida (0.1071)
809,presença (0.1064),inteira (0.1118),fé (0.1071),tento (0.1065),enfrenta (0.1071)
810,franco (0.1064),amo (0.1117),cima (0.1071),aroma (0.1065),lembram (0.1070)
811,beija (0.1064),beatriz (0.1117),tato (0.1070),insistem (0.1063),densos (0.1070)
812,frequentemente (0.1063),amizade (0.1117),todas (0.1069),tatuagem (0.1063),brilhava (0.1070)
813,argola (0.1062),rótulos (0.1116),apagar (0.1069),bochechas (0.1063),sandálias (0.1070)
814,nada (0.1062),mantém (0.1116),falam (0.1068),emoldura (0.1062),fortalece (0.1070)
815,revelavam (0.1061),rico (0.1115),ora (0.1067),anel (0.1062),cadenciado (0.1070)
816,asa (0.1061),dourados (0.1114),preso (0.1067),minas (0.1061),misto (0.1068)
817,baixo (0.1061),civil (0.1113),pingente (0.1066),arrastado (0.1061),generalizações (0.1068)
818,maria (0.1060),ex (0.1113),rebeldes (0.1066),expectativas (0.1059),adorna (0.1066)
819,próprias (0.1060),neutras (0.1113),desafios (0.1065),dureza (0.1059),tênis (0.1066)
820,determinação (0.1059),quarenta (0.1110),usando (0.1065),geração (0.1058),criar (0.1064)
821,usando (0.1059),jardim (0.1109),agora (0.1064),teimoso (0.1058),insiste (0.1064)
822,trazia (0.1058),correria (0.1109),cai (0.1064),além (0.1058),sinal (0.1063)
823,indelével (0.1058),geográfica (0.1109),cuidar (0.1063),entender (0.1058),limpas (0.1062)
824,volta (0.1058),vasta (0.1109),celebrada (0.1063),lábio (0.1057),símbolo (0.1062)
825,aí (0.1057),sugeria (0.1108),ostenta (0.1062),passado (0.1056),naturalidade (0.1061)
826,pega (0.1057),carinho (0.1107),materiais (0.1061),quentes (0.1056),costas (0.1060)
827,devagar (0.1057),estado (0.1107),chamo (0.1059),prefere (0.1055),ceará (0.1060)
828,gastas (0.1056),disfarçar (0.1107),sonhos (0.1058),cerveja (0.1054),zeca (0.1060)
829,esquerda (0.1055),apaixonada (0.1107),brasileira (0.1058),trabalhadora (0.1051),perseverança (0.1059)
830,resultado (0.1054),blusa (0.1106),pertencimento (0.1058),sertaneja (0.1051),preconceitos (0.1059)
831,artista (0.1053),mostram (0.1105),plantando (0.1057),humano (0.1050),aprendeu (0.1059)
832,prefiro (0.1053),chinelos (0.1105),esquerda (0.1057),costumam (0.1049),aline (0.1058)
833,referências (0.1053),cortados (0.1105),23 (0.1057),pronomes (0.1047),acumulada (0.1057)
834,passada (0.1052),complexidade (0.1104),ambiente (0.1056),horizonte (0.1046),profissão (0.1056)
835,silencioso (0.1052),herdei (0.1104),justiça (0.1056),tranquilo (0.1046),antirracista (0.1055)
836,melodia (0.1051),ouvir (0.1104),lembra (0.1056),inconfundível (0.1044),intensamente (0.1055)
837,espaço (0.1050),criativa (0.1103),contemporâneas (0.1056),28 (0.1043),juazeiro (0.1055)
838,personificação (0.1050),luz (0.1103),contrastava (0.1055),cresceu (0.1043),labuta (0.1054)
839,paciente (0.1049),pessoais (0.1103),trinta (0.1055),atrapalhar (0.1042),axé (0.1053)
840,feira (0.1049),nenhum (0.1103),agilidade (0.1055),avô (0.1042),influências (0.1053)
841,protege (0.1047),paz (0.1103),definições (0.1055),revelavam (0.1041),rótulos (0.1053)
842,desgastados (0.1046),sombra (0.1102),calor (0.1055),brilham (0.1041),vivo (0.1052)
843,trançado (0.1046),passar (0.1102),melhor (0.1054),vi (0.1041),teima (0.1052)
844,cozinhar (0.1046),dona (0.1102),identificar (0.1054),formato (0.1039),avós (0.1051)
845,navegar (0.1046),doce (0.1099),seres (0.1053),através (0.1037),antepassados (0.1051)
846,sereno (0.1045),transmitem (0.1097),oferece (0.1053),juazeiro (0.1037),tento (0.1051)
847,perseverança (0.1045),disso (0.1097),responsabilidade (0.1053),transparecia (0.1037),mantém (0.1051)
848,especialmente (0.1045),acolhedora (0.1095),conectam (0.1052),preciso (0.1036),lento (0.1050)
849,ceará (0.1045),jovem (0.1095),atento (0.1051),locais (0.1035),anel (0.1048)
850,queimada (0.1045),passada (0.1095),costumo (0.1051),feijão (0.1034),ligação (0.1047)
851,fruto (0.1042),conservador (0.1094),individualidade (0.1050),festa (0.1034),entrega (0.1047)
852,conversar (0.1042),casaco (0.1094),gesto (0.1050),singular (0.1032),aisha (0.1047)
853,diária (0.1041),luto (0.1093),vestes (0.1050),herdados (0.1032),porém (0.1046)
854,poucas (0.1040),descobrindo (0.1092),compridas (0.1050),terrosos (0.1032),vi (0.1045)
855,chão (0.1039),direto (0.1092),etnias (0.1050),ler (0.1030),transformar (0.1044)
856,exuberante (0.1038),cedo (0.1091),resiliente (0.1049),sociais (0.1030),direito (0.1043)
857,depende (0.1038),fresco (0.1091),vai (0.1049),compartilhar (0.1030),especial (0.1041)
858,plantar (0.1038),chamam (0.1091),nativa (0.1048),teima (0.1030),sentir (0.1041)
859,chinesa (0.1037),rachou (0.1091),vestimentas (0.1048),capacidade (0.1029),sala (0.1040)
860,cachos (0.1035),confesso (0.1090),poder (0.1048),seguir (0.1028),dourado (0.1040)
861,ondulado (0.1035),podendo (0.1090),27 (0.1047),nesse (0.1027),blusa (0.1039)
862,transmitia (0.1035),antes (0.1090),centro (0.1047),alguma (0.1027),indomável (0.1039)
863,segura (0.1034),escapar (0.1089),bronzeado (0.1047),sim (0.1026),filho (0.1038)
864,sandálias (0.1034),né (0.1087),graça (0.1047),raiz (0.1025),solidariedade (0.1038)
865,posso (0.1034),exemplos (0.1086),esculpidas (0.1046),retrato (0.1025),diferentes (0.1037)
866,causticante (0.1033),genética (0.1086),sim (0.1044),nunca (0.1025),maior (0.1037)
867,38 (0.1033),peso (0.1085),atlântica (0.1044),união (0.1023),poucos (0.1037)
868,sabores (0.1033),estatura (0.1084),artista (0.1044),alunos (0.1023),parece (0.1037)
869,úmido (0.1033),acredito (0.1082),salpicada (0.1043),carregadas (0.1022),resistente (0.1036)
870,parecia (0.1032),carrego (0.1082),saudáveis (0.1043),jasmim (0.1022),deixo (0.1035)
871,visto (0.1032),antigo (0.1082),cheia (0.1043),mangueiras (0.1021),coloridos (0.1035)
872,bahia (0.1031),tingidos (0.1082),coisa (0.1042),aprendeu (0.1021),adversidades (0.1035)
873,risada (0.1031),passo (0.1081),próprio (0.1042),conversar (0.1020),injustiça (0.1035)
874,elu (0.1031),professora (0.1080),suavemente (0.1040),festas (0.1020),viver (0.1035)
875,prático (0.1030),vestir (0.1079),lutamos (0.1039),quê (0.1019),contida (0.1034)
876,acredito (0.1030),próximo (0.1079),vejo (0.1039),física (0.1018),vez (0.1034)
877,vento (0.1030),inteligente (0.1077),outra (0.1039),vem (0.1018),sombra (0.1034)
878,essência (0.1029),belo (0.1077),gestos (0.1039),enxada (0.1018),iá (0.1033)
879,ninguém (0.1029),honesto (0.1076),filho (0.1038),plantando (0.1017),feitos (0.1031)
880,geração (0.1029),vento (0.1076),ornamentava (0.1036),inclusivo (0.1015),riso (0.1030)
881,dança (0.1029),sulistas (0.1075),pajé (0.1035),zeca (0.1015),paciência (0.1030)
882,deus (0.1028),ralo (0.1075),dourado (0.1035),viola (0.1014),enfrentou (0.1030)
883,dourada (0.1028),entende (0.1075),nó (0.1033),indomável (0.1013),nesse (0.1030)
884,guaraná (0.1027),silêncio (0.1075),invisível (0.1033),diversidade (0.1012),africanas (0.1029)
885,influência (0.1027),boca (0.1073),tatuagem (0.1033),avós (0.1012),simplesmente (0.1029)
886,colher (0.1027),crescer (0.1073),objetos (0.1032),trabalhador (0.1011),cozinhar (0.1029)
887,formato (0.1026),mente (0.1072),adornada (0.1032),após (0.1010),florais (0.1029)
888,vestidos (0.1026),especiais (0.1071),binários (0.1032),pareciam (0.1010),deixava (0.1028)
889,regata (0.1026),desgastado (0.1070),importância (0.1030),município (0.1009),visibilidade (0.1028)
890,precisar (0.1026),privilégios (0.1070),legado (0.1030),ancestrais (0.1009),próprias (0.1028)
891,dura (0.1026),todas (0.1068),largos (0.1028),elaboradas (0.1009),autêntica (0.1028)
892,peito (0.1025),editora (0.1067),dançar (0.1028),prefiro (0.1008),graça (0.1028)
893,descansava (0.1025),carioca (0.1067),confortável (0.1028),ia (0.1008),jasmim (0.1025)
894,exemplo (0.1025),simplesmente (0.1067),utilizando (0.1027),transmitem (0.1006),chamo (0.1025)
895,exibia (0.1022),fluida (0.1067),vivas (0.1026),combinando (0.1006),esquerda (0.1025)
896,ler (0.1021),mostra (0.1067),caixinhas (0.1026),próximo (0.1005),guerreira (0.1025)
897,tranquilo (0.1021),enrugada (0.1066),muita (0.1024),praia (0.1005),ver (0.1024)
898,afeto (0.1020),queimada (0.1066),solto (0.1023),marcados (0.1005),descansava (0.1024)
899,honesto (0.1020),escaldava (0.1066),guia (0.1022),lembram (0.1004),bairro (0.1024)
900,representatividade (0.1020),específico (0.1065),demonstram (0.1022),certa (0.1004),verde (0.1023)
901,estereótipos (0.1020),cartilagem (0.1065),tentam (0.1021),trazia (0.1004),ecoava (0.1023)
902,torto (0.1020),rodeada (0.1064),capazes (0.1021),costas (0.1003),conforto (0.1023)
903,colorido (0.1019),paisagens (0.1064),lugar (0.1021),suavemente (0.1003),desenhar (0.1022)
904,individuais (0.1019),urbana (0.1063),cantar (0.1018),vestida (0.1003),herdado (0.1021)
905,adversidades (0.1019),anotações (0.1063),implacável (0.1018),testemunho (0.1003),traço (0.1021)
906,agora (0.1019),prender (0.1062),jê (0.1017),maioria (0.1002),pretos (0.1021)
907,sutis (0.1018),tenta (0.1062),recuperação (0.1017),iluminava (0.1002),apaixonada (0.1021)
908,encaixar (0.1018),trabalhando (0.1062),chapéu (0.1017),domar (0.1002),lembra (0.1020)
909,conhecia (0.1018),cinema (0.1060),canções (0.1015),brilhava (0.1001),la (0.1019)
910,eclético (0.1017),aro (0.1060),habitam (0.1015),antigo (0.1001),expressivo (0.1018)
911,tento (0.1016),confiante (0.1060),irá (0.1015),denotam (0.1000),juba (0.1017)
912,insiste (0.1016),encontro (0.1060),simplesmente (0.1014),cactos (0.1000),transcende (0.1017)
913,cheias (0.1016),engajada (0.1060),peça (0.1014),representatividade (0.0999),manifesta (0.1017)
914,racha (0.1016),dois (0.1059),avermelhado (0.1014),areia (0.0999),confiante (0.1017)
915,confiante (0.1016),insistem (0.1059),revelava (0.1013),acompanham (0.0998),compartilhar (0.1017)
916,limpa (0.1015),brechós (0.1058),deixando (0.1013),lgbtqia (0.0998),risadas (0.1016)
917,açaí (0.1015),ironia (0.1057),pernas (0.1012),humilde (0.0998),misturam (0.1016)
918,despretensioso (0.1014),desbotados (0.1056),estereótipos (0.1012),anéis (0.0997),celebrar (0.1015)
919,demonstrava (0.1014),esmalte (0.1056),move (0.1012),próprias (0.0997),podem (0.1015)
920,discretamente (0.1012),parecia (0.1054),continuar (0.1011),caía (0.0997),físicas (0.1015)
921,cuidado (0.1012),expectativas (0.1054),preciso (0.1010),som (0.0997),sensibilidade (0.1014)
922,move (0.1012),ninguém (0.1054),enxada (0.1010),intensidade (0.0996),pé (0.1013)
923,alegrias (0.1012),curiosidade (0.1053),usar (0.1009),visibilidade (0.0996),imensa (0.1012)
924,papo (0.1008),ondas (0.1052),semblante (0.1009),peculiar (0.0995),retrato (0.1012)
925,esmalte (0.1008),solar (0.1052),carregar (0.1009),manifesta (0.0995),caixas (0.1011)
926,suavemente (0.1007),cheia (0.1052),traço (0.1008),memória (0.0993),dor (0.1011)
927,viveu (0.1006),esconde (0.1051),descalços (0.1008),bagunçado (0.0993),escorre (0.1010)
928,adquirida (0.1006),autêntica (0.1051),acostumado (0.1008),cuidadas (0.0992),pagode (0.1010)
929,orgulhosa (0.1006),criatividade (0.1050),pessoas (0.1007),menino (0.0992),argila (0.1010)
930,pulsa (0.1005),uberlândia (0.1050),confecção (0.1007),ex (0.0992),fino (0.1010)
931,pequenos (0.1005),gado (0.1050),colorido (0.1006),florais (0.0992),nordestinas (0.1009)
932,goiano (0.1005),elegante (0.1049),cheios (0.1005),caíam (0.0992),carregadas (0.1009)
933,atlético (0.1005),relaxada (0.1049),cesto (0.1004),lembrava (0.0990),boca (0.1008)
934,imperceptível (0.1004),ativa (0.1049),demonstrando (0.1004),determinação (0.0989),viveu (0.1008)
935,irradiavam (0.1002),brincando (0.1049),curva (0.1003),orelhas (0.0989),radiante (0.1008)
936,vestir (0.1002),caminho (0.1048),emaranhado (0.1003),risadas (0.0989),praia (0.1007)
937,falta (0.1002),curiosa (0.1047),flores (0.1002),atento (0.0987),colheita (0.1007)
938,dois (0.1001),respeito (0.1047),continue (0.1002),estradas (0.0986),testemunho (0.1006)
939,braços (0.1000),sertaneja (0.1046),luas (0.1002),motivos (0.0985),adquirida (0.1005)
940,viagem (0.1000),salpicada (0.1046),flor (0.1001),curiosidade (0.0984),poderosa (0.1005)
941,misturam (0.1000),típica (0.1046),autêntica (0.0999),emana (0.0984),sertaneja (0.1004)
942,inglês (0.1000),construída (0.1045),contando (0.0998),coado (0.0984),aguçada (0.1004)
943,proteger (0.0999),cansaço (0.1044),transmitem (0.0998),fazia (0.0984),fértil (0.1004)
944,árida (0.0999),pedra (0.1043),wapichana (0.0998),gerais (0.0983),estrelas (0.1004)
945,lado (0.0998),cicatriz (0.1043),coleta (0.0998),grafites (0.0982),falava (0.1004)
946,masculino (0.0998),marcante (0.1043),nhandeva (0.0998),hora (0.0982),boné (0.1001)
947,dizia (0.0998),futuro (0.1042),taquara (0.0998),emoldurarem (0.0982),baiana (0.1000)
948,direito (0.0996),encaixo (0.1040),diante (0.0997),amanhecer (0.0981),jovem (0.1000)
949,viram (0.0995),segura (0.1040),acumulada (0.0997),outros (0.0981),nortista (0.1000)
950,florida (0.0995),queijo (0.1039),contrastando (0.0997),peito (0.0981),denota (0.0999)
951,comunicativa (0.0994),tomando (0.1039),intrincado (0.0997),índio (0.0980),úmido (0.0999)
952,raiz (0.0994),contradições (0.1039),fruto (0.0996),prática (0.0980),deixar (0.0999)
953,física (0.0994),textura (0.1039),inúmeras (0.0996),juninas (0.0980),realidade (0.0998)
954,avermelhados (0.0993),verões (0.1039),ter (0.0994),dois (0.0980),impecavelmente (0.0998)
955,forjada (0.0993),formação (0.1038),maciez (0.0994),encaixar (0.0980),disso (0.0998)
956,importante (0.0993),nuca (0.1038),hábeis (0.0993),plantações (0.0979),contemporâneas (0.0997)
957,desajeitado (0.0993),diversas (0.1038),tira (0.0992),visto (0.0979),práticas (0.0996)
958,bate (0.0993),combinando (0.1038),metal (0.0992),ano (0.0979),franco (0.0996)
959,traço (0.0990),miçangas (0.1038),saberes (0.0992),maria (0.0978),homens (0.0996)
960,roda (0.0987),laços (0.1037),coruja (0.0992),alguém (0.0978),difíceis (0.0996)
961,acompanhava (0.0987),estereótipo (0.1037),cesta (0.0992),cheias (0.0978),preso (0.0996)
962,brechós (0.0987),extrovertida (0.1036),impostas (0.0992),pôr (0.0978),fazer (0.0994)
963,país (0.0986),olhares (0.1035),brim (0.0992),viagem (0.0977),conecta (0.0993)
964,amazônica (0.0986),sente (0.1035),curto (0.0991),desafiam (0.0977),pausado (0.0991)
965,brincando (0.0986),adorna (0.1034),sombra (0.0991),umidade (0.0977),exige (0.0991)
966,pedra (0.0986),segurança (0.1034),vamos (0.0990),invisível (0.0977),modernidade (0.0990)
967,delicada (0.0985),sapatos (0.1034),tingidos (0.0990),essencial (0.0976),madeira (0.0990)
968,bordada (0.0984),queimado (0.1033),ligada (0.0990),pega (0.0975),medo (0.0989)
969,apresentava (0.0984),encontra (0.1033),pintava (0.0989),brasilidade (0.0975),ligeiramente (0.0988)
970,tô (0.0984),abro (0.1033),gentil (0.0987),ambiente (0.0974),lembro (0.0987)
971,muitos (0.0984),tendências (0.1033),selecionados (0.0987),multifacetada (0.0974),escravizados (0.0987)
972,caía (0.0983),reserva (0.1033),começam (0.0986),criatividade (0.0974),tô (0.0986)
973,mangas (0.0983),missa (0.1032),elegância (0.0986),ralos (0.0974),lutou (0.0986)
974,seco (0.0982),construir (0.1031),traje (0.0985),estilos (0.0974),desafiam (0.0985)
975,físico (0.0982),etc (0.1031),duro (0.0984),paisagens (0.0972),singular (0.0984)
976,jornadas (0.0982),chão (0.1031),fundamental (0.0984),tímido (0.0972),neta (0.0982)
977,complicado (0.0982),vive (0.1030),45 (0.0983),símbolo (0.0972),pente (0.0982)
978,ilumina (0.0981),individuais (0.1030),norte (0.0983),forjada (0.0971),invisível (0.0981)
979,faço (0.0980),flores (0.1029),formas (0.0982),desajeitado (0.0970),alguém (0.0981)
980,tá (0.0980),contadas (0.1029),encontra (0.0982),norte (0.0970),fortaleza (0.0981)
981,escola (0.0980),administração (0.1029),pai (0.0982),desgastado (0.0969),multifacetada (0.0981)
982,cicatriz (0.0980),vinho (0.1029),expressar (0.0982),regional (0.0969),regionais (0.0980)
983,tipo (0.0979),areia (0.1029),herdei (0.0981),bronzeia (0.0969),exemplos (0.0980)
984,pontuada (0.0979),afinal (0.1028),rouca (0.0981),cicatrizes (0.0968),estudante (0.0979)
985,emoldurados (0.0978),entendem (0.1028),memórias (0.0980),precisar (0.0968),ecoam (0.0978)
986,identidades (0.0978),expressa (0.1028),existem (0.0979),pausado (0.0968),fumo (0.0978)
987,cuidadas (0.0977),hobbies (0.1028),opressão (0.0979),léo (0.0967),poucas (0.0978)
988,maduro (0.0977),bigode (0.1027),artesanalmente (0.0978),tradição (0.0967),expectativas (0.0978)
989,horizonte (0.0977),passados (0.1027),binárias (0.0978),solidariedade (0.0967),poderiam (0.0977)
990,criando (0.0977),ilustrar (0.1026),fulni (0.0978),goiás (0.0967),forjada (0.0977)
991,resistentes (0.0977),preocupações (0.1026),admiração (0.0976),pardas (0.0966),morena (0.0977)
992,expectativas (0.0976),longa (0.1026),leveza (0.0976),mechas (0.0966),transmitem (0.0976)
993,próximo (0.0976),menino (0.1025),mostra (0.0976),roda (0.0966),elaboradas (0.0976)
994,tênis (0.0976),inconfundível (0.1025),sutis (0.0975),sente (0.0965),pintou (0.0976)
995,tímido (0.0975),comunicativa (0.1024),mostrar (0.0975),recém (0.0965),certeza (0.0974)
996,brilhantes (0.0975),europeus (0.1024),cheio (0.0975),dançar (0.0964),ajuda (0.0974)
997,cabra (0.0974),interesses (0.1024),detalhe (0.0974),cantos (0.0964),viva (0.0973)
998,noite (0.0974),transmitindo (0.1024),querem (0.0973),cravou (0.0964),guerreiras (0.0973)
999,lembram (0.0973),fundo (0.1023),permanece (0.0973),enfrentou (0.0963),transparecia (0.0972)
1000,texturas (0.0972),goiana (0.1023),realidade (0.0972),manhã (0.0962),acho (0.0971)
1001,praticidade (0.0972),valorizar (0.1023),uns (0.0972),indelével (0.0962),contrastam (0.0971)
1002,daquelas (0.0971),elu (0.1023),animal (0.0972),vestir (0.0962),enxada (0.0970)
1003,processo (0.0971),reflexos (0.1023),margens (0.0969),anya (0.0961),emoldurava (0.0969)
1004,alunos (0.0970),avô (0.1022),possivelmente (0.0969),oportunidades (0.0961),tecidos (0.0969)
1005,brincava (0.0970),varia (0.1022),poderiam (0.0969),vivacidade (0.0961),repente (0.0968)
1006,elementos (0.0969),sensibilidade (0.1022),causa (0.0968),mangas (0.0961),vestir (0.0968)
1007,desgastada (0.0969),relógio (0.1022),fino (0.0968),mineira (0.0961),bronze (0.0967)
1008,construir (0.0968),maquiagem (0.1022),sulcos (0.0967),semblante (0.0961),cacau (0.0966)
1009,recém (0.0968),magra (0.1022),evocam (0.0967),tenta (0.0960),cansaço (0.0966)
1010,madeira (0.0967),ver (0.1018),idioma (0.0962),paraense (0.0960),inteiro (0.0966)
1011,peça (0.0966),brasília (0.1018),face (0.0961),feminina (0.0960),ricas (0.0965)
1012,bigode (0.0966),cru (0.1018),pedra (0.0961),lutaram (0.0959),campo (0.0964)
1013,luiza (0.0965),esperança (0.1016),tecem (0.0961),enfrenta (0.0959),completamente (0.0964)
1014,ouvindo (0.0965),menina (0.1016),ligeiramente (0.0960),ondas (0.0958),cacho (0.0964)
1015,asfalto (0.0964),delicada (0.1016),cresceu (0.0960),reservado (0.0958),perto (0.0963)
1016,jardim (0.0963),guardo (0.1016),entendem (0.0959),emoldurados (0.0957),materiais (0.0963)
1017,típicos (0.0963),cuidar (0.1015),seguir (0.0958),rua (0.0957),construiu (0.0963)
1018,pintando (0.0963),lendo (0.1015),permitem (0.0958),rotina (0.0956),tropeiro (0.0963)
1019,completamente (0.0962),hora (0.1013),dispostos (0.0957),bordado (0.0956),encaixa (0.0963)
1020,trançados (0.0961),compreensão (0.1012),refletindo (0.0957),sobrancelha (0.0956),algum (0.0962)
1021,moreninha (0.0961),sendo (0.1012),saias (0.0957),contar (0.0956),emoldurados (0.0962)
1022,feliz (0.0960),faciais (0.1010),28 (0.0956),direto (0.0955),mecânico (0.0962)
1023,falando (0.0960),xadrez (0.1008),ventos (0.0955),tristeza (0.0955),cuidadas (0.0961)
1024,lutar (0.0959),corte (0.1007),algum (0.0955),cozinhar (0.0954),tatuagem (0.0960)
1025,estilos (0.0959),doçura (0.1007),falar (0.0954),nordestinos (0.0954),ninguém (0.0960)
1026,senhor (0.0959),ligada (0.1006),precisão (0.0954),engajada (0.0952),moderno (0.0959)
1027,importância (0.0958),cuidadas (0.1006),ipê (0.0953),conforme (0.0952),comunicativa (0.0959)
1028,aprender (0.0958),tatuagens (0.1006),sofre (0.0953),abraçar (0.0952),calejados (0.0959)
1029,enfrentar (0.0958),antônio (0.1004),sigo (0.0953),feira (0.0951),alegrias (0.0959)
1030,amuleto (0.0958),silencioso (0.1004),jaci (0.0952),largos (0.0950),ato (0.0958)
1031,vem (0.0958),demonstrando (0.1004),pajés (0.0952),belém (0.0950),fio (0.0958)
1032,valorizar (0.0957),eventos (0.1003),difícil (0.0952),significado (0.0950),falo (0.0958)
1033,pego (0.0957),viajar (0.1003),existir (0.0951),marcadas (0.0950),trouxe (0.0956)
1034,caleidoscópio (0.0957),brisa (0.1003),brincava (0.0951),desgastados (0.0949),mostrando (0.0955)
1035,familiares (0.0957),morando (0.1002),discreta (0.0951),brilhavam (0.0949),coado (0.0954)
1036,língua (0.0957),compridos (0.1002),toda (0.0949),ajuda (0.0948),risada (0.0954)
1037,testemunho (0.0956),diversa (0.1001),lugares (0.0948),colorido (0.0948),base (0.0954)
1038,calejados (0.0956),inverno (0.1001),pedras (0.0948),conheço (0.0947),ler (0.0953)
1039,conversas (0.0956),cerrado (0.1001),irmãos (0.0948),usando (0.0947),tijolo (0.0952)
1040,totalmente (0.0955),pão (0.0999),pequenos (0.0948),orgulhosa (0.0947),determinado (0.0952)
1041,humano (0.0955),defeitos (0.0999),segura (0.0947),construindo (0.0947),oval (0.0952)
1042,típica (0.0955),faculdade (0.0999),preserva (0.0946),vestuário (0.0947),formas (0.0951)
1043,pintou (0.0955),goiás (0.0999),guerreiros (0.0946),sabores (0.0947),paz (0.0951)
1044,trabalha (0.0955),mangueiras (0.0999),encontro (0.0946),pesado (0.0947),apertados (0.0951)
1045,completam (0.0954),sinais (0.0998),branco (0.0946),indefinida (0.0945),orgulhoso (0.0951)
1046,branca (0.0954),escritório (0.0998),acolhedor (0.0945),adversidade (0.0945),encaixar (0.0950)
1047,buscando (0.0953),moreno (0.0998),buscando (0.0945),batalhadora (0.0945),sendo (0.0950)
1048,justo (0.0953),50 (0.0998),contemporâneos (0.0945),literatura (0.0943),concreto (0.0949)
1049,contradições (0.0953),conversar (0.0997),observam (0.0944),torto (0.0943),oestino (0.0949)
1050,carregadas (0.0952),velha (0.0997),todo (0.0944),pé (0.0943),contada (0.0949)
1051,costumam (0.0952),vestimenta (0.0997),mar (0.0943),lá (0.0942),tipo (0.0948)
1052,dourados (0.0952),nele (0.0997),feminino (0.0943),poder (0.0941),transmitia (0.0947)
1053,perfeitamente (0.0952),falava (0.0996),doce (0.0942),desafio (0.0941),melhores (0.0947)
1054,ajuda (0.0951),especial (0.0996),35 (0.0942),navegar (0.0939),inegável (0.0947)
1055,oval (0.0951),frequente (0.0995),masculino (0.0941),tênis (0.0939),vividos (0.0947)
1056,pública (0.0951),alto (0.0994),palavra (0.0941),altas (0.0939),larga (0.0947)
1057,direitos (0.0951),criar (0.0994),noturno (0.0941),fértil (0.0939),mangueira (0.0946)
1058,enxada (0.0951),curtas (0.0994),cuidado (0.0941),rachado (0.0938),capoeira (0.0943)
1059,criar (0.0950),jaqueta (0.0993),indivíduo (0.0941),masculino (0.0938),obras (0.0942)
1060,social (0.0950),forró (0.0993),apresentar (0.0941),camisetas (0.0937),identidades (0.0942)
1061,turquesa (0.0950),refletia (0.0992),bem (0.0940),cai (0.0937),daqui (0.0942)
1062,certa (0.0950),artesanal (0.0992),pantanal (0.0940),guerreira (0.0937),noites (0.0942)
1063,volumoso (0.0949),insiste (0.0991),visual (0.0940),seco (0.0937),tradições (0.0942)
1064,inclusivo (0.0949),bia (0.0991),passagem (0.0939),ninguém (0.0936),nordestinos (0.0941)
1065,ipê (0.0948),variedade (0.0991),remetem (0.0937),vive (0.0936),caleidoscópio (0.0941)
1066,avermelhado (0.0948),tentar (0.0990),mate (0.0937),trançado (0.0936),cantigas (0.0941)
1067,caminho (0.0948),deixar (0.0989),curtos (0.0937),observadora (0.0935),lembrando (0.0940)
1068,florido (0.0947),pé (0.0989),calejados (0.0937),típicas (0.0935),três (0.0940)
1069,alfaiataria (0.0946),clássicas (0.0987),textura (0.0937),conversas (0.0935),mogno (0.0940)
1070,transmite (0.0946),introspecção (0.0987),viu (0.0936),feitos (0.0934),clima (0.0939)
1071,denuncia (0.0945),praias (0.0987),guiam (0.0936),ativa (0.0934),dura (0.0937)
1072,rodeada (0.0944),totalmente (0.0987),flauta (0.0936),buscando (0.0933),diversas (0.0936)
1073,manifesta (0.0944),raiz (0.0986),invasão (0.0936),fortaleza (0.0932),falta (0.0935)
1074,parece (0.0943),gentil (0.0986),cestas (0.0936),totalmente (0.0932),brincando (0.0933)
1075,intensidade (0.0943),nordestinas (0.0986),cerimônias (0.0936),pará (0.0931),mangueiras (0.0933)
1076,feminino (0.0943),poesia (0.0986),cobre (0.0936),determinada (0.0931),porto (0.0933)
1077,cruz (0.0942),sofisticado (0.0986),surrada (0.0935),noite (0.0930),enche (0.0933)
1078,sal (0.0942),nível (0.0986),modo (0.0933),desbotadas (0.0930),imperceptível (0.0933)
1079,inclemente (0.0942),opiniões (0.0985),multiplicidade (0.0932),contradições (0.0929),cordão (0.0932)
1080,salada (0.0941),variações (0.0985),casa (0.0930),proteger (0.0929),declaração (0.0932)
1081,milho (0.0941),grêmio (0.0985),brincadeiras (0.0930),transborda (0.0929),pedaço (0.0931)
1082,compartilhar (0.0940),mel (0.0984),criação (0.0930),preconceitos (0.0929),charme (0.0931)
1083,umidade (0.0939),passadas (0.0983),50 (0.0928),carinho (0.0927),posso (0.0931)
1084,corvo (0.0938),lar (0.0983),abriga (0.0927),sementes (0.0926),lavagens (0.0931)
1085,viver (0.0937),procuro (0.0983),abraça (0.0926),salpicados (0.0926),fez (0.0931)
1086,leves (0.0937),resistência (0.0982),ocasiões (0.0926),viveu (0.0926),nascer (0.0930)
1087,corte (0.0937),penetrante (0.0982),inteiro (0.0925),amuleto (0.0926),mineira (0.0930)
1088,conectada (0.0935),joão (0.0981),frente (0.0925),sereno (0.0925),trabalhando (0.0930)
1089,travessura (0.0935),fatores (0.0981),distintas (0.0925),autodescoberta (0.0924),plantações (0.0930)
1090,nordestinos (0.0935),moro (0.0981),descrever (0.0924),úmido (0.0924),intensificam (0.0930)
1091,destreza (0.0935),cafezais (0.0981),avermelhada (0.0922),pedreiro (0.0924),deixando (0.0930)
1092,trouxe (0.0933),freelancer (0.0981),revelavam (0.0921),trabalhando (0.0923),coisas (0.0930)
1093,pop (0.0933),profunda (0.0981),esculpida (0.0921),colhendo (0.0923),plenamente (0.0928)
1094,rápido (0.0932),viver (0.0980),serra (0.0921),sonhadora (0.0923),convicção (0.0928)
1095,fino (0.0932),urbano (0.0980),contar (0.0920),transmitia (0.0922),alguma (0.0928)
1096,justiça (0.0931),masculinas (0.0980),sussurra (0.0920),silenciosas (0.0922),após (0.0928)
1097,tenta (0.0931),particular (0.0979),centenárias (0.0919),aparecem (0.0922),água (0.0928)
1098,rouca (0.0931),valor (0.0978),alimentam (0.0918),charme (0.0922),argola (0.0927)
1099,linho (0.0930),digamos (0.0978),transmitida (0.0915),contrastes (0.0921),cruz (0.0926)
1100,coturnos (0.0930),aparada (0.0978),longe (0.0914),descansava (0.0921),viagem (0.0925)
1101,prefere (0.0928),costumo (0.0977),ameaçada (0.0914),intensamente (0.0920),daqueles (0.0925)
1102,varia (0.0925),conexão (0.0977),chapada (0.0914),daquela (0.0919),cair (0.0925)
1103,mineiro (0.0925),crenças (0.0976),prefiro (0.0913),aparecer (0.0919),iluminar (0.0923)
1104,ficar (0.0925),lembro (0.0976),som (0.0912),bairro (0.0919),faço (0.0923)
1105,criei (0.0925),quintal (0.0976),exibe (0.0911),puxa (0.0919),físico (0.0922)
1106,explorando (0.0924),tonho (0.0976),volta (0.0910),elementos (0.0918),transparece (0.0921)
1107,criança (0.0923),caseira (0.0975),confiança (0.0910),denunciam (0.0917),origens (0.0920)
1108,artes (0.0923),deixava (0.0975),boca (0.0909),seriedade (0.0916),professor (0.0920)
1109,tradicional (0.0923),ouvindo (0.0975),trabalhando (0.0909),caixas (0.0916),mel (0.0920)
1110,alinhados (0.0922),vestindo (0.0974),maneira (0.0908),consegue (0.0916),braçal (0.0920)
1111,teimosos (0.0922),caseiro (0.0974),imensidão (0.0907),sugeria (0.0915),engajada (0.0920)
1112,maçãs (0.0921),esverdeado (0.0974),enfrenta (0.0907),moreno (0.0915),fluidez (0.0920)
1113,fértil (0.0921),valoriza (0.0974),ferramenta (0.0906),denotava (0.0914),feira (0.0919)
1114,naturalidade (0.0921),úmido (0.0974),fluência (0.0906),tardes (0.0914),dar (0.0919)
1115,explicar (0.0920),frente (0.0974),busca (0.0905),encontro (0.0913),isabela (0.0918)
1116,teimosia (0.0920),praticante (0.0973),ecoava (0.0905),parecia (0.0913),antes (0.0918)
1117,cadenciado (0.0920),tá (0.0973),quente (0.0904),desenvoltura (0.0912),emana (0.0918)
1118,denotava (0.0917),físicas (0.0973),instrumento (0.0903),improvisado (0.0912),tradição (0.0917)
1119,mundico (0.0916),morei (0.0972),trabalhavam (0.0903),sinais (0.0912),enfrentei (0.0917)
1120,encontro (0.0916),35 (0.0971),culturas (0.0903),vestia (0.0911),racial (0.0917)
1121,observavam (0.0916),rede (0.0971),grito (0.0903),dura (0.0910),falam (0.0916)
1122,busco (0.0916),cai (0.0970),colho (0.0903),dar (0.0910),descalços (0.0916)
1123,final (0.0916),movimento (0.0968),chame (0.0902),parecem (0.0909),avermelhado (0.0916)
1124,júlia (0.0915),demais (0.0968),generosa (0.0901),acariciava (0.0909),marrom (0.0915)
1125,vivida (0.0915),rápido (0.0967),brinca (0.0901),típico (0.0909),açaí (0.0915)
1126,estrutura (0.0914),rurais (0.0967),pulsos (0.0901),diferente (0.0908),antigo (0.0915)
1127,chita (0.0913),lembrando (0.0966),mistério (0.0901),nenhuma (0.0908),sigo (0.0914)
1128,cima (0.0913),além (0.0966),bisneta (0.0900),acobreados (0.0908),tranquilo (0.0914)
1129,colheitas (0.0913),vestida (0.0965),trazia (0.0899),difíceis (0.0907),sente (0.0914)
1130,correria (0.0913),contemporânea (0.0965),desgastados (0.0898),africano (0.0906),brasileiras (0.0913)
1131,sensação (0.0913),dizer (0.0965),nativas (0.0897),resistentes (0.0906),livremente (0.0913)
1132,proporcionar (0.0911),alegria (0.0964),nenhuma (0.0897),criando (0.0906),lá (0.0913)
1133,carinho (0.0911),maioria (0.0964),específica (0.0897),pedaço (0.0905),construíram (0.0912)
1134,outra (0.0911),caderno (0.0963),jornada (0.0896),cerca (0.0904),colocar (0.0911)
1135,deu (0.0911),reconheço (0.0963),diversos (0.0896),esconde (0.0904),amiga (0.0911)
1136,contato (0.0910),cenário (0.0963),jeito (0.0895),deus (0.0904),invisibilidade (0.0911)
1137,orelhas (0.0910),mostrando (0.0963),misturando (0.0895),ouro (0.0904),resilientes (0.0911)
1138,longe (0.0910),ficar (0.0963),durante (0.0895),xícara (0.0903),amanhecer (0.0911)
1139,antigas (0.0909),tomar (0.0963),observava (0.0895),emoldurava (0.0903),nenhum (0.0911)
1140,black (0.0908),riqueza (0.0963),aprendendo (0.0894),daquelas (0.0903),denuncia (0.0911)
1141,power (0.0908),goiano (0.0962),vale (0.0894),testemunhas (0.0902),culturais (0.0911)
1142,observa (0.0908),loiras (0.0962),trajes (0.0894),largas (0.0901),herdados (0.0911)
1143,identifica (0.0908),vê (0.0961),brincos (0.0894),estado (0.0901),adornado (0.0909)
1144,mate (0.0907),anéis (0.0961),orelha (0.0894),rachadas (0.0901),revelavam (0.0908)
1145,formas (0.0907),sabor (0.0960),desgastadas (0.0893),florido (0.0899),fazia (0.0908)
1146,quarenta (0.0907),emoldurado (0.0960),ocre (0.0893),feminino (0.0899),acompanhava (0.0908)
1147,base (0.0907),bandas (0.0959),inata (0.0892),viver (0.0899),praticidade (0.0907)
1148,riso (0.0907),mostravam (0.0959),mangas (0.0892),risos (0.0898),artesanato (0.0907)
1149,nesse (0.0907),apartamento (0.0959),aika (0.0891),imagem (0.0898),litoral (0.0907)
1150,alguma (0.0907),encaixar (0.0958),caçadas (0.0891),reside (0.0897),desafia (0.0906)
1151,precisa (0.0906),lex (0.0958),yanomami (0.0891),deixar (0.0897),teimosia (0.0905)
1152,inteligente (0.0906),confiança (0.0957),retrato (0.0891),dessas (0.0897),dureza (0.0905)
1153,saudade (0.0906),conheço (0.0957),lutaram (0.0891),generosidade (0.0896),4c (0.0905)
1154,moda (0.0906),direitos (0.0957),conto (0.0890),porto (0.0895),impor (0.0904)
1155,filho (0.0905),variam (0.0957),variam (0.0889),cruz (0.0895),limpo (0.0904)
1156,horas (0.0905),semblante (0.0957),criança (0.0889),fortalece (0.0893),sugeria (0.0903)
1157,significado (0.0905),florianópolis (0.0956),fluente (0.0888),ondulado (0.0893),importante (0.0902)
1158,conheço (0.0905),mediano (0.0956),conheçam (0.0888),paz (0.0892),tristeza (0.0902)
1159,atento (0.0904),sentido (0.0955),nortista (0.0888),prova (0.0892),conectar (0.0902)
1160,cadências (0.0904),salpicando (0.0955),emoldurados (0.0887),plantar (0.0891),textura (0.0902)
1161,reservado (0.0904),gutural (0.0955),combinada (0.0887),influências (0.0891),pontuado (0.0901)
1162,daquela (0.0902),retrato (0.0955),sardas (0.0887),clara (0.0890),artesã (0.0901)
1163,deixo (0.0901),mulheres (0.0955),encaixa (0.0886),novo (0.0890),pontuada (0.0901)
1164,sombra (0.0901),ligação (0.0955),entender (0.0886),espalhadas (0.0889),derretido (0.0900)
1165,contrastam (0.0901),vista (0.0953),tecelã (0.0885),branca (0.0889),sutis (0.0899)
1166,encontrar (0.0901),agrônomo (0.0953),jataí (0.0885),kai (0.0889),nele (0.0899)
1167,mostram (0.0900),porque (0.0952),comprida (0.0885),completavam (0.0887),amargo (0.0899)
1168,minas (0.0900),sugerindo (0.0951),vou (0.0884),borracha (0.0887),precisar (0.0899)
1169,rendas (0.0900),modernidade (0.0951),transcendia (0.0882),brincadeiras (0.0887),definem (0.0899)
1170,pedras (0.0900),pega (0.0951),tingidas (0.0882),brincando (0.0887),parecem (0.0898)
1171,lembrando (0.0899),vou (0.0951),violência (0.0882),ira (0.0886),contradições (0.0897)
1172,ali (0.0899),corrida (0.0950),cultivo (0.0882),observação (0.0886),visto (0.0897)
1173,rachado (0.0898),desabotoada (0.0950),refletia (0.0882),francisco (0.0886),diferente (0.0896)
1174,pausada (0.0898),começam (0.0950),precisar (0.0880),musical (0.0886),plantar (0.0896)
1175,essencial (0.0897),comigo (0.0950),confundiam (0.0879),aparado (0.0885),elu (0.0896)
1176,múltiplas (0.0897),sensação (0.0950),copa (0.0879),sorrisos (0.0885),indivíduo (0.0896)
1177,começando (0.0897),cidades (0.0949),ouvir (0.0878),inteligente (0.0883),deixou (0.0896)
1178,gentil (0.0897),médio (0.0949),junta (0.0876),eclético (0.0883),cantos (0.0895)
1179,passo (0.0896),ostentação (0.0948),encaixar (0.0876),junto (0.0881),finos (0.0895)
1180,braçal (0.0896),tímido (0.0948),salpicados (0.0876),quintal (0.0881),coturnos (0.0895)
1181,emana (0.0895),clássica (0.0948),livremente (0.0875),nutre (0.0881),teia (0.0895)
1182,menino (0.0895),sarcástico (0.0948),colheita (0.0875),estação (0.0879),sementes (0.0895)
1183,teima (0.0895),consciente (0.0948),pintada (0.0874),enche (0.0878),vieram (0.0894)
1184,artesã (0.0895),frio (0.0948),ombro (0.0874),acolhedora (0.0877),criando (0.0894)
1185,prova (0.0895),braçal (0.0947),fechada (0.0874),conhecimento (0.0877),inspiram (0.0894)
1186,desenvoltura (0.0894),culinária (0.0947),úmido (0.0874),agarra (0.0876),possível (0.0894)
1187,torna (0.0894),canto (0.0947),lenço (0.0874),guturais (0.0876),violão (0.0893)
1188,obras (0.0894),completam (0.0947),aves (0.0874),época (0.0876),asfalto (0.0892)
1189,humildade (0.0893),fotografia (0.0946),30 (0.0874),igual (0.0875),véu (0.0891)
1190,aprendeu (0.0892),portuguesa (0.0945),habita (0.0874),dente (0.0875),saudade (0.0891)
1191,enorme (0.0892),justa (0.0945),entende (0.0874),lida (0.0873),turquesa (0.0891)
1192,transcendia (0.0892),filme (0.0944),asfalto (0.0874),gentil (0.0873),caatinga (0.0891)
1193,conforto (0.0891),perfeitamente (0.0944),comunicar (0.0874),alfaiataria (0.0873),nutre (0.0891)
1194,soltas (0.0891),preconceitos (0.0944),manhã (0.0873),tijolo (0.0873),47 (0.0889)
1195,paisagens (0.0891),letras (0.0943),herdados (0.0873),bermuda (0.0873),vim (0.0889)
1196,demais (0.0891),país (0.0943),transmitia (0.0873),outra (0.0872),lembrava (0.0889)
1197,sobreposta (0.0890),longe (0.0943),desbotado (0.0872),inegável (0.0872),inspiração (0.0889)
1198,modernidade (0.0890),47 (0.0941),músculos (0.0871),sal (0.0872),delicada (0.0888)
1199,ira (0.0889),áspera (0.0941),flora (0.0871),ecoa (0.0872),linha (0.0888)
1200,geográfica (0.0889),distância (0.0941),guardo (0.0871),país (0.0871),passado (0.0887)
1201,intensificam (0.0889),destreza (0.0941),contaram (0.0870),masculina (0.0871),desafiando (0.0887)
1202,plantando (0.0889),aparecem (0.0941),artesanatos (0.0870),esguio (0.0871),ilustrar (0.0887)
1203,aguçada (0.0889),expressivos (0.0940),dizem (0.0869),mangueira (0.0871),carregar (0.0887)
1204,africanos (0.0889),visto (0.0940),linguagem (0.0869),fundamental (0.0870),oxum (0.0886)
1205,corda (0.0889),exige (0.0940),guerreiro (0.0869),terras (0.0870),dente (0.0886)
1206,porque (0.0889),florido (0.0939),silvestres (0.0869),leal (0.0869),vestida (0.0886)
1207,invisível (0.0888),criei (0.0939),sabe (0.0868),apenas (0.0868),estrelado (0.0885)
1208,conchas (0.0888),glamouroso (0.0939),justo (0.0868),lutando (0.0868),guardavam (0.0885)
1209,abraçar (0.0888),históricos (0.0939),raiz (0.0868),esquerdo (0.0868),típicas (0.0885)
1210,tingia (0.0886),receitas (0.0939),kaio (0.0867),busco (0.0868),banda (0.0885)
1211,brasileiros (0.0886),teimoso (0.0939),terena (0.0867),torna (0.0868),rendas (0.0885)
1212,feijoada (0.0886),alva (0.0938),demarcação (0.0867),diante (0.0868),extensão (0.0885)
1213,esculpido (0.0885),lá (0.0938),aíla (0.0867),sulcos (0.0868),pedras (0.0885)
1214,certo (0.0885),foco (0.0936),direto (0.0867),chame (0.0866),juventude (0.0885)
1215,ana (0.0884),anelar (0.0936),grossa (0.0866),sobrancelhas (0.0866),enfrentar (0.0884)
1216,quintal (0.0884),plantas (0.0935),amarelo (0.0866),semana (0.0865),colher (0.0884)
1217,avô (0.0884),imensidão (0.0935),tento (0.0866),lembra (0.0865),benedito (0.0883)
1218,baião (0.0883),denotam (0.0934),suaves (0.0865),linho (0.0864),lua (0.0883)
1219,ceci (0.0882),atividade (0.0934),compridos (0.0865),pernambuco (0.0864),feminina (0.0883)
1220,escura (0.0882),azulados (0.0934),fluido (0.0864),temperamento (0.0863),rock (0.0883)
1221,silenciosas (0.0882),batom (0.0934),pampa (0.0864),inteiro (0.0863),marcados (0.0883)
1222,brilha (0.0882),combinada (0.0934),fitas (0.0864),certo (0.0862),valorizar (0.0883)
1223,vivaz (0.0882),cair (0.0933),corte (0.0864),moderno (0.0862),essencial (0.0883)
1224,cearense (0.0881),festas (0.0933),tinge (0.0863),erguida (0.0861),sobrancelha (0.0883)
1225,garra (0.0881),limpo (0.0932),la (0.0862),bondade (0.0861),horizonte (0.0882)
1226,úmida (0.0881),resistente (0.0931),guardar (0.0861),riso (0.0860),prefere (0.0882)
1227,característico (0.0881),consegue (0.0931),preconceito (0.0860),nasceu (0.0859),trazia (0.0882)
1228,tecidos (0.0881),próprias (0.0931),enorme (0.0860),dedicação (0.0859),demonstrando (0.0882)
1229,bairro (0.0880),estampas (0.0930),neutros (0.0860),binárias (0.0859),profundidade (0.0882)
1230,soltinha (0.0879),cuidada (0.0930),correm (0.0859),gravadas (0.0859),travesso (0.0882)
1231,cravo (0.0879),importantes (0.0930),equilíbrio (0.0859),colore (0.0858),denotava (0.0880)
1232,guturais (0.0879),almoços (0.0929),dois (0.0858),exige (0.0858),telas (0.0879)
1233,capacidade (0.0878),feliz (0.0929),cresci (0.0858),desgastadas (0.0858),cara (0.0879)
1234,denunciavam (0.0878),posição (0.0928),presentes (0.0857),mantém (0.0857),resultado (0.0878)
1235,sugeria (0.0877),pego (0.0928),mundos (0.0857),brilha (0.0857),chame (0.0877)
1236,enrugada (0.0877),transparecia (0.0927),verão (0.0857),construí (0.0857),dois (0.0877)
1237,muda (0.0877),desajeitado (0.0927),precisos (0.0857),exala (0.0856),mato (0.0876)
1238,familiaridade (0.0877),começa (0.0926),atenta (0.0857),repente (0.0856),banha (0.0876)
1239,defino (0.0877),sutis (0.0925),enfrentamos (0.0856),fartura (0.0856),africanos (0.0875)
1240,alya (0.0876),toques (0.0925),familiaridade (0.0856),colher (0.0856),acessório (0.0875)
1241,pantanal (0.0876),escolha (0.0924),impõe (0.0856),cearense (0.0856),desenho (0.0874)
1242,estilizado (0.0876),discretos (0.0924),ressaltar (0.0856),amar (0.0856),turbilhão (0.0873)
1243,caldeirão (0.0875),despenteado (0.0924),iarã (0.0855),precisa (0.0855),discretamente (0.0873)
1244,melhores (0.0875),protegia (0.0924),cúmplice (0.0855),irradiam (0.0854),sorrisos (0.0873)
1245,cordão (0.0875),estética (0.0923),tapetes (0.0855),escapam (0.0854),curiosidade (0.0873)
1246,expressivo (0.0875),naquela (0.0922),cortava (0.0855),fincadas (0.0854),arrastado (0.0873)
1247,acobreado (0.0874),moldou (0.0922),esculturas (0.0855),passar (0.0853),culturas (0.0872)
1248,orgulhoso (0.0874),generoso (0.0922),amanhecer (0.0854),batida (0.0853),luna (0.0872)
1249,escondia (0.0874),descrições (0.0922),testemunhas (0.0854),ali (0.0852),brasilidade (0.0871)
1250,acostumei (0.0874),base (0.0921),envolve (0.0852),abre (0.0852),indelével (0.0871)
1251,generalizações (0.0874),solto (0.0921),determinação (0.0851),fluidas (0.0852),misturada (0.0871)
1252,vivos (0.0874),salpicado (0.0921),pôr (0.0851),africanas (0.0852),impostos (0.0871)
1253,profundidade (0.0874),aproveitar (0.0920),nascida (0.0851),teimou (0.0851),deus (0.0871)
1254,lábio (0.0874),causas (0.0920),plena (0.0850),abraçando (0.0850),religiosidade (0.0870)
1255,causos (0.0872),privilégio (0.0920),tecia (0.0850),plena (0.0850),observador (0.0870)
1256,materna (0.0872),desgastadas (0.0920),dente (0.0849),educação (0.0850),caloroso (0.0870)
1257,leal (0.0872),mangas (0.0919),esforço (0.0849),atrapalharem (0.0849),criança (0.0870)
1258,conectar (0.0872),articulada (0.0919),carregue (0.0849),banha (0.0849),escaldava (0.0870)
1259,puxa (0.0872),invisível (0.0919),calosas (0.0848),sustento (0.0849),recém (0.0869)
1260,rosa (0.0872),braços (0.0919),extensão (0.0848),nascença (0.0848),causa (0.0869)
1261,reservada (0.0872),saudade (0.0918),anéis (0.0847),acaricia (0.0848),intensa (0.0869)
1262,preconceitos (0.0872),gostaria (0.0918),transformação (0.0847),porque (0.0848),sabores (0.0868)
1263,alta (0.0871),exatamente (0.0917),colhidas (0.0847),profundidade (0.0847),binárias (0.0868)
1264,determinada (0.0871),contar (0.0917),complexos (0.0847),acumulada (0.0847),machismo (0.0868)
1265,paulista (0.0871),binárias (0.0917),sustento (0.0847),exuberante (0.0845),feita (0.0868)
1266,levo (0.0870),revelavam (0.0916),observando (0.0847),traço (0.0845),rasgada (0.0868)
1267,antigo (0.0870),podemos (0.0916),brinco (0.0846),adornados (0.0845),escorria (0.0868)
1268,singularidade (0.0869),significa (0.0916),costumam (0.0846),falam (0.0844),entonações (0.0868)
1269,frenético (0.0868),espaços (0.0916),fizeram (0.0846),transcendia (0.0843),civil (0.0867)
1270,entoações (0.0868),quentes (0.0915),escapar (0.0845),banda (0.0843),daquela (0.0867)
1271,feitos (0.0868),católica (0.0914),atlético (0.0844),basta (0.0843),formada (0.0867)
1272,demonstra (0.0868),bons (0.0914),contos (0.0843),teia (0.0842),vermelho (0.0867)
1273,puxando (0.0868),carregar (0.0914),diferente (0.0842),desigualdade (0.0842),clara (0.0866)
1274,festas (0.0868),classes (0.0913),tribal (0.0842),sutilmente (0.0842),chão (0.0866)
1275,permeia (0.0867),duas (0.0912),índigo (0.0842),desse (0.0840),juiz (0.0865)
1276,aceitação (0.0867),irregular (0.0912),centenas (0.0842),caleidoscópio (0.0838),quentes (0.0865)
1277,adornado (0.0867),agitada (0.0912),capaz (0.0841),sigo (0.0838),bronzeia (0.0865)
1278,coloria (0.0866),conhecia (0.0911),pé (0.0841),teimam (0.0837),janeiro (0.0865)
1279,26 (0.0866),paulista (0.0911),geométricas (0.0840),né (0.0837),cravo (0.0864)
1280,arrebitado (0.0865),alegrias (0.0910),irradiava (0.0840),zé (0.0837),insistem (0.0864)
1281,volumosos (0.0864),clássicos (0.0909),ativamente (0.0840),deu (0.0837),aprender (0.0864)
1282,pulsos (0.0864),contas (0.0909),pertinho (0.0840),começa (0.0837),futebol (0.0864)
1283,atenção (0.0864),espírito (0.0908),necessárias (0.0839),autoconfiança (0.0837),pedra (0.0864)
1284,bolo (0.0864),busco (0.0908),aroeira (0.0839),familiares (0.0836),pintava (0.0863)
1285,rua (0.0863),trabalhar (0.0908),tranquila (0.0839),agitada (0.0836),brasília (0.0862)
1286,churrasco (0.0863),implacável (0.0908),cheias (0.0838),cigarro (0.0836),brechó (0.0862)
1287,autoconfiança (0.0863),ativamente (0.0907),levo (0.0838),desafiar (0.0835),letras (0.0862)
1288,ruas (0.0862),fortaleza (0.0907),fumo (0.0838),cansados (0.0835),alfaiataria (0.0862)
1289,reside (0.0862),cultural (0.0907),marcadas (0.0838),leves (0.0835),normalmente (0.0862)
1290,cai (0.0862),queima (0.0907),chamado (0.0837),coloridos (0.0835),carimbó (0.0861)
1291,arrastadas (0.0860),chamado (0.0907),celebram (0.0837),política (0.0834),brilhante (0.0861)
1292,jovem (0.0859),dura (0.0906),misturado (0.0837),encaixa (0.0834),melodias (0.0861)
1293,importa (0.0859),contagiante (0.0905),conhecer (0.0836),mosaico (0.0833),urbanas (0.0860)
1294,menina (0.0859),apoio (0.0905),momentos (0.0836),convive (0.0833),transformação (0.0860)
1295,passadas (0.0858),conhecer (0.0904),iguaçu (0.0836),afro (0.0833),raça (0.0859)
1296,seguro (0.0858),construindo (0.0904),nação (0.0836),garra (0.0833),areia (0.0859)
1297,quentes (0.0857),informal (0.0904),ameaça (0.0836),menina (0.0833),resistentes (0.0859)
1298,paz (0.0857),termos (0.0904),sagradas (0.0836),apresenta (0.0832),conheço (0.0859)
1299,apresentação (0.0857),nenhuma (0.0904),contexto (0.0835),importante (0.0832),alinhados (0.0858)
1300,aparecia (0.0857),mpb (0.0902),manifesta (0.0834),aperta (0.0832),rodas (0.0857)
1301,hábito (0.0857),vão (0.0902),paciência (0.0834),amargo (0.0831),contrastavam (0.0857)
1302,axé (0.0857),nasceu (0.0902),reserva (0.0833),amizade (0.0831),típicos (0.0856)
1303,narrativa (0.0857),criando (0.0902),fauna (0.0832),guarani (0.0831),atrás (0.0855)
1304,viola (0.0857),auto (0.0902),íris (0.0832),alegrias (0.0830),plantando (0.0855)
1305,sociais (0.0856),vai (0.0901),cuido (0.0832),trajetória (0.0830),suaves (0.0853)
1306,manter (0.0856),confusão (0.0901),magros (0.0832),melodiosa (0.0830),desse (0.0853)
1307,nele (0.0855),introvertida (0.0900),especiais (0.0831),igualdade (0.0829),navegar (0.0853)
1308,diferentes (0.0855),área (0.0900),né (0.0831),junina (0.0829),semblante (0.0853)
1309,ampla (0.0855),indicando (0.0900),jovem (0.0830),inúmeras (0.0829),pernambuco (0.0852)
1310,temas (0.0855),oferecer (0.0899),generosamente (0.0830),ternura (0.0829),língua (0.0852)
1311,irreverência (0.0855),desfiada (0.0899),denota (0.0830),argolas (0.0829),segredos (0.0852)
1312,cascata (0.0855),daquelas (0.0899),olham (0.0829),elegante (0.0828),orixá (0.0851)
1313,senso (0.0854),padrão (0.0898),leves (0.0829),artesanais (0.0828),botas (0.0850)
1314,genética (0.0853),liso (0.0898),entrelaçam (0.0828),conhecia (0.0828),desafiar (0.0850)
1315,olhares (0.0852),leveza (0.0898),verdade (0.0828),caju (0.0828),banhava (0.0848)
1316,dragão (0.0852),elementos (0.0898),exposição (0.0828),identidades (0.0827),decifrar (0.0848)
1317,mangueira (0.0850),povo (0.0897),pausada (0.0828),sulco (0.0827),dedicação (0.0848)
1318,lembrar (0.0850),piercings (0.0897),suor (0.0828),enorme (0.0826),regional (0.0848)
1319,diante (0.0850),ampla (0.0897),ali (0.0827),aparente (0.0826),madura (0.0847)
1320,gêneros (0.0849),barriga (0.0896),faca (0.0826),nenhum (0.0826),junto (0.0847)
1321,cafezinho (0.0849),compridas (0.0896),técnicas (0.0826),melhores (0.0825),aprende (0.0846)
1322,dançar (0.0849),desconforto (0.0895),serpenteia (0.0825),desleixado (0.0825),religião (0.0846)
1323,vira (0.0848),fazendeiro (0.0894),vividos (0.0825),abria (0.0825),diversos (0.0845)
1324,batalhadora (0.0848),daqui (0.0894),afirmação (0.0825),conquistas (0.0824),refúgio (0.0845)
1325,após (0.0848),acham (0.0894),ecoam (0.0824),características (0.0823),menina (0.0845)
1326,altas (0.0848),encaixa (0.0893),transmitido (0.0824),normalmente (0.0823),rasteirinhas (0.0845)
1327,fluente (0.0848),dessas (0.0893),habilidosa (0.0824),faço (0.0822),decidido (0.0844)
1328,renda (0.0848),amigo (0.0893),inimigo (0.0824),nó (0.0822),impõe (0.0844)
1329,lembra (0.0847),jornadas (0.0892),amuletos (0.0824),tecidos (0.0821),causticante (0.0844)
1330,livro (0.0847),beija (0.0892),sobrepondo (0.0824),árida (0.0821),pronomes (0.0843)
1331,século (0.0846),feito (0.0891),artesã (0.0823),inferior (0.0820),continua (0.0843)
1332,prendo (0.0845),acostumei (0.0891),prova (0.0823),segurar (0.0820),recife (0.0843)
1333,artesanato (0.0845),vividos (0.0891),parece (0.0823),rir (0.0820),plantaram (0.0843)
1334,sutilmente (0.0845),baixa (0.0890),baixo (0.0822),aceitação (0.0820),grito (0.0843)
1335,extrovertida (0.0845),modernos (0.0890),colhe (0.0822),completamente (0.0820),narrativa (0.0842)
1336,pontuado (0.0845),fins (0.0890),caírem (0.0822),renda (0.0820),ensinaram (0.0842)
1337,designer (0.0845),preocupar (0.0890),vestuário (0.0821),guri (0.0820),processo (0.0842)
1338,curiosa (0.0844),arrastada (0.0890),nunca (0.0819),aurora (0.0819),intrincadas (0.0842)
1339,transborda (0.0844),atualmente (0.0890),nenhum (0.0819),acobreado (0.0818),leão (0.0842)
1340,focar (0.0844),transparece (0.0890),requer (0.0819),pré (0.0818),inúmeras (0.0841)
1341,antepassados (0.0843),criação (0.0889),vital (0.0819),colheita (0.0818),rasgado (0.0840)
1342,rodeios (0.0841),imenso (0.0889),tear (0.0819),mudam (0.0817),completava (0.0840)
1343,temperamento (0.0840),pareciam (0.0889),morte (0.0819),desta (0.0817),tentam (0.0839)
1344,gutural (0.0840),ambientais (0.0889),tronco (0.0819),quero (0.0817),baixo (0.0839)
1345,dá (0.0840),rodeios (0.0888),construção (0.0819),pontuado (0.0816),abraçando (0.0839)
1346,mistério (0.0840),esmeralda (0.0888),compreende (0.0818),vermelho (0.0816),milho (0.0839)
1347,antes (0.0839),brilhava (0.0888),carregamos (0.0818),dourados (0.0816),berimbau (0.0838)
1348,aparecer (0.0839),coado (0.0888),bronze (0.0817),estrutura (0.0815),vou (0.0838)
1349,terras (0.0838),sido (0.0888),brilhavam (0.0817),barro (0.0815),fazem (0.0838)
1350,pagode (0.0838),internet (0.0887),descansa (0.0817),estampadas (0.0815),escravidão (0.0838)
1351,conecta (0.0838),48 (0.0887),vinco (0.0816),espontâneo (0.0814),caía (0.0838)
1352,bochechas (0.0838),desenvoltura (0.0887),ritual (0.0816),expressando (0.0814),bigode (0.0838)
1353,risos (0.0838),nostalgia (0.0886),teciam (0.0816),45 (0.0813),sofrimento (0.0837)
1354,permite (0.0838),constantemente (0.0886),ameaças (0.0816),base (0.0813),acaricia (0.0837)
1355,podem (0.0837),acostumada (0.0886),resistimos (0.0816),varanda (0.0813),prova (0.0837)
1356,estética (0.0837),esquerdo (0.0885),plumas (0.0816),referências (0.0812),inclusão (0.0837)
1357,radiante (0.0836),independentes (0.0884),social (0.0816),pente (0.0812),repleta (0.0837)
1358,conquista (0.0836),prendo (0.0884),melodia (0.0815),resignação (0.0812),acariciava (0.0837)
1359,travessa (0.0836),pretensões (0.0883),paciente (0.0815),vez (0.0811),variar (0.0837)
1360,afro (0.0836),luísa (0.0883),atenção (0.0815),confiante (0.0811),curiosos (0.0836)
1361,asiáticas (0.0836),churrascos (0.0883),limites (0.0814),acobreada (0.0811),rir (0.0836)
1362,elie (0.0836),observação (0.0882),musculatura (0.0814),chamem (0.0810),inferior (0.0836)
1363,amar (0.0836),necessidade (0.0882),facial (0.0814),escolha (0.0810),acostumei (0.0836)
1364,insistem (0.0835),distante (0.0882),localização (0.0814),agitado (0.0810),gastas (0.0835)
1365,esculpidas (0.0835),tente (0.0881),entrelaçados (0.0814),rasteirinhas (0.0809),lutam (0.0835)
1366,questões (0.0835),frequência (0.0881),herdada (0.0813),complexo (0.0809),vidas (0.0835)
1367,vão (0.0835),passou (0.0881),presa (0.0813),caloroso (0.0809),alta (0.0835)
1368,brasilidade (0.0835),misturado (0.0881),poço (0.0813),honestidade (0.0808),teimava (0.0835)
1369,nascer (0.0834),difíceis (0.0881),poucas (0.0812),expressiva (0.0807),causos (0.0834)
1370,animada (0.0834),lã (0.0881),passados (0.0812),esculpidas (0.0807),inspira (0.0834)
1371,senhora (0.0834),moderna (0.0880),silenciosas (0.0811),conquista (0.0807),sereno (0.0834)
1372,cantos (0.0834),autoconhecimento (0.0880),séculos (0.0811),queimada (0.0806),domar (0.0832)
1373,colocar (0.0834),florais (0.0880),dá (0.0810),posso (0.0806),pobreza (0.0832)
1374,amizade (0.0834),atenção (0.0879),sustenta (0.0810),superior (0.0806),humano (0.0831)
1375,transmitiam (0.0833),tingia (0.0879),ilumina (0.0810),risada (0.0806),adornadas (0.0830)
1376,bracelete (0.0833),parque (0.0879),passa (0.0809),certeza (0.0806),indígena (0.0830)
1377,facilidade (0.0833),esposa (0.0879),ariovaldo (0.0809),baiano (0.0806),indígenas (0.0830)
1378,cá (0.0832),evidente (0.0878),deuses (0.0809),secas (0.0805),característica (0.0829)
1379,22 (0.0832),perfume (0.0877),sussurrava (0.0809),salada (0.0805),imponente (0.0828)
1380,salgado (0.0832),importa (0.0876),avani (0.0809),materiais (0.0805),grisalho (0.0828)
1381,cujo (0.0832),brincos (0.0876),rodeia (0.0809),linha (0.0804),vontade (0.0828)
1382,educação (0.0831),conservadora (0.0875),pendia (0.0808),suficiente (0.0803),compreensão (0.0827)
1383,artesanais (0.0831),sítio (0.0875),escapam (0.0808),livros (0.0803),balanço (0.0827)
1384,sobrancelha (0.0831),escondida (0.0875),defender (0.0808),iluminar (0.0803),prática (0.0827)
1385,pássaro (0.0831),bordado (0.0874),dessas (0.0807),escrita (0.0802),mil (0.0826)
1386,pausado (0.0830),crucial (0.0874),grandes (0.0807),artesã (0.0802),esculpida (0.0826)
1387,movia (0.0830),áreas (0.0874),enrugada (0.0806),desfeito (0.0802),certa (0.0826)
1388,afinal (0.0829),chanel (0.0874),significa (0.0806),rótulo (0.0802),jovialidade (0.0826)
1389,transita (0.0829),morado (0.0874),ampla (0.0806),trazem (0.0802),feminino (0.0825)
1390,camarada (0.0829),inserir (0.0874),pintou (0.0805),medo (0.0802),grupo (0.0825)
1391,aparente (0.0829),regiões (0.0874),amor (0.0805),comunicativa (0.0801),denunciava (0.0825)
1392,escrita (0.0829),charme (0.0873),cinquenta (0.0805),dão (0.0801),musical (0.0825)
1393,cerca (0.0829),funcional (0.0873),pertence (0.0804),precisamente (0.0800),chita (0.0825)
1394,aquarela (0.0828),acordo (0.0873),desgastado (0.0804),remetem (0.0800),permite (0.0824)
1395,peste (0.0828),look (0.0873),adversidades (0.0804),feita (0.0799),explicar (0.0823)
1396,feminina (0.0828),petróleo (0.0872),formava (0.0804),ferramentas (0.0799),mosaico (0.0823)
1397,tomar (0.0828),marcados (0.0871),cobria (0.0804),contando (0.0798),irradia (0.0823)
1398,desafiando (0.0828),assimétrico (0.0869),desiste (0.0804),dedo (0.0798),nuca (0.0822)
1399,conhecimento (0.0827),otimista (0.0869),claro (0.0803),coturnos (0.0797),sonora (0.0822)
1400,algum (0.0827),assistindo (0.0869),corporais (0.0803),celebrar (0.0797),dandara (0.0822)
1401,ano (0.0827),minimalista (0.0869),artesão (0.0803),consertar (0.0797),sustenta (0.0821)
1402,ondas (0.0827),observando (0.0868),chuvas (0.0803),ostentação (0.0797),lendas (0.0821)
1403,guerreira (0.0827),importância (0.0868),testemunha (0.0803),obras (0.0796),repletas (0.0821)
1404,cair (0.0827),brancas (0.0867),costuma (0.0802),silêncio (0.0795),bronzeou (0.0820)
1405,domingo (0.0826),armação (0.0867),bate (0.0801),exibe (0.0795),vamos (0.0820)
1406,receitas (0.0826),letícia (0.0867),diariamente (0.0801),manual (0.0795),dessas (0.0820)
1407,ia (0.0826),conservadorismo (0.0867),experiência (0.0801),facilmente (0.0795),variedade (0.0819)
1408,neutros (0.0825),levar (0.0867),balançando (0.0800),pequenos (0.0795),semente (0.0819)
1409,expressava (0.0825),esguio (0.0867),fica (0.0800),demais (0.0794),criei (0.0819)
1410,normas (0.0824),dourada (0.0866),cedo (0.0800),típica (0.0794),coques (0.0818)
1411,desafio (0.0824),ama (0.0866),sustentam (0.0800),duas (0.0794),ali (0.0818)
1412,mantém (0.0824),refinado (0.0865),joaquim (0.0800),causos (0.0794),semana (0.0818)
1413,senti (0.0824),preferência (0.0865),rara (0.0800),travesso (0.0794),educação (0.0818)
1414,seguir (0.0823),círculo (0.0865),desgastada (0.0800),demonstrava (0.0793),moda (0.0817)
1415,portugueses (0.0822),dar (0.0864),celebração (0.0799),racismo (0.0792),resiste (0.0817)
1416,curiosidade (0.0822),torna (0.0864),torto (0.0798),rústica (0.0792),prático (0.0816)
1417,mangueiras (0.0822),pontuada (0.0864),evoca (0.0797),regata (0.0792),baião (0.0816)
1418,pescador (0.0821),significado (0.0864),totalidade (0.0797),paulista (0.0792),temas (0.0816)
1419,baiana (0.0821),isadora (0.0863),transcendem (0.0797),fundo (0.0791),definidos (0.0816)
1420,sido (0.0821),possibilidade (0.0862),finamente (0.0797),distância (0.0791),look (0.0816)
1421,moreno (0.0821),diversificada (0.0862),falavam (0.0797),poços (0.0791),atento (0.0815)
1422,domar (0.0821),mesa (0.0862),formato (0.0796),nela (0.0790),sento (0.0815)
1423,colheita (0.0821),curta (0.0861),acima (0.0796),curva (0.0790),amazônia (0.0815)
1424,marcadas (0.0820),chamativo (0.0861),correr (0.0796),paciente (0.0790),periferia (0.0814)
1425,prender (0.0820),firulas (0.0861),importantes (0.0795),permite (0.0790),conjunto (0.0814)
1426,especial (0.0820),cadernos (0.0861),barro (0.0795),neta (0.0790),varia (0.0814)
1427,amanhecer (0.0820),manias (0.0861),tonalidade (0.0794),tentando (0.0789),irreverência (0.0814)
1428,caseira (0.0819),bolsa (0.0861),seda (0.0794),explicar (0.0788),significativo (0.0814)
1429,harmonia (0.0818),profundos (0.0860),respirar (0.0794),floral (0.0788),vestia (0.0814)
1430,barro (0.0818),teimam (0.0859),deixa (0.0794),ligada (0.0787),quê (0.0814)
1431,hibisco (0.0817),brim (0.0859),cultivando (0.0793),brechó (0.0787),lábio (0.0813)
1432,dez (0.0817),pronome (0.0859),imenso (0.0792),barulho (0.0787),agora (0.0812)
1433,argila (0.0817),brancura (0.0859),talentosa (0.0792),realçando (0.0786),gargalhadas (0.0812)
1434,labuta (0.0816),branquitude (0.0859),jovens (0.0791),culturas (0.0786),igreja (0.0812)
1435,marcados (0.0816),sorrisos (0.0859),colorida (0.0791),textura (0.0786),deslizavam (0.0811)
1436,emaranhado (0.0816),feijão (0.0858),brota (0.0789),guardo (0.0785),chamá (0.0811)
1437,neta (0.0815),deixou (0.0857),aspereza (0.0789),depende (0.0785),precederam (0.0811)
1438,largos (0.0815),peça (0.0857),existo (0.0788),acostumada (0.0785),mangas (0.0811)
1439,frutas (0.0815),aparentemente (0.0856),irradia (0.0788),frenético (0.0785),cuidadosamente (0.0811)
1440,contrastavam (0.0815),introspectivo (0.0856),necessária (0.0788),citar (0.0785),brim (0.0810)
1441,apresenta (0.0815),extrovertido (0.0856),nova (0.0788),popular (0.0785),moldura (0.0810)
1442,testemunhas (0.0815),cavalo (0.0856),toscamente (0.0788),resiste (0.0785),penteado (0.0810)
1443,deixar (0.0814),andar (0.0856),pegadas (0.0788),lembrar (0.0784),ama (0.0809)
1444,encaixa (0.0814),contava (0.0856),maloca (0.0788),sujas (0.0783),artesanal (0.0809)
1445,acobreada (0.0814),seguir (0.0855),ganância (0.0788),pão (0.0783),preciso (0.0808)
1446,estado (0.0813),evidenciando (0.0855),destruição (0.0788),mate (0.0783),potência (0.0808)
1447,ligada (0.0813),imensa (0.0854),carneiro (0.0788),imensidão (0.0783),partes (0.0808)
1448,banha (0.0813),limpa (0.0854),iaraí (0.0788),olhares (0.0783),esconde (0.0807)
1449,agitado (0.0813),ceará (0.0853),preservada (0.0788),animadas (0.0783),manter (0.0806)
1450,honestidade (0.0811),almoço (0.0853),passo (0.0788),eterno (0.0783),partir (0.0806)
1451,combinado (0.0810),políticas (0.0853),resistir (0.0787),espalhar (0.0782),perfeitos (0.0806)
1452,exala (0.0810),realmente (0.0853),quais (0.0787),ágil (0.0782),silêncio (0.0805)
1453,batida (0.0810),sustenta (0.0853),diferenciar (0.0787),algum (0.0782),binaridade (0.0805)
1454,memórias (0.0810),equilíbrio (0.0852),manejar (0.0787),corda (0.0781),reciclados (0.0805)
1455,passar (0.0810),amar (0.0852),escola (0.0786),conhecem (0.0781),familiares (0.0805)
1456,visibilidade (0.0810),passa (0.0852),guardava (0.0786),ásperos (0.0781),tentativa (0.0804)
1457,cerâmica (0.0809),facilidade (0.0852),colocar (0.0786),senso (0.0781),paciente (0.0804)
1458,desgastado (0.0809),seguro (0.0851),melodiosa (0.0785),bastante (0.0781),barba (0.0803)
1459,consumo (0.0809),organizada (0.0851),adaptando (0.0785),feitas (0.0780),trabalhos (0.0803)
1460,enche (0.0809),filmes (0.0851),inclusivo (0.0784),desafia (0.0780),frutos (0.0803)
1461,dona (0.0808),aliança (0.0851),solo (0.0783),carregados (0.0780),maranhense (0.0802)
1462,físicas (0.0808),bairro (0.0851),manga (0.0783),tarefas (0.0780),masculino (0.0802)
1463,trabalhadora (0.0807),capaz (0.0851),narrativas (0.0783),demonstravam (0.0780),pedir (0.0802)
1464,existência (0.0807),trazia (0.0850),lento (0.0783),chocolate (0.0780),defina (0.0802)
1465,porto (0.0807),leitura (0.0850),outro (0.0783),amigável (0.0780),testemunhas (0.0801)
1466,bege (0.0807),arrastados (0.0850),soltos (0.0782),brota (0.0780),esmalte (0.0801)
1467,ágil (0.0807),torno (0.0850),rico (0.0782),poço (0.0780),faciais (0.0801)
1468,goiás (0.0807),tortos (0.0850),netos (0.0782),afirmação (0.0780),grafites (0.0800)
1469,bisavó (0.0807),memórias (0.0849),xale (0.0781),únicas (0.0780),geométricas (0.0800)
1470,vou (0.0806),25 (0.0849),propriedades (0.0781),tropical (0.0779),clássicas (0.0799)
1471,amazônia (0.0806),resistentes (0.0848),facilitar (0.0781),miscigenação (0.0778),existe (0.0798)
1472,construindo (0.0806),lenço (0.0848),ribeira (0.0781),jaqueta (0.0778),estética (0.0798)
1473,presilhas (0.0806),40 (0.0848),mitos (0.0781),resistir (0.0778),estilosas (0.0798)
1474,moldada (0.0806),surrado (0.0848),ex (0.0781),repetidas (0.0778),bate (0.0797)
1475,asiáticos (0.0805),cansado (0.0847),acaricia (0.0781),intensificavam (0.0778),exala (0.0797)
1476,gráfico (0.0805),completava (0.0847),cantava (0.0781),acompanhava (0.0778),autoconhecimento (0.0797)
1477,brasília (0.0805),juventude (0.0847),eco (0.0781),ponderada (0.0777),memórias (0.0797)
1478,vocabulário (0.0805),incluindo (0.0846),nuvens (0.0781),defino (0.0776),desgastado (0.0796)
1479,pais (0.0804),pastel (0.0846),depende (0.0781),capazes (0.0776),milhares (0.0796)
1480,conquistas (0.0804),sal (0.0845),fazem (0.0781),decidido (0.0776),reconhecimento (0.0796)
1481,argolas (0.0804),fazem (0.0845),periferia (0.0780),batom (0.0776),festa (0.0795)
1482,noites (0.0803),carregadas (0.0845),visível (0.0780),texturas (0.0775),22 (0.0795)
1483,short (0.0803),62 (0.0845),cascata (0.0780),portuguesa (0.0775),vive (0.0795)
1484,inegável (0.0803),preferindo (0.0845),sabem (0.0778),característica (0.0774),resistir (0.0795)
1485,crenças (0.0803),chamada (0.0845),passos (0.0778),diferentes (0.0774),ouvi (0.0794)
1486,fresca (0.0803),complexidades (0.0845),crio (0.0778),digna (0.0774),ia (0.0793)
1487,feita (0.0802),próxima (0.0844),esculpir (0.0778),vibração (0.0774),protegia (0.0793)
1488,branco (0.0802),inseguranças (0.0842),envolvia (0.0777),horta (0.0774),encontrar (0.0793)
1489,cacau (0.0802),garante (0.0842),diversas (0.0777),tradições (0.0774),sonho (0.0793)
1490,cansaço (0.0802),clássico (0.0842),árida (0.0777),adornava (0.0774),animada (0.0793)
1491,desabotoada (0.0801),vira (0.0842),sotaque (0.0776),papo (0.0773),zumbi (0.0792)
1492,abraçando (0.0801),oestino (0.0841),segurava (0.0776),causas (0.0773),solo (0.0791)
1493,preciso (0.0801),ajuda (0.0840),seriedade (0.0775),beira (0.0772),lo (0.0791)
1494,nenhuma (0.0801),abraça (0.0840),inspira (0.0775),vai (0.0772),hora (0.0791)
1495,umas (0.0800),despontar (0.0840),contada (0.0775),atarracado (0.0772),sugere (0.0791)
1496,marrom (0.0800),plantações (0.0839),caindo (0.0775),afetos (0.0772),cana (0.0790)
1497,consertar (0.0800),progressista (0.0839),tranquilidade (0.0775),nessa (0.0771),feijoada (0.0790)
1498,testemunha (0.0800),marido (0.0839),ouro (0.0775),preocupações (0.0771),ana (0.0790)
1499,leva (0.0800),tímida (0.0839),facão (0.0775),especial (0.0770),ativista (0.0790)
1500,espaços (0.0800),geração (0.0838),pulsação (0.0775),la (0.0770),crenças (0.0790)
1501,comprido (0.0800),atrás (0.0838),fúria (0.0775),chuvas (0.0770),sal (0.0790)
1502,40 (0.0799),através (0.0838),curso (0.0774),inclusão (0.0770),olham (0.0790)
1503,anya (0.0799),musicalidade (0.0837),oeste (0.0774),baião (0.0770),generosa (0.0789)
1504,tatuagens (0.0799),curvas (0.0837),máquinas (0.0773),movia (0.0770),esguio (0.0789)
1505,costumes (0.0799),pressa (0.0837),pingentes (0.0772),baixo (0.0769),ferramentas (0.0789)
1506,guia (0.0799),estampada (0.0837),lentos (0.0771),horas (0.0769),contexto (0.0788)
1507,relógio (0.0798),emoldurados (0.0835),ajustava (0.0771),esperanças (0.0769),fincadas (0.0788)
1508,deliciosa (0.0798),estudante (0.0835),ira (0.0769),transformação (0.0768),nessa (0.0788)
1509,caldo (0.0798),ideia (0.0833),pronome (0.0769),inverno (0.0768),umidade (0.0787)
1510,denotavam (0.0798),comida (0.0833),humor (0.0769),escondia (0.0768),ouvida (0.0787)
1511,etnia (0.0798),dá (0.0833),fundiam (0.0769),processo (0.0768),longe (0.0787)
1512,esconde (0.0797),afeto (0.0833),definir (0.0769),sentindo (0.0768),continuar (0.0786)
1513,insinuava (0.0797),conciliar (0.0833),jurandir (0.0769),autêntico (0.0768),receitas (0.0786)
1514,laranja (0.0797),jogos (0.0833),comigo (0.0768),prender (0.0767),silenciada (0.0786)
1515,piauí (0.0797),apoiam (0.0833),estreladas (0.0768),verdadeira (0.0767),livres (0.0786)
1516,imensa (0.0797),femininas (0.0832),traz (0.0768),apoia (0.0766),presentear (0.0786)
1517,aspectos (0.0797),acessório (0.0832),espinhos (0.0768),acarajé (0.0766),torna (0.0786)
1518,parecem (0.0797),jasmim (0.0831),faciais (0.0768),carregar (0.0766),ocupar (0.0786)
1519,lavagens (0.0796),lugares (0.0831),rótulos (0.0768),sido (0.0765),vai (0.0785)
1520,travesso (0.0796),limpas (0.0830),acobreada (0.0767),bracelete (0.0765),reflexos (0.0785)
1521,observadora (0.0796),enrugado (0.0830),carregados (0.0766),cabra (0.0764),normas (0.0785)
1522,provavelmente (0.0795),perfis (0.0829),elegante (0.0765),floresce (0.0764),leitura (0.0785)
1523,então (0.0795),enfrentar (0.0829),enfeita (0.0765),caseira (0.0764),cuidar (0.0784)
1524,jovial (0.0795),rabo (0.0828),criada (0.0764),atrás (0.0764),laranja (0.0784)
1525,perdido (0.0795),hospitalidade (0.0828),moderna (0.0763),pingentes (0.0764),falavam (0.0784)
1526,indie (0.0795),nascer (0.0828),sabor (0.0763),singularidade (0.0764),descalço (0.0782)
1527,fundo (0.0794),refletir (0.0828),pertenço (0.0763),caldo (0.0764),leves (0.0782)
1528,encontradas (0.0793),horta (0.0828),precisamos (0.0763),pintava (0.0763),45 (0.0781)
1529,chega (0.0793),fartos (0.0827),escolhidos (0.0763),sorri (0.0763),rodeada (0.0781)
1530,amazônico (0.0793),violão (0.0826),colhendo (0.0762),sofrida (0.0763),arrebitado (0.0781)
1531,atrás (0.0793),esculpiu (0.0826),largas (0.0762),valorizo (0.0763),grita (0.0781)
1532,desgastadas (0.0790),viagem (0.0826),linha (0.0761),esmalte (0.0763),paisagem (0.0781)
1533,adornados (0.0790),peito (0.0825),significados (0.0761),permeia (0.0762),adversidade (0.0780)
1534,direto (0.0790),boné (0.0824),alguma (0.0761),demonstrando (0.0762),singularidade (0.0780)
1535,existe (0.0790),sobrancelha (0.0824),hoje (0.0760),calejados (0.0762),extrovertida (0.0780)
1536,marcantes (0.0790),uai (0.0824),protegendo (0.0760),mal (0.0762),pingentes (0.0780)
1537,bandas (0.0790),levo (0.0823),orgulhosa (0.0760),expresso (0.0762),dez (0.0780)
1538,sincera (0.0789),devagar (0.0823),protegia (0.0760),florida (0.0762),oficina (0.0780)
1539,caminhava (0.0789),definidos (0.0823),imaginar (0.0760),têm (0.0761),dou (0.0780)
1540,lugares (0.0789),despretensiosa (0.0823),liderança (0.0759),realidade (0.0761),pernambucano (0.0780)
1541,novas (0.0788),inicialmente (0.0823),caçados (0.0759),banhava (0.0760),ativismo (0.0780)
1542,costumo (0.0788),perfeccionista (0.0822),ocidentais (0.0759),jumento (0.0759),realçava (0.0780)
1543,rasteirinhas (0.0788),ruivo (0.0822),cocares (0.0759),momento (0.0759),acalma (0.0780)
1544,humana (0.0788),fantasia (0.0822),xokleng (0.0759),habilidosas (0.0759),lado (0.0779)
1545,debaixo (0.0788),xícara (0.0821),kaiapó (0.0759),carnudos (0.0759),vejo (0.0779)
1546,tantos (0.0788),ajudar (0.0819),rugido (0.0759),tentativa (0.0758),varanda (0.0779)
1547,raça (0.0788),frequento (0.0818),kalunga (0.0759),tingia (0.0758),múltiplas (0.0778)
1548,mel (0.0787),artesanato (0.0818),trazem (0.0759),protegia (0.0757),prefiro (0.0778)
1549,barulhenta (0.0786),formato (0.0818),defino (0.0758),impecavelmente (0.0757),costuma (0.0778)
1550,culturais (0.0786),eclética (0.0818),medo (0.0758),saias (0.0757),atrapalhar (0.0777)
1551,focando (0.0786),arquitetura (0.0818),estampada (0.0758),alya (0.0756),avô (0.0777)
1552,sobreviver (0.0786),penteado (0.0817),paraná (0.0758),livremente (0.0755),ligada (0.0777)
1553,evidente (0.0786),então (0.0817),solta (0.0757),brasileiras (0.0755),oceano (0.0777)
1554,caloroso (0.0786),juazeiro (0.0816),trabalhada (0.0757),personificação (0.0755),nada (0.0777)
1555,imensidão (0.0786),misturada (0.0816),acordo (0.0757),cercado (0.0754),recusa (0.0776)
1556,apertado (0.0785),renda (0.0816),acredito (0.0756),septo (0.0754),ousadia (0.0776)
1557,festa (0.0785),robusto (0.0816),cacau (0.0756),carinhosa (0.0754),mistério (0.0776)
1558,preconceito (0.0784),viveu (0.0815),portuguesa (0.0756),47 (0.0754),sobreposta (0.0775)
1559,acumulada (0.0784),criança (0.0815),vestindo (0.0756),procuro (0.0754),gruda (0.0773)
1560,jurema (0.0783),lenta (0.0815),nessa (0.0755),brim (0.0753),improvisado (0.0773)
1561,certeza (0.0783),firmes (0.0814),modernas (0.0755),superação (0.0753),menos (0.0773)
1562,afirmação (0.0782),mudanças (0.0813),vestida (0.0755),pagode (0.0753),curvas (0.0772)
1563,coco (0.0781),demonstrava (0.0813),combinando (0.0755),costumes (0.0753),específica (0.0772)
1564,mpb (0.0781),indivíduos (0.0813),ouvida (0.0755),lembravam (0.0753),árvores (0.0771)
1565,cidades (0.0781),linguagem (0.0813),pinto (0.0755),antes (0.0752),livros (0.0771)
1566,exuberantes (0.0780),vermelho (0.0812),completam (0.0755),musculoso (0.0752),tranço (0.0771)
1567,queimou (0.0780),pouca (0.0812),toque (0.0754),estreladas (0.0752),bastante (0.0770)
1568,vontade (0.0779),estrutura (0.0811),leva (0.0754),sentimentos (0.0752),alimenta (0.0770)
1569,protegendo (0.0779),permeia (0.0811),recente (0.0753),benedito (0.0752),buscar (0.0770)
1570,colete (0.0779),rala (0.0811),eloquente (0.0753),altura (0.0752),transforma (0.0770)
1571,enrugado (0.0779),labuta (0.0810),respeitadas (0.0753),colete (0.0752),amuleto (0.0770)
1572,bondade (0.0779),autoconfiança (0.0810),tupi (0.0753),alta (0.0752),travessura (0.0770)
1573,ecoa (0.0778),deus (0.0810),diária (0.0753),cima (0.0752),segue (0.0770)
1574,musculoso (0.0778),privilegiada (0.0809),sente (0.0753),travessura (0.0751),tropical (0.0769)
1575,dureza (0.0778),entoações (0.0809),intrínseca (0.0752),belo (0.0751),expressiva (0.0768)
1576,observando (0.0778),debaixo (0.0809),tempos (0.0752),significa (0.0751),coco (0.0768)
1577,registrada (0.0777),penso (0.0809),raspava (0.0751),dedicados (0.0750),ritmos (0.0768)
1578,ingredientes (0.0777),católico (0.0809),teço (0.0751),árido (0.0750),caminhada (0.0768)
1579,poemas (0.0777),risos (0.0809),sabiá (0.0751),mpb (0.0750),enfrentadas (0.0768)
1580,silêncio (0.0777),observavam (0.0809),parecem (0.0751),existir (0.0749),argolinha (0.0767)
1581,viro (0.0777),sinta (0.0809),quero (0.0751),valores (0.0749),existo (0.0766)
1582,esguio (0.0776),lateral (0.0809),impor (0.0751),melodias (0.0749),esculpido (0.0765)
1583,alagoas (0.0776),causa (0.0808),descalço (0.0750),insistiu (0.0748),sustento (0.0765)
1584,look (0.0776),momento (0.0808),pintando (0.0749),protegendo (0.0748),justa (0.0765)
1585,abre (0.0776),teimosia (0.0808),carregavam (0.0749),graça (0.0748),impulsionam (0.0764)
1586,camisetas (0.0775),focando (0.0807),intrincada (0.0748),importo (0.0747),cachoeira (0.0764)
1587,contando (0.0775),emana (0.0807),material (0.0748),pausadas (0.0747),magia (0.0764)
1588,começam (0.0775),utiliza (0.0807),respeitando (0.0748),direito (0.0747),continuo (0.0764)
1589,grudava (0.0774),buscar (0.0806),indumentária (0.0748),santo (0.0747),digo (0.0764)
1590,graciosidade (0.0774),cearense (0.0806),sutilmente (0.0748),formas (0.0746),matriarca (0.0764)
1591,celebração (0.0774),complexo (0.0806),nela (0.0748),lo (0.0746),infinitamente (0.0764)
1592,pegam (0.0773),digital (0.0805),ondulados (0.0748),vintage (0.0746),salgada (0.0764)
1593,representa (0.0773),bracelete (0.0805),valor (0.0748),cercas (0.0746),linho (0.0763)
1594,quero (0.0773),forjada (0.0805),expressando (0.0747),piercings (0.0745),causas (0.0763)
1595,caseiro (0.0772),calejados (0.0805),alcançar (0.0747),netos (0.0745),cai (0.0763)
1596,inspiram (0.0772),problemas (0.0805),adquiridas (0.0747),look (0.0745),nó (0.0762)
1597,oportunidades (0.0772),ultimamente (0.0805),nele (0.0746),lenço (0.0745),contando (0.0762)
1598,ensina (0.0772),frases (0.0805),população (0.0745),vibe (0.0744),raiz (0.0762)
1599,japonesas (0.0771),preocupação (0.0804),intimidade (0.0745),acidente (0.0744),sorrir (0.0762)
1600,japão (0.0771),pausadas (0.0804),aromáticas (0.0745),turbilhão (0.0743),forças (0.0762)
1601,tempurá (0.0771),caía (0.0804),marcantes (0.0744),madura (0.0743),crescendo (0.0762)
1602,possível (0.0771),preocupo (0.0803),nada (0.0744),segunda (0.0743),corvo (0.0761)
1603,desfiada (0.0770),clareou (0.0803),pressão (0.0744),visível (0.0743),conversar (0.0761)
1604,despenteado (0.0770),more (0.0803),guardando (0.0744),denunciavam (0.0743),comprida (0.0761)
1605,francisco (0.0770),sobreposta (0.0803),digno (0.0744),ficar (0.0743),tijolos (0.0760)
1606,civil (0.0770),compartilho (0.0803),concreto (0.0743),inata (0.0742),inteira (0.0760)
1607,verdadeira (0.0769),progresso (0.0803),musculosos (0.0743),artes (0.0742),espaços (0.0760)
1608,ama (0.0769),cuidados (0.0803),variar (0.0743),vê (0.0742),torno (0.0760)
1609,desenhos (0.0769),aconchegante (0.0803),observador (0.0742),conforta (0.0742),zami (0.0759)
1610,carregar (0.0769),cerca (0.0801),caixa (0.0741),ancestralidades (0.0742),contemporâneos (0.0758)
1611,rede (0.0768),aprendeu (0.0801),fértil (0.0741),adicionava (0.0742),aparecer (0.0757)
1612,futebol (0.0767),abrange (0.0801),generoso (0.0741),lado (0.0742),asa (0.0757)
1613,moldaram (0.0766),praticando (0.0801),frutas (0.0740),porte (0.0742),projetos (0.0757)
1614,novo (0.0766),desenhos (0.0800),rígidas (0.0740),refúgio (0.0741),duas (0.0757)
1615,cactos (0.0766),encontrar (0.0800),transformando (0.0740),cana (0.0741),20 (0.0756)
1616,pingentes (0.0766),contrastam (0.0800),festa (0.0740),independência (0.0741),dançando (0.0756)
1617,recife (0.0766),quentinho (0.0800),exala (0.0740),bagunçava (0.0741),orelhas (0.0756)
1618,memória (0.0765),específicos (0.0800),distante (0.0739),discretamente (0.0740),próximo (0.0756)
1619,desafiam (0.0765),senhora (0.0799),contendo (0.0739),florescer (0.0739),amazônica (0.0756)
1620,praias (0.0765),aparado (0.0799),rústicas (0.0739),dez (0.0739),inglês (0.0756)
1621,mal (0.0765),aroma (0.0799),conhecia (0.0739),atenção (0.0739),entrelaçam (0.0756)
1622,construído (0.0765),gerente (0.0798),lar (0.0738),ari (0.0739),irmãos (0.0755)
1623,espalham (0.0764),porcelana (0.0798),novos (0.0738),criação (0.0739),bordada (0.0754)
1624,estação (0.0764),moda (0.0798),únicas (0.0737),ama (0.0739),moldaram (0.0754)
1625,poder (0.0764),lo (0.0798),disso (0.0737),agricultores (0.0739),floresce (0.0754)
1626,raimundão (0.0763),passagem (0.0798),caminhada (0.0736),liso (0.0737),nela (0.0754)
1627,asiático (0.0763),aguçada (0.0798),visão (0.0736),lugares (0.0736),deliciosa (0.0754)
1628,guardo (0.0763),prendiam (0.0798),aperta (0.0736),los (0.0736),irmã (0.0753)
1629,denota (0.0762),dedica (0.0798),música (0.0736),diz (0.0736),entanto (0.0752)
1630,conectam (0.0762),falando (0.0797),cachoeiras (0.0736),dona (0.0735),lugares (0.0752)
1631,juninas (0.0762),moletom (0.0797),repousava (0.0736),luca (0.0735),trilha (0.0751)
1632,quimono (0.0762),honesta (0.0797),repousa (0.0736),artesanato (0.0735),cílios (0.0751)
1633,complementam (0.0761),andrógino (0.0797),templo (0.0736),impulsiona (0.0735),espalham (0.0751)
1634,garimpadas (0.0761),paixões (0.0797),juazeiro (0.0736),dançando (0.0734),artistas (0.0751)
1635,constantes (0.0761),iracema (0.0797),largo (0.0736),desses (0.0734),apresentar (0.0751)
1636,juba (0.0761),temas (0.0797),neto (0.0735),amazônia (0.0733),pronome (0.0751)
1637,ajustava (0.0761),terrosos (0.0796),plantações (0.0735),pego (0.0733),ira (0.0751)
1638,expressam (0.0761),cercava (0.0796),laços (0.0734),trançados (0.0733),daniel (0.0751)
1639,trajetória (0.0761),transmitia (0.0795),denotando (0.0734),vira (0.0732),concha (0.0750)
1640,guardavam (0.0761),ilumina (0.0795),ver (0.0734),calosas (0.0732),abraçar (0.0750)
1641,cintura (0.0761),denunciavam (0.0795),mostrando (0.0734),deixou (0.0732),momento (0.0750)
1642,escolha (0.0761),manifesta (0.0794),lembro (0.0733),laura (0.0732),conhecem (0.0749)
1643,transmitem (0.0760),conectar (0.0794),ajudo (0.0733),contido (0.0731),expressam (0.0748)
1644,definir (0.0759),absorver (0.0794),cachimbo (0.0733),hábito (0.0731),passar (0.0748)
1645,citar (0.0759),religião (0.0794),padrão (0.0733),desenho (0.0731),muda (0.0747)
1646,inspirados (0.0759),décadas (0.0794),magia (0.0733),milho (0.0731),enrugada (0.0747)
1647,reunir (0.0759),caixinhas (0.0794),trabalhados (0.0733),mantinham (0.0731),frenético (0.0747)
1648,barulho (0.0759),curtir (0.0793),ambiental (0.0732),puxando (0.0731),pássaro (0.0746)
1649,24 (0.0759),60 (0.0793),mapas (0.0732),trocaria (0.0731),senso (0.0746)
1650,chamava (0.0759),três (0.0793),destaca (0.0732),binários (0.0730),importa (0.0745)
1651,diverso (0.0759),pitada (0.0793),bronzeados (0.0732),ruas (0.0730),focando (0.0745)
1652,livremente (0.0758),aí (0.0793),contemporânea (0.0731),conseguem (0.0730),tocar (0.0745)
1653,sendo (0.0757),pássaros (0.0792),cultivar (0.0730),contexto (0.0729),banhou (0.0745)
1654,pedaço (0.0757),pulseiras (0.0792),enfatizando (0.0730),legado (0.0729),turbantes (0.0745)
1655,únicas (0.0757),difícil (0.0792),ativa (0.0730),evidente (0.0729),repleto (0.0744)
1656,irradiava (0.0757),estilos (0.0792),esconde (0.0729),estatura (0.0729),gema (0.0744)
1657,improvisado (0.0757),brilham (0.0792),poeira (0.0729),emoções (0.0729),ipê (0.0744)
1658,caixa (0.0757),rapaz (0.0791),grisalhas (0.0728),cansado (0.0729),crucial (0.0744)
1659,tocar (0.0757),crítico (0.0791),amigo (0.0728),limita (0.0729),autoexpressão (0.0743)
1660,balançavam (0.0757),pequenos (0.0791),geométrico (0.0728),vivaz (0.0729),iemanjá (0.0743)
1661,popular (0.0757),los (0.0791),trabalhadas (0.0728),calado (0.0729),cuidada (0.0743)
1662,carinhosa (0.0757),época (0.0791),cariri (0.0728),esculpido (0.0728),guardar (0.0743)
1663,semblante (0.0757),gesto (0.0791),pau (0.0728),sustenta (0.0728),focar (0.0742)
1664,47 (0.0757),fantástica (0.0791),pataxó (0.0727),possam (0.0728),animadas (0.0742)
1665,alimenta (0.0757),vivacidade (0.0790),proteções (0.0727),antepassados (0.0728),brota (0.0742)
1666,lar (0.0757),ações (0.0790),seguirei (0.0727),asa (0.0727),poço (0.0742)
1667,cantigas (0.0756),cinza (0.0790),devastada (0.0727),inclemente (0.0727),conquista (0.0742)
1668,necessidade (0.0756),resiliente (0.0789),tornozelos (0.0727),viva (0.0727),belo (0.0742)
1669,engajada (0.0755),velho (0.0789),aldeias (0.0727),compridas (0.0727),pertencimento (0.0742)
1670,significa (0.0754),rebeldia (0.0789),demais (0.0727),acalma (0.0726),imagine (0.0740)
1671,transcende (0.0753),irmãos (0.0789),diversa (0.0727),adquiridas (0.0726),laços (0.0740)
1672,capazes (0.0753),carregavam (0.0788),inverno (0.0727),surge (0.0726),variam (0.0740)
1673,juventude (0.0753),descalços (0.0788),estampa (0.0725),preferindo (0.0726),batas (0.0740)
1674,pronto (0.0753),lazer (0.0788),branca (0.0725),colocar (0.0726),injustiças (0.0740)
1675,design (0.0753),pronúncia (0.0788),coloridos (0.0725),criei (0.0725),violência (0.0740)
1676,chamavam (0.0753),largos (0.0787),permite (0.0725),bege (0.0725),ajudava (0.0740)
1677,combinava (0.0753),encontradas (0.0787),perspicaz (0.0724),crescente (0.0725),abater (0.0740)
1678,frescos (0.0752),existem (0.0787),unhas (0.0723),consertos (0.0725),nenhuma (0.0740)
1679,quiser (0.0752),portugueses (0.0786),domina (0.0723),consertando (0.0725),amendoados (0.0739)
1680,deixam (0.0752),vejo (0.0785),lida (0.0723),quieto (0.0725),representando (0.0739)
1681,mesa (0.0752),capacidade (0.0784),energias (0.0722),brilhantes (0.0724),observando (0.0739)
1682,diversas (0.0752),neutra (0.0784),complexo (0.0722),corvo (0.0724),denotam (0.0739)
1683,fazem (0.0751),prateado (0.0784),alegrias (0.0721),joelhos (0.0724),apresenta (0.0739)
1684,preservação (0.0751),devota (0.0784),chega (0.0721),vividas (0.0724),papo (0.0739)
1685,violão (0.0751),barriguinha (0.0784),trilha (0.0720),dor (0.0724),geométricos (0.0738)
1686,caixas (0.0751),pesca (0.0784),caminhar (0.0720),diversas (0.0724),pensando (0.0738)
1687,ouço (0.0750),tentativa (0.0783),esqueçam (0.0720),torrente (0.0724),invisíveis (0.0737)
1688,pensando (0.0750),participa (0.0783),pulsar (0.0720),contrastam (0.0724),pequenos (0.0737)
1689,figura (0.0750),broche (0.0783),entrelaçado (0.0720),vestidos (0.0723),passadas (0.0737)
1690,beira (0.0750),incríveis (0.0783),belas (0.0720),tipo (0.0723),ousadas (0.0736)
1691,melancolia (0.0750),generalização (0.0783),sofremos (0.0720),juventude (0.0723),enfrento (0.0736)
1692,minimalista (0.0750),amplamente (0.0783),impulsiona (0.0719),pausada (0.0723),maracatu (0.0736)
1693,sustentava (0.0750),tricô (0.0783),modernos (0.0719),negra (0.0722),construo (0.0736)
1694,bordados (0.0749),considerando (0.0783),conseguem (0.0719),tomando (0.0722),conectada (0.0736)
1695,rótulo (0.0749),rabiscado (0.0783),basta (0.0719),hibisco (0.0722),misturava (0.0736)
1696,barba (0.0749),silenciosas (0.0783),adornam (0.0718),acham (0.0722),admiração (0.0736)
1697,causas (0.0747),carregando (0.0783),cuidadosa (0.0718),lenha (0.0722),horas (0.0735)
1698,pesado (0.0747),mudar (0.0781),ecoando (0.0718),decifrar (0.0722),tradicional (0.0735)
1699,autores (0.0747),antigas (0.0781),ébano (0.0718),autoconhecimento (0.0722),inspirar (0.0735)
1700,falante (0.0747),crescente (0.0780),momento (0.0718),aspereza (0.0722),sertanejo (0.0735)
1701,bronzeou (0.0746),impecavelmente (0.0780),brotam (0.0718),gosta (0.0721),mexe (0.0735)
1702,andróginas (0.0746),fundamental (0.0779),colonização (0.0718),árvores (0.0721),grudado (0.0735)
1703,visível (0.0746),sonhos (0.0779),olho (0.0718),cacau (0.0720),vibração (0.0734)
1704,poços (0.0745),percebe (0.0779),transmitir (0.0718),inteira (0.0720),refletir (0.0734)
1705,normalmente (0.0744),cultiva (0.0779),levou (0.0718),peça (0.0720),típica (0.0733)
1706,tijolo (0.0744),lúcia (0.0779),caloroso (0.0716),envergonho (0.0720),bracelete (0.0733)
1707,repleta (0.0744),informações (0.0779),evidente (0.0716),apertado (0.0720),chuvas (0.0732)
1708,apreciava (0.0744),fortemente (0.0779),inspirados (0.0716),provavelmente (0.0719),pessoais (0.0732)
1709,empatia (0.0744),inúmeras (0.0778),toco (0.0716),sopra (0.0719),consertar (0.0732)
1710,porte (0.0744),festa (0.0778),voo (0.0715),ecoava (0.0719),inata (0.0732)
1711,cana (0.0744),abraço (0.0778),essencial (0.0715),transformar (0.0719),precisão (0.0732)
1712,termos (0.0744),acumulada (0.0777),identidades (0.0714),bordada (0.0718),grudando (0.0732)
1713,difíceis (0.0743),outrora (0.0777),crescente (0.0714),bonita (0.0718),grafite (0.0732)
1714,estrelas (0.0742),cachorro (0.0777),arranjo (0.0714),preenche (0.0718),acolhedora (0.0732)
1715,sulco (0.0742),cidadão (0.0777),contou (0.0714),manter (0.0718),jovens (0.0732)
1716,plantaram (0.0742),admito (0.0777),possamos (0.0714),celebração (0.0718),independência (0.0732)
1717,arrastados (0.0742),largas (0.0777),capim (0.0713),possa (0.0718),novas (0.0731)
1718,desfeito (0.0742),joia (0.0777),lenha (0.0713),balanço (0.0718),ênfase (0.0731)
1719,expressando (0.0742),lembrava (0.0777),singular (0.0713),solo (0.0717),amanheceres (0.0731)
1720,inspira (0.0741),memória (0.0775),peixes (0.0713),trás (0.0716),maranhão (0.0731)
1721,seriedade (0.0741),artesã (0.0775),yara (0.0713),preservação (0.0716),desafio (0.0731)
1722,projetos (0.0741),tropeiro (0.0775),trançar (0.0713),língua (0.0716),fundo (0.0731)
1723,vivacidade (0.0741),boas (0.0774),copaíba (0.0713),coco (0.0716),auto (0.0730)
1724,coqueiros (0.0741),curvada (0.0774),cantamos (0.0713),definição (0.0716),defender (0.0730)
1725,tapioca (0.0741),discussões (0.0774),saudade (0.0712),humildade (0.0716),antigas (0.0730)
1726,realidade (0.0741),aprecio (0.0774),aprendido (0.0712),acordo (0.0716),atenção (0.0729)
1727,demonstrando (0.0740),adolescência (0.0774),vivendo (0.0712),terroso (0.0716),renda (0.0729)
1728,textura (0.0740),escapa (0.0774),deve (0.0712),alegres (0.0716),plástica (0.0728)
1729,tropicais (0.0740),feita (0.0774),falava (0.0712),colheitas (0.0716),sinceras (0.0728)
1730,deixavam (0.0740),fazia (0.0774),lembravam (0.0712),adicionando (0.0715),bússola (0.0728)
1731,pitada (0.0740),enfrentou (0.0774),dores (0.0711),opta (0.0715),brinca (0.0728)
1732,autêntico (0.0740),contemporâneas (0.0774),falta (0.0711),futebol (0.0715),abria (0.0728)
1733,exige (0.0739),defino (0.0773),encontrar (0.0711),tomar (0.0714),regata (0.0728)
1734,cozinha (0.0739),bolo (0.0773),bela (0.0710),misturava (0.0714),pintando (0.0728)
1735,vista (0.0739),musculoso (0.0772),posição (0.0710),necessária (0.0714),existindo (0.0727)
1736,política (0.0738),funcionais (0.0771),deste (0.0709),chimarrão (0.0713),acostuma (0.0727)
1737,entrelaçam (0.0738),requer (0.0771),garantir (0.0709),caudaloso (0.0712),acumuladas (0.0727)
1738,aprendizado (0.0738),severino (0.0770),macio (0.0709),agilidade (0.0712),branca (0.0727)
1739,diz (0.0738),imaginar (0.0770),figuras (0.0709),bronzeados (0.0712),caseira (0.0726)
1740,oi (0.0738),netos (0.0770),exibia (0.0709),moldada (0.0712),novo (0.0726)
1741,resilientes (0.0736),leite (0.0769),secas (0.0709),brincava (0.0711),vista (0.0726)
1742,sulistas (0.0736),colheita (0.0768),naturalidade (0.0709),vejo (0.0711),estado (0.0726)
1743,perfeita (0.0736),justiça (0.0767),frequentemente (0.0708),causa (0.0710),política (0.0726)
1744,vestuário (0.0736),aceitar (0.0767),discretas (0.0708),impor (0.0710),insinuava (0.0726)
1745,clarinho (0.0736),antiga (0.0767),suficiente (0.0708),mantinha (0.0710),envolve (0.0726)
1746,chineses (0.0736),repleta (0.0766),observadora (0.0708),queda (0.0710),los (0.0726)
1747,guardam (0.0735),consertar (0.0766),amazonas (0.0707),belezas (0.0710),descrições (0.0726)
1748,generosidade (0.0735),pintar (0.0766),furioso (0.0707),queimou (0.0710),desbotadas (0.0726)
1749,indefinida (0.0735),caco (0.0766),tambor (0.0707),áridas (0.0710),candomblé (0.0725)
1750,começa (0.0734),acostuma (0.0766),manejo (0.0707),autores (0.0710),importantes (0.0725)
1751,facilmente (0.0734),cardigan (0.0765),oração (0.0707),tortos (0.0708),permeia (0.0725)
1752,descoberta (0.0734),lau (0.0765),rótulo (0.0706),marginalizadas (0.0707),ativamente (0.0725)
1753,acolhimento (0.0734),fosco (0.0765),plantam (0.0705),aperto (0.0707),vivências (0.0725)
1754,quadro (0.0733),expõe (0.0765),indelével (0.0705),lutou (0.0706),ecoavam (0.0725)
1755,ossudo (0.0733),gaúchos (0.0765),guerreiras (0.0705),desfiada (0.0706),topo (0.0724)
1756,mineira (0.0733),lua (0.0765),borracha (0.0705),deixavam (0.0706),escorrendo (0.0724)
1757,diria (0.0732),presença (0.0764),vivida (0.0704),irradiavam (0.0706),alegre (0.0724)
1758,início (0.0732),verdadeira (0.0763),surpreendente (0.0704),sensação (0.0704),daiane (0.0724)
1759,impecavelmente (0.0732),causos (0.0763),criações (0.0704),tapioca (0.0704),retinta (0.0724)
1760,legado (0.0732),imagino (0.0763),cinto (0.0704),primeira (0.0704),janaína (0.0724)
1761,estatura (0.0732),contraste (0.0763),manual (0.0704),cravo (0.0704),pego (0.0724)
1762,junto (0.0732),umas (0.0763),infinitamente (0.0703),esboçavam (0.0704),masculina (0.0722)
1763,possuía (0.0731),homens (0.0763),queima (0.0703),cerâmica (0.0704),encontradas (0.0722)
1764,ponto (0.0731),enxada (0.0763),desafiando (0.0703),completava (0.0704),etc (0.0722)
1765,espontâneo (0.0731),pulseira (0.0762),fez (0.0702),adaptar (0.0704),pescador (0.0722)
1766,plantas (0.0730),diz (0.0762),manso (0.0702),pulsos (0.0703),construído (0.0722)
1767,trabalharam (0.0730),aprendizado (0.0762),vibrar (0.0702),dizia (0.0703),dizia (0.0722)
1768,camarão (0.0730),antigos (0.0762),definida (0.0702),querer (0.0702),ideal (0.0722)
1769,sincero (0.0730),adversidades (0.0761),estiagem (0.0701),enraizada (0.0702),amigas (0.0722)
1770,curta (0.0729),leais (0.0761),demonstrava (0.0701),raramente (0.0702),livro (0.0721)
1771,goiana (0.0729),amigas (0.0760),prender (0.0701),existindo (0.0702),exploram (0.0721)
1772,constantemente (0.0729),passando (0.0759),reza (0.0701),rápido (0.0702),constroem (0.0721)
1773,contínua (0.0729),maneiras (0.0759),respeitado (0.0701),cantigas (0.0702),costumam (0.0721)
1774,realçava (0.0729),terras (0.0759),narram (0.0701),corte (0.0702),nasceu (0.0721)
1775,dou (0.0729),desse (0.0759),explicar (0.0701),construído (0.0701),binários (0.0721)
1776,procuro (0.0729),largo (0.0759),sorrisos (0.0700),baiana (0.0701),trabalhadora (0.0721)
1777,feitas (0.0729),urbanas (0.0759),lembrete (0.0700),músculos (0.0701),quarenta (0.0721)
1778,colhendo (0.0729),pescador (0.0759),verdadeira (0.0699),exatamente (0.0701),cravou (0.0719)
1779,espalhadas (0.0729),mal (0.0759),oestino (0.0699),queixo (0.0701),espontâneo (0.0719)
1780,altura (0.0729),plantar (0.0758),nesse (0.0698),desenhar (0.0701),amarelo (0.0719)
1781,gerais (0.0729),desfeito (0.0757),desleixado (0.0698),misturadas (0.0700),menino (0.0719)
1782,velhos (0.0728),conservadores (0.0757),lidar (0.0697),severino (0.0700),escudo (0.0718)
1783,linha (0.0728),emoldurarem (0.0757),estações (0.0696),quitutes (0.0700),afirmar (0.0718)
1784,trabalhar (0.0728),neutro (0.0756),dura (0.0696),caipira (0.0699),tirar (0.0718)
1785,teimam (0.0728),soprava (0.0756),línguas (0.0695),uai (0.0699),balançam (0.0718)
1786,vermelho (0.0728),deu (0.0756),alimento (0.0695),absorver (0.0699),óleo (0.0718)
1787,ofensivo (0.0727),indivíduo (0.0756),lascado (0.0695),terracota (0.0699),desenhos (0.0717)
1788,tempero (0.0727),curioso (0.0756),calção (0.0695),diversos (0.0699),definir (0.0717)
1789,combinando (0.0727),henna (0.0756),moderno (0.0695),trinta (0.0699),citar (0.0717)
1790,vatapá (0.0727),preconceito (0.0755),aprendeu (0.0695),partir (0.0699),entoações (0.0717)
1791,italianos (0.0727),essência (0.0754),terracota (0.0694),baixa (0.0699),compridas (0.0717)
1792,luísa (0.0727),ali (0.0754),impregnado (0.0694),conecta (0.0699),largas (0.0717)
1793,rural (0.0726),brincadeiras (0.0753),matam (0.0694),mestiça (0.0698),literatura (0.0717)
1794,vi (0.0726),imperceptíveis (0.0753),araponga (0.0694),passadas (0.0698),altura (0.0717)
1795,planta (0.0725),minimalistas (0.0753),vegetal (0.0694),estrelas (0.0697),arroz (0.0716)
1796,mediana (0.0725),introspectiva (0.0753),transmitidos (0.0694),observavam (0.0697),personificação (0.0716)
1797,vai (0.0725),caracterizam (0.0753),bororo (0.0694),longe (0.0697),final (0.0716)
1798,mansa (0.0725),ando (0.0753),esquecimento (0.0694),passo (0.0697),bisneta (0.0715)
1799,estampadas (0.0725),felicidade (0.0753),mura (0.0694),sessenta (0.0696),rodada (0.0715)
1800,capim (0.0725),generosa (0.0753),seguimos (0.0694),trabalha (0.0696),malícia (0.0715)
1801,gema (0.0725),tropical (0.0752),araribá (0.0694),observava (0.0696),rural (0.0715)
1802,aspereza (0.0724),turquesa (0.0752),cosmovisão (0.0694),power (0.0696),brechós (0.0715)
1803,rachada (0.0724),risadas (0.0752),extraídas (0.0694),black (0.0696),acolhe (0.0714)
1804,gosta (0.0724),caixa (0.0751),sussurrada (0.0694),adornadas (0.0696),pedreiro (0.0713)
1805,sustento (0.0724),final (0.0751),fresco (0.0694),definir (0.0696),proporcionar (0.0712)
1806,perspectiva (0.0723),opções (0.0751),verde (0.0693),curta (0.0696),rachado (0.0712)
1807,físicos (0.0723),subjetivas (0.0751),conforto (0.0693),amazônica (0.0695),pende (0.0712)
1808,rígidos (0.0723),cercado (0.0751),guardavam (0.0693),velha (0.0695),cacheado (0.0712)
1809,árvores (0.0723),convicções (0.0751),queixo (0.0692),incessante (0.0695),mpb (0.0711)
1810,cercava (0.0723),corporal (0.0751),começa (0.0692),mover (0.0695),espiritualidade (0.0711)
1811,imponente (0.0723),prova (0.0750),curtida (0.0691),dificuldade (0.0695),representa (0.0711)
1812,emoldurare (0.0723),apego (0.0750),ah (0.0691),cílios (0.0695),peça (0.0711)
1813,cintilava (0.0723),saliente (0.0750),quarenta (0.0691),existe (0.0694),pulsante (0.0711)
1814,recorrer (0.0723),verdadeiros (0.0750),participo (0.0690),mediana (0.0694),comunicativo (0.0711)
1815,síntese (0.0723),uniforme (0.0750),corações (0.0690),imponente (0.0694),alimentam (0.0711)
1816,benedito (0.0722),escuto (0.0750),canção (0.0690),cigarros (0.0693),reconhecer (0.0710)
1817,eterno (0.0722),ah (0.0750),impuseram (0.0690),vilarejo (0.0693),gravadas (0.0709)
1818,rotina (0.0722),grosso (0.0749),planto (0.0690),trabalhosa (0.0693),feiras (0.0709)
1819,transformar (0.0721),esculpido (0.0749),cachos (0.0690),universo (0.0693),buscam (0.0709)
1820,decidido (0.0721),indígenas (0.0749),casas (0.0689),realçava (0.0693),cimento (0.0709)
1821,acredita (0.0720),viagens (0.0749),ponto (0.0689),moldar (0.0693),acolheu (0.0709)
1822,emanavam (0.0720),feira (0.0748),misturada (0.0689),constantes (0.0693),aí (0.0709)
1823,receita (0.0720),cima (0.0748),38 (0.0689),portugueses (0.0693),busco (0.0709)
1824,chá (0.0720),segue (0.0748),cuidadoso (0.0688),chita (0.0693),senti (0.0709)
1825,robustos (0.0720),criativo (0.0747),totalmente (0.0688),definem (0.0693),desenvoltura (0.0709)
1826,estrada (0.0720),permanente (0.0747),atividade (0.0688),sobreposta (0.0692),kátia (0.0708)
1827,tarefas (0.0720),manchas (0.0747),chamada (0.0687),segue (0.0691),definições (0.0708)
1828,esmeralda (0.0720),costas (0.0747),surge (0.0687),tá (0.0691),entendem (0.0707)
1829,boné (0.0720),descobrir (0.0747),procuro (0.0687),inspiração (0.0690),transcendia (0.0707)
1830,fortaleza (0.0719),jogando (0.0747),desajeitado (0.0687),cacho (0.0690),próxima (0.0707)
1831,variar (0.0719),quilos (0.0747),focando (0.0686),virar (0.0690),conchas (0.0707)
1832,diariamente (0.0718),humorada (0.0747),sobreviver (0.0686),amam (0.0690),lembrar (0.0706)
1833,falavam (0.0718),indicava (0.0747),externo (0.0686),pontuada (0.0690),ouço (0.0706)
1834,inseguranças (0.0718),pesadas (0.0746),preservando (0.0686),aí (0.0690),combinado (0.0706)
1835,irônico (0.0717),surradas (0.0746),medicinal (0.0686),presentes (0.0690),piercings (0.0706)
1836,complexo (0.0716),identifico (0.0746),guiaram (0.0686),tropeiro (0.0690),pesado (0.0706)
1837,ocasião (0.0716),campos (0.0746),cânticos (0.0686),estereótipos (0.0689),funcional (0.0706)
1838,transparece (0.0715),caatinga (0.0746),galhos (0.0686),musculosos (0.0688),aspectos (0.0706)
1839,conhecem (0.0715),rachado (0.0745),fluxo (0.0686),gema (0.0688),proteger (0.0706)
1840,soava (0.0715),importo (0.0744),preparo (0.0686),construíram (0.0688),trabalhador (0.0706)
1841,bonito (0.0715),observava (0.0744),objeto (0.0686),duros (0.0688),desta (0.0705)
1842,espectro (0.0715),ano (0.0744),ensino (0.0686),frio (0.0687),aparecem (0.0705)
1843,pratos (0.0715),visibilidade (0.0744),resistências (0.0686),calorosa (0.0687),cantar (0.0704)
1844,embalava (0.0714),mesclando (0.0744),ficando (0.0686),astúcia (0.0687),artes (0.0703)
1845,graúna (0.0714),sobrinhos (0.0744),exibem (0.0686),vatapá (0.0687),pequi (0.0703)
1846,oliva (0.0714),apreço (0.0744),enquadrar (0.0685),seguraram (0.0687),tente (0.0703)
1847,delicioso (0.0714),pragmática (0.0744),alya (0.0685),cultiva (0.0686),volumes (0.0702)
1848,diversa (0.0714),público (0.0744),belo (0.0685),alegre (0.0686),ricos (0.0702)
1849,agricultura (0.0713),jardinagem (0.0744),inteligência (0.0685),ocasião (0.0685),herdeira (0.0702)
1850,grupo (0.0712),bermudas (0.0744),nariz (0.0685),funcional (0.0685),insistia (0.0702)
1851,contada (0.0712),séries (0.0744),marrom (0.0684),devagar (0.0685),relógio (0.0702)
1852,impor (0.0712),camisas (0.0744),vi (0.0684),temas (0.0685),agricultura (0.0701)
1853,magra (0.0712),cerâmica (0.0743),segue (0.0683),observa (0.0684),combustível (0.0701)
1854,sorrir (0.0712),chamo (0.0743),fim (0.0683),cativante (0.0684),fluente (0.0701)
1855,esposa (0.0712),entretanto (0.0742),gastas (0.0683),bochecha (0.0684),salgado (0.0701)
1856,inclusiva (0.0712),inclui (0.0742),bicho (0.0682),traçado (0.0684),ternura (0.0701)
1857,intercalando (0.0712),ajudou (0.0742),jamais (0.0682),tornava (0.0684),tornam (0.0700)
1858,sarcástico (0.0712),conectada (0.0742),elaborado (0.0682),xote (0.0684),enorme (0.0700)
1859,contínuo (0.0710),amanhecer (0.0742),lisa (0.0682),explicações (0.0683),florescer (0.0699)
1860,pintar (0.0710),quebra (0.0742),nomes (0.0681),incontáveis (0.0682),lembrete (0.0699)
1861,feminilidade (0.0709),pesado (0.0742),vários (0.0681),coloria (0.0682),paraenses (0.0698)
1862,sentia (0.0709),lutar (0.0741),escaldava (0.0680),marcando (0.0682),registrada (0.0698)
1863,superior (0.0709),comunicação (0.0741),conectar (0.0680),várias (0.0682),pitada (0.0697)
1864,desleixado (0.0709),esconder (0.0741),gaúcho (0.0679),testemunha (0.0682),bochechas (0.0697)
1865,curtas (0.0708),áridas (0.0741),participa (0.0679),fez (0.0682),imensidão (0.0697)
1866,dessas (0.0708),feminino (0.0739),murmúrio (0.0679),repleta (0.0682),habilidade (0.0697)
1867,acompanham (0.0708),intensidade (0.0739),cautelosa (0.0679),criar (0.0682),estrutura (0.0697)
1868,trabalhando (0.0708),inclusão (0.0739),milenares (0.0679),puxados (0.0682),presilhas (0.0695)
1869,observação (0.0707),cultivar (0.0738),narrativa (0.0678),pesca (0.0682),tapioca (0.0695)
1870,pronome (0.0707),ancestral (0.0738),abraço (0.0678),sincera (0.0681),religiosa (0.0695)
1871,afetos (0.0707),começavam (0.0738),intensificam (0.0677),buscam (0.0681),orgulha (0.0695)
1872,agricultores (0.0707),santa (0.0738),movem (0.0677),séria (0.0681),celebrada (0.0695)
1873,serve (0.0707),ajustadas (0.0738),dualidade (0.0677),toma (0.0681),rachadas (0.0695)
1874,sabem (0.0707),comércio (0.0738),entendimento (0.0677),aparece (0.0681),fotografia (0.0695)
1875,descrições (0.0707),ambientes (0.0738),adereços (0.0677),orgulhoso (0.0681),cordas (0.0695)
1876,brincalhão (0.0707),praticar (0.0738),inspirava (0.0677),denotando (0.0680),ginga (0.0695)
1877,bermuda (0.0706),goianiense (0.0738),deixar (0.0677),limites (0.0680),quilombola (0.0695)
1878,materiais (0.0706),melodia (0.0737),fictícia (0.0676),gado (0.0680),soube (0.0694)
1879,momento (0.0706),escondia (0.0737),adapta (0.0676),sendo (0.0680),residem (0.0694)
1880,moldura (0.0705),arrebitado (0.0737),respiro (0.0676),delicada (0.0680),liberta (0.0694)
1881,velho (0.0705),ágeis (0.0736),injustiças (0.0676),inspira (0.0680),tapeçaria (0.0694)
1882,inferior (0.0705),religiosa (0.0736),segredo (0.0676),cadenciado (0.0680),terras (0.0694)
1883,penteado (0.0705),oval (0.0735),retratam (0.0676),poderosa (0.0679),segurar (0.0693)
1884,curiosos (0.0705),espera (0.0735),aprender (0.0676),rasgadas (0.0679),articulada (0.0693)
1885,ato (0.0705),sinceridade (0.0735),nordestina (0.0674),manchas (0.0678),tatuagens (0.0693)
1886,rir (0.0705),esculpindo (0.0735),forjada (0.0674),barulhenta (0.0678),realça (0.0693)
1887,lida (0.0705),deixavam (0.0734),respeitosa (0.0674),açúcar (0.0678),camisetas (0.0692)
1888,ralo (0.0705),caíam (0.0734),lembrava (0.0674),segredo (0.0678),maçãs (0.0692)
1889,considero (0.0704),perseverança (0.0733),esboça (0.0673),fogão (0.0678),pré (0.0692)
1890,esguia (0.0704),pontos (0.0733),papéis (0.0673),chamavam (0.0678),amazônico (0.0692)
1891,descoladas (0.0704),gráfica (0.0733),prefira (0.0673),50 (0.0678),tímido (0.0692)
1892,nasceu (0.0704),descoladas (0.0733),mistérios (0.0673),pintando (0.0678),valores (0.0691)
1893,binários (0.0704),nela (0.0733),fluindo (0.0673),ensinaram (0.0678),gostosa (0.0691)
1894,masculina (0.0703),novo (0.0733),normas (0.0673),colares (0.0677),acentuar (0.0691)
1895,áspera (0.0703),pontuado (0.0733),espaço (0.0673),demonstram (0.0677),conquistar (0.0691)
1896,expresso (0.0703),conserva (0.0732),externa (0.0672),cultivar (0.0677),esquerdo (0.0691)
1897,calosas (0.0703),evento (0.0732),fogueiras (0.0672),sorrir (0.0677),apoia (0.0690)
1898,solar (0.0703),meia (0.0732),injustiça (0.0672),salgado (0.0677),pinto (0.0690)
1899,tantas (0.0703),compartilha (0.0732),gravada (0.0671),evoca (0.0676),possam (0.0690)
1900,menos (0.0703),move (0.0732),preconceitos (0.0671),batia (0.0676),conseguem (0.0690)
1901,saias (0.0703),cuidadosamente (0.0732),estende (0.0669),vou (0.0675),capítulo (0.0689)
1902,passados (0.0703),determinação (0.0732),compartilho (0.0669),guaraná (0.0675),pausada (0.0689)
1903,representando (0.0703),generalizar (0.0731),continuo (0.0669),corrida (0.0675),vintage (0.0689)
1904,mix (0.0702),avelã (0.0731),diferença (0.0669),pintar (0.0675),colhendo (0.0689)
1905,escolhas (0.0702),caixinha (0.0731),ambos (0.0669),escorre (0.0675),combinando (0.0689)
1906,caipira (0.0702),moldura (0.0731),conversa (0.0668),achar (0.0675),responsabilidade (0.0688)
1907,cachaça (0.0702),cachaça (0.0730),muda (0.0667),habitualmente (0.0675),observavam (0.0688)
1908,abrir (0.0702),topo (0.0730),imagem (0.0666),pitada (0.0673),lembravam (0.0688)
1909,impregnado (0.0702),juninas (0.0730),compreensão (0.0666),despenteado (0.0673),cuja (0.0687)
1910,desses (0.0702),cissa (0.0730),vasta (0.0666),significativo (0.0673),chamativos (0.0687)
1911,farofa (0.0701),internacionais (0.0730),pulseira (0.0666),construiu (0.0673),cabem (0.0687)
1912,falam (0.0700),teimo (0.0730),insinuava (0.0666),contemporâneas (0.0673),observava (0.0687)
1913,direita (0.0700),ufrgs (0.0730),harmoniza (0.0666),fiel (0.0673),vestimenta (0.0687)
1914,pendia (0.0700),suavemente (0.0729),oral (0.0666),habitual (0.0673),goiana (0.0687)
1915,charme (0.0699),pré (0.0729),originários (0.0666),bordar (0.0673),curta (0.0687)
1916,cajueiro (0.0699),religiosidade (0.0728),alimentada (0.0666),coragem (0.0673),tira (0.0687)
1917,cartilagem (0.0698),participando (0.0728),nascido (0.0666),falante (0.0673),acostumada (0.0687)
1918,dente (0.0698),descoberta (0.0728),sobrancelha (0.0666),rock (0.0673),podemos (0.0687)
1919,fazia (0.0698),20 (0.0727),completamente (0.0666),neutros (0.0671),africano (0.0686)
1920,via (0.0697),asfalto (0.0727),binarie (0.0666),figurino (0.0671),ajudando (0.0686)
1921,rústica (0.0697),colorido (0.0727),pano (0.0666),marinho (0.0671),emoções (0.0686)
1922,emoções (0.0697),pecuária (0.0727),residem (0.0666),sorriem (0.0671),reflexões (0.0686)
1923,ajudar (0.0697),calçados (0.0727),dizia (0.0665),rosados (0.0671),capazes (0.0685)
1924,entonações (0.0697),lata (0.0727),resilientes (0.0665),ideais (0.0671),defino (0.0685)
1925,vietnamita (0.0697),celular (0.0727),pontos (0.0664),açaí (0.0671),irradiava (0.0685)
1926,oriental (0.0697),saias (0.0726),camisetas (0.0663),escuras (0.0671),comidas (0.0684)
1927,crescente (0.0697),cicatrizes (0.0726),independente (0.0663),perfeitamente (0.0671),carregou (0.0684)
1928,pão (0.0697),vinha (0.0726),expresso (0.0663),descalço (0.0670),infinitas (0.0684)
1929,prejudiciais (0.0696),escolhidas (0.0726),amazônico (0.0663),moldaram (0.0670),inesquecível (0.0684)
1930,animado (0.0696),denunciam (0.0725),açaí (0.0663),abro (0.0670),lgbtqiap (0.0684)
1931,visuais (0.0696),espontâneo (0.0725),adaptação (0.0662),velho (0.0670),iari (0.0684)
1932,exploram (0.0696),protege (0.0724),acalmar (0.0662),acolhe (0.0669),diminuir (0.0684)
1933,mesclava (0.0695),protetor (0.0724),brilhantes (0.0662),questões (0.0669),fluidos (0.0684)
1934,cícero (0.0695),gelado (0.0724),inúmeros (0.0662),lar (0.0668),plantio (0.0684)
1935,nascença (0.0695),mora (0.0724),importa (0.0661),vamos (0.0668),utilizando (0.0684)
1936,transmitir (0.0695),encontrei (0.0724),emanando (0.0661),bons (0.0668),ano (0.0683)
1937,toques (0.0695),humana (0.0724),delicadamente (0.0661),persistente (0.0668),poços (0.0682)
1938,guri (0.0695),pop (0.0723),fraca (0.0661),dando (0.0668),moderna (0.0682)
1939,universo (0.0695),individual (0.0723),cravou (0.0660),presilhas (0.0668),tá (0.0682)
1940,binárias (0.0695),olho (0.0723),participando (0.0660),orgulha (0.0668),reunir (0.0682)
1941,gravadas (0.0695),determinada (0.0723),sussurros (0.0660),douradas (0.0668),coletivos (0.0681)
1942,decifrar (0.0694),fluidez (0.0723),aceitação (0.0659),áspera (0.0668),toca (0.0681)
1943,mosaico (0.0694),franco (0.0723),abrange (0.0659),árdua (0.0668),sofrida (0.0681)
1944,aba (0.0693),arroz (0.0722),necessário (0.0659),contato (0.0668),cativava (0.0681)
1945,naquele (0.0693),trouxe (0.0722),urbano (0.0658),cuidar (0.0668),árida (0.0681)
1946,passando (0.0692),férias (0.0722),via (0.0657),cinzento (0.0667),aperta (0.0681)
1947,questão (0.0692),extravagante (0.0722),sarongue (0.0657),ocasional (0.0667),secas (0.0681)
1948,protetor (0.0692),moram (0.0722),esculpia (0.0657),antiga (0.0667),rede (0.0681)
1949,moleque (0.0692),liberal (0.0722),iranduba (0.0657),tô (0.0666),respeitar (0.0680)
1950,cativava (0.0692),variável (0.0722),maus (0.0657),brechós (0.0666),cercado (0.0679)
1951,tropeiro (0.0692),70 (0.0722),sobrepõe (0.0657),rural (0.0666),septo (0.0679)
1952,secas (0.0692),assisto (0.0722),desmatamento (0.0657),soltas (0.0666),mudar (0.0679)
1953,população (0.0691),comerciante (0.0722),ju (0.0657),cozinha (0.0666),facilidade (0.0679)
1954,pedreiro (0.0691),cosmopolita (0.0722),cipós (0.0657),fartos (0.0666),barreiras (0.0679)
1955,pó (0.0691),universitário (0.0722),tupiniquim (0.0657),juba (0.0665),baunilha (0.0679)
1956,suficiente (0.0690),elegantes (0.0722),guaraní (0.0657),marcantes (0.0665),presenteou (0.0679)
1957,passa (0.0690),influenciada (0.0722),trocas (0.0657),brasília (0.0665),pronuncia (0.0679)
1958,sulcada (0.0690),zona (0.0722),continuaremos (0.0657),laços (0.0665),ilhéus (0.0679)
1959,evitar (0.0690),reunida (0.0722),continuidade (0.0657),cinquenta (0.0665),artesanais (0.0678)
1960,cuidadosamente (0.0690),reunir (0.0721),tupinambá (0.0657),fazem (0.0664),trazem (0.0678)
1961,azulado (0.0689),existir (0.0721),honram (0.0657),escorrendo (0.0664),dores (0.0677)
1962,rodada (0.0689),relações (0.0721),lutarei (0.0657),atividade (0.0663),apertado (0.0677)
1963,mole (0.0689),italianos (0.0721),clã (0.0657),humana (0.0663),estreladas (0.0677)
1964,curvados (0.0689),ganhar (0.0721),juventude (0.0657),escova (0.0663),viagens (0.0677)
1965,doces (0.0689),pertencimento (0.0721),gruda (0.0657),teimava (0.0663),alex (0.0677)
1966,padrão (0.0689),fumo (0.0721),trabalhar (0.0657),incondicionalmente (0.0663),vencer (0.0677)
1967,solo (0.0689),rebelde (0.0720),especial (0.0657),contraditória (0.0663),ideias (0.0676)
1968,lutando (0.0689),vi (0.0720),salpicado (0.0656),rede (0.0662),carregados (0.0675)
1969,contrastes (0.0689),descansava (0.0719),adaptadas (0.0656),gutural (0.0662),cultivando (0.0675)
1970,alegre (0.0688),septo (0.0719),crenças (0.0656),gruda (0.0662),pesadas (0.0675)
1971,cicinho (0.0688),pó (0.0719),provavelmente (0.0656),sobreviver (0.0662),despojado (0.0675)
1972,santista (0.0688),gasto (0.0719),nuances (0.0655),aprender (0.0662),jamais (0.0675)
1973,sorrisos (0.0688),porta (0.0719),plantio (0.0655),conectar (0.0661),plena (0.0675)
1974,definidos (0.0688),filho (0.0719),pernambucano (0.0655),crítico (0.0661),bandeira (0.0674)
1975,ideias (0.0688),encaixei (0.0718),definem (0.0655),rapaz (0.0661),engenharia (0.0674)
1976,bronzeia (0.0688),vogais (0.0718),par (0.0655),acessório (0.0660),promover (0.0674)
1977,remetem (0.0688),ostentava (0.0718),ano (0.0655),sobreviveram (0.0660),miscigenação (0.0674)
1978,desbotadas (0.0687),seco (0.0717),contagiante (0.0655),35 (0.0660),descansa (0.0674)
1979,transforma (0.0687),lavagens (0.0717),alguém (0.0654),senti (0.0660),testemunha (0.0673)
1980,intempéries (0.0687),castigava (0.0717),balançava (0.0654),possuíam (0.0660),leva (0.0673)
1981,sigo (0.0687),fiz (0.0717),mudanças (0.0653),nascimento (0.0660),cerâmica (0.0673)
1982,tornava (0.0686),durante (0.0717),joelhos (0.0653),reflexões (0.0659),completo (0.0672)
1983,felicidade (0.0686),gentileza (0.0717),enormemente (0.0653),perdido (0.0659),desigualdades (0.0672)
1984,minimalistas (0.0686),oportunidades (0.0716),aí (0.0652),observar (0.0659),contribuir (0.0672)
1985,perceber (0.0686),reconhecer (0.0716),obras (0.0652),proporcionar (0.0659),permitam (0.0672)
1986,varanda (0.0686),etnia (0.0716),compartilhar (0.0652),radiante (0.0659),cobria (0.0672)
1987,frutos (0.0686),representatividade (0.0716),decidido (0.0651),complexidades (0.0657),silenciosas (0.0672)
1988,livros (0.0685),chá (0.0715),variedade (0.0651),aula (0.0657),difícil (0.0672)
1989,cigarro (0.0685),novos (0.0715),vegetação (0.0651),transmitir (0.0657),entendo (0.0672)
1990,definição (0.0685),perder (0.0715),pairava (0.0651),garimpadas (0.0657),timbre (0.0670)
1991,amigo (0.0685),enfrenta (0.0714),respiração (0.0651),facilidade (0.0656),lágrimas (0.0670)
1992,mochila (0.0685),acinzentados (0.0714),roças (0.0651),violão (0.0656),suavidade (0.0670)
1993,vê (0.0685),ruivos (0.0714),silenciar (0.0651),imperceptíveis (0.0655),dendê (0.0670)
1994,determinado (0.0685),freelance (0.0714),beirava (0.0651),exemplo (0.0654),aparado (0.0670)
1995,inclusão (0.0685),alternativo (0.0714),transparece (0.0650),identifica (0.0654),evidenciando (0.0670)
1996,bonita (0.0683),rímel (0.0714),próximas (0.0650),denunciando (0.0654),resume (0.0670)
1997,íris (0.0683),antepassado (0.0714),pernambuco (0.0649),imagens (0.0654),realizada (0.0670)
1998,pastel (0.0683),referências (0.0713),daqueles (0.0649),incansável (0.0654),acolhem (0.0670)
1999,exibe (0.0683),ouço (0.0713),crescer (0.0649),dizer (0.0653),portar (0.0670)
2000,convive (0.0683),visão (0.0713),pedido (0.0649),alagoas (0.0653),sido (0.0669)
2001,completavam (0.0683),olham (0.0713),polidas (0.0649),pores (0.0653),arqueados (0.0669)
2002,quebra (0.0683),acha (0.0712),decorada (0.0649),exageros (0.0653),crespa (0.0669)
2003,impulsiona (0.0682),reto (0.0712),araras (0.0649),rala (0.0653),criativos (0.0669)
2004,óssea (0.0681),compartilhar (0.0712),ocasião (0.0648),gasto (0.0653),cactos (0.0668)
2005,fascinante (0.0681),causticante (0.0712),fundo (0.0648),porta (0.0653),demonstram (0.0668)
2006,fusão (0.0681),cafezinho (0.0712),discretamente (0.0648),mansa (0.0653),cujo (0.0668)
2007,rolo (0.0681),marcadas (0.0711),dizer (0.0648),raça (0.0653),mantinha (0.0668)
2008,contexto (0.0681),visível (0.0711),kai (0.0648),variava (0.0652),fartura (0.0668)
2009,iluminar (0.0681),nova (0.0711),praticidade (0.0648),desafiando (0.0652),brasileiros (0.0668)
2010,turbilhão (0.0681),discretamente (0.0710),chão (0.0648),viagens (0.0651),bermuda (0.0667)
2011,morando (0.0681),orelhas (0.0710),deixam (0.0647),salpicadas (0.0651),velhos (0.0667)
2012,infinitamente (0.0681),leva (0.0710),campos (0.0647),leva (0.0651),cria (0.0667)
2013,resistem (0.0681),genuíno (0.0709),escondem (0.0647),amigo (0.0651),situação (0.0667)
2014,preparar (0.0679),totalidade (0.0709),bochecha (0.0647),determinado (0.0651),vivência (0.0667)
2015,fartura (0.0679),compreender (0.0709),homenagem (0.0647),espaços (0.0651),acompanham (0.0667)
2016,casual (0.0678),acostumados (0.0709),intrincadas (0.0647),receitas (0.0651),contínuo (0.0666)
2017,pequi (0.0678),segunda (0.0709),constelações (0.0646),escudo (0.0650),arrastados (0.0666)
2018,incrivelmente (0.0678),janela (0.0708),imposições (0.0646),joãozinho (0.0650),movia (0.0666)
2019,importantes (0.0678),inusitada (0.0708),ritmos (0.0646),pesadas (0.0649),sete (0.0666)
2020,desse (0.0678),sufocante (0.0708),preocupação (0.0646),esmeralda (0.0649),aveludada (0.0666)
2021,escorre (0.0677),aprecia (0.0708),várias (0.0646),ofício (0.0649),sucesso (0.0666)
2022,precisos (0.0677),cidadezinha (0.0708),determinado (0.0646),identifico (0.0649),sensação (0.0666)
2023,valores (0.0677),normas (0.0708),brincando (0.0645),velhos (0.0649),observadora (0.0665)
2024,trigo (0.0677),desafio (0.0708),ceci (0.0644),memórias (0.0649),autêntico (0.0665)
2025,boi (0.0677),riso (0.0708),escondia (0.0644),pedro (0.0648),irradiavam (0.0665)
2026,união (0.0676),brincava (0.0708),crespos (0.0644),ian (0.0648),pais (0.0664)
2027,surrado (0.0676),intelectual (0.0707),convive (0.0644),aventura (0.0648),neto (0.0664)
2028,construiu (0.0676),cervejas (0.0707),combinação (0.0644),curvados (0.0648),irmãs (0.0664)
2029,sentindo (0.0676),palidez (0.0707),transfobia (0.0643),medida (0.0648),coragem (0.0664)
2030,tornam (0.0675),ralinho (0.0707),manusear (0.0642),peste (0.0648),digital (0.0664)
2031,fragilidade (0.0675),mantinha (0.0707),baixinho (0.0642),ganhar (0.0648),vibe (0.0664)
2032,argolinha (0.0675),fiel (0.0706),especificar (0.0641),fundos (0.0648),rouco (0.0664)
2033,faciais (0.0675),belezas (0.0706),representavam (0.0641),ruga (0.0648),conectam (0.0664)
2034,deixou (0.0675),típicos (0.0705),transcendiam (0.0641),preocupação (0.0647),deu (0.0664)
2035,zeca (0.0675),atenta (0.0705),cuidando (0.0639),femininas (0.0647),colete (0.0664)
2036,45 (0.0675),lembrete (0.0705),ensinava (0.0639),conto (0.0647),cima (0.0664)
2037,luna (0.0674),pontas (0.0704),invisíveis (0.0639),típicos (0.0647),tingia (0.0663)
2038,serra (0.0674),qualidade (0.0704),encontros (0.0639),vista (0.0645),sabem (0.0663)
2039,rachadas (0.0674),curva (0.0704),acompanham (0.0639),chamá (0.0645),passos (0.0663)
2040,pulseira (0.0674),exuberante (0.0704),ninguém (0.0639),24 (0.0645),diz (0.0663)
2041,agulha (0.0673),autêntico (0.0703),oestina (0.0638),encaixei (0.0645),testemunhou (0.0662)
2042,lótus (0.0673),irreverência (0.0703),geográfica (0.0638),leão (0.0645),calo (0.0662)
2043,levantar (0.0673),lembra (0.0703),sentindo (0.0637),derretido (0.0645),costureira (0.0662)
2044,arame (0.0673),desenho (0.0703),fluidas (0.0637),precoces (0.0644),genérica (0.0662)
2045,tacacá (0.0673),transcende (0.0702),emoldurada (0.0637),pinga (0.0644),superou (0.0662)
2046,juca (0.0673),grisalhar (0.0701),acidente (0.0637),destino (0.0644),evidente (0.0662)
2047,aconchegante (0.0673),imprecisas (0.0701),respira (0.0637),libertação (0.0644),molda (0.0662)
2048,molda (0.0673),contextos (0.0701),fragilidade (0.0637),europeu (0.0644),inspiradas (0.0662)
2049,preocupar (0.0673),rusticidade (0.0701),cuida (0.0637),instalar (0.0643),feminilidade (0.0662)
2050,sonhadora (0.0672),afeição (0.0701),irmãs (0.0637),inquieta (0.0642),descendente (0.0662)
2051,diversos (0.0672),extravagâncias (0.0701),rouco (0.0637),caráter (0.0642),possivelmente (0.0662)
2052,floresta (0.0671),programador (0.0701),trabalha (0.0636),genuína (0.0642),segurava (0.0661)
2053,quentinho (0.0671),mineiras (0.0701),clima (0.0636),quietinha (0.0642),grosso (0.0660)
2054,sonho (0.0671),bota (0.0701),estampas (0.0636),trabalhei (0.0642),beira (0.0660)
2055,orgulha (0.0671),antigamente (0.0701),escolha (0.0636),emanam (0.0642),graciosidade (0.0660)
2056,queixo (0.0671),cordão (0.0701),rápido (0.0636),potência (0.0642),grudava (0.0660)
2057,cuidar (0.0670),apreciando (0.0701),intimamente (0.0635),disfarçar (0.0642),remete (0.0660)
2058,descolados (0.0669),identidades (0.0700),ixe (0.0635),esculpida (0.0642),douradas (0.0660)
2059,jogar (0.0669),escola (0.0700),acostumadas (0.0635),arrastados (0.0640),batendo (0.0660)
2060,enriquece (0.0669),sonhadora (0.0699),medicina (0.0635),intensa (0.0640),encontrando (0.0660)
2061,pontas (0.0669),invisibilidade (0.0699),orações (0.0635),plantaram (0.0640),dando (0.0660)
2062,chapada (0.0669),amiga (0.0699),trançada (0.0635),inspiram (0.0640),expresso (0.0660)
2063,basta (0.0669),naturais (0.0699),compreendem (0.0635),complicado (0.0640),generosidade (0.0660)
2064,crescido (0.0669),realça (0.0699),paraíba (0.0635),antigas (0.0640),florido (0.0658)
2065,enfrentou (0.0668),artista (0.0699),graúna (0.0635),batas (0.0640),razão (0.0658)
2066,próximos (0.0668),vivo (0.0698),top (0.0635),pronta (0.0640),disposição (0.0658)
2067,estações (0.0668),adversidade (0.0698),tempestade (0.0635),portar (0.0640),enriquece (0.0658)
2068,pertinho (0.0668),chega (0.0698),junto (0.0634),ponderadas (0.0640),amanhã (0.0658)
2069,querer (0.0668),pois (0.0697),milhares (0.0634),apresentar (0.0640),temperada (0.0658)
2070,lutaram (0.0668),caipira (0.0696),encaixava (0.0634),culturais (0.0640),afiado (0.0658)
2071,aline (0.0667),perfeita (0.0696),cachoeira (0.0634),modernidade (0.0640),enfrentando (0.0658)
2072,equatorial (0.0667),escolhas (0.0696),floresce (0.0634),passados (0.0639),abraçava (0.0658)
2073,variam (0.0667),abrir (0.0696),limpa (0.0633),palpável (0.0639),artísticos (0.0658)
2074,apoia (0.0666),farto (0.0695),48 (0.0632),explosiva (0.0639),autoaceitação (0.0658)
2075,acostumada (0.0666),potencialmente (0.0695),remete (0.0632),rola (0.0639),linguagem (0.0658)
2076,ecoava (0.0664),colhendo (0.0695),partes (0.0632),tradicional (0.0639),quer (0.0657)
2077,nó (0.0664),ancestralidade (0.0695),posso (0.0631),característico (0.0639),oferece (0.0656)
2078,aberta (0.0663),ajustava (0.0694),esculpiram (0.0631),discretos (0.0639),denunciam (0.0656)
2079,ativa (0.0663),alunos (0.0694),informações (0.0631),cascata (0.0639),intrincados (0.0656)
2080,entanto (0.0662),acolhe (0.0694),significativas (0.0631),oferecer (0.0639),vocabulário (0.0656)
2081,soltinho (0.0662),marrom (0.0694),emoldurava (0.0631),surrado (0.0639),dedicando (0.0656)
2082,cargo (0.0662),seguindo (0.0693),perfil (0.0631),importa (0.0638),deixei (0.0656)
2083,obra (0.0662),rasteiras (0.0693),partir (0.0631),adornado (0.0638),pôr (0.0656)
2084,conquistar (0.0662),perspectivas (0.0693),segurança (0.0630),churrasco (0.0638),gosta (0.0655)
2085,copo (0.0662),caem (0.0693),existindo (0.0630),ipê (0.0637),cachaça (0.0655)
2086,criou (0.0662),mundos (0.0692),escrever (0.0630),alimenta (0.0637),tinge (0.0655)
2087,chame (0.0662),artistas (0.0692),bastante (0.0630),ironia (0.0637),metal (0.0655)
2088,ajudando (0.0662),caminhar (0.0692),rezo (0.0629),pulseira (0.0637),humana (0.0655)
2089,africano (0.0662),observar (0.0692),fronteiras (0.0629),fotografia (0.0637),debaixo (0.0655)
2090,incessante (0.0662),igreja (0.0692),passam (0.0629),passos (0.0637),celebra (0.0655)
2091,rebeldia (0.0662),exagerado (0.0692),entremeadas (0.0629),vim (0.0637),mandíbula (0.0655)
2092,cílios (0.0662),amador (0.0692),vivem (0.0629),laranja (0.0637),gostoso (0.0655)
2093,moderna (0.0661),grife (0.0692),trans (0.0629),aprendizado (0.0637),tecida (0.0655)
2094,autoconhecimento (0.0661),alegrense (0.0692),talentoso (0.0629),justificar (0.0637),porte (0.0655)
2095,capital (0.0661),biografias (0.0692),agrícolas (0.0629),soava (0.0637),certo (0.0654)
2096,enriquecido (0.0661),guaíba (0.0692),jacarandá (0.0629),genuíno (0.0637),seco (0.0654)
2097,pura (0.0661),badalação (0.0692),inquietude (0.0629),cuidando (0.0637),teimam (0.0653)
2098,fundamental (0.0660),descoloridos (0.0692),pertencer (0.0629),agricultura (0.0636),urbana (0.0653)
2099,independência (0.0659),gruda (0.0691),celebrações (0.0629),articulada (0.0635),sobreviver (0.0653)
2100,pernambucano (0.0659),tocar (0.0691),cadência (0.0628),comunicar (0.0635),temperamento (0.0653)
2101,robusto (0.0659),representa (0.0691),feminina (0.0628),amiga (0.0635),direto (0.0653)
2102,plantou (0.0659),indelével (0.0691),denotam (0.0628),curiosos (0.0635),dedo (0.0653)
2103,adora (0.0659),quero (0.0691),lavagem (0.0628),segurava (0.0635),descoberta (0.0653)
2104,ligo (0.0659),tecidos (0.0691),ensinando (0.0628),segredos (0.0635),sussurros (0.0653)
2105,mostrava (0.0659),justo (0.0690),maestria (0.0628),latente (0.0635),necessidade (0.0652)
2106,chimarrão (0.0658),molde (0.0690),persiste (0.0628),descanso (0.0635),35 (0.0652)
2107,elaboradas (0.0658),sustento (0.0690),porte (0.0628),encontrar (0.0635),gentil (0.0651)
2108,insistiu (0.0658),fubá (0.0690),guerreira (0.0627),nuance (0.0635),perspicácia (0.0651)
2109,toco (0.0657),time (0.0690),cair (0.0627),exuberantes (0.0635),zefa (0.0651)
2110,barriga (0.0657),catarina (0.0690),tocar (0.0626),sertanejo (0.0635),domá (0.0651)
2111,vejo (0.0656),queer (0.0690),avermelhados (0.0624),argolinha (0.0635),visíveis (0.0651)
2112,curtida (0.0656),apreciar (0.0690),autenticidade (0.0624),adiciona (0.0635),limitadas (0.0651)
2113,comecei (0.0656),janeiro (0.0690),resistindo (0.0624),emoldurada (0.0635),obra (0.0651)
2114,inesquecível (0.0656),antepassados (0.0689),mesclada (0.0624),mexe (0.0635),ferramenta (0.0651)
2115,populares (0.0656),profundidade (0.0689),ensinar (0.0624),racha (0.0634),mover (0.0651)
2116,netos (0.0656),avermelhado (0.0689),escondida (0.0624),urbanas (0.0634),ensinar (0.0651)
2117,piercings (0.0656),intensificam (0.0688),dificuldade (0.0624),rendas (0.0634),calado (0.0651)
2118,funcional (0.0656),cantos (0.0688),mel (0.0624),amazônico (0.0634),jovial (0.0651)
2119,estampados (0.0656),mosaico (0.0688),instrumentos (0.0623),chega (0.0634),têm (0.0651)
2120,paredes (0.0656),aspereza (0.0688),poente (0.0623),tentam (0.0634),possuía (0.0651)
2121,porta (0.0655),umidade (0.0688),cordões (0.0623),jardim (0.0633),sombras (0.0650)
2122,gasto (0.0655),bruta (0.0687),braceletes (0.0623),observando (0.0633),altiva (0.0650)
2123,construíram (0.0655),joãozinho (0.0687),inteiramente (0.0623),crenças (0.0633),silenciadas (0.0650)
2124,nutre (0.0655),perpetuar (0.0687),reconhecendo (0.0623),lendas (0.0633),exibia (0.0649)
2125,causa (0.0655),localização (0.0687),heróis (0.0623),múltiplas (0.0632),vão (0.0649)
2126,terrosos (0.0655),enormemente (0.0687),decoradas (0.0623),rachou (0.0632),marcadas (0.0649)
2127,nessa (0.0654),30 (0.0685),carregadas (0.0622),trabalhados (0.0632),demonstrava (0.0649)
2128,preocupações (0.0654),pulseirinha (0.0685),olhares (0.0622),estiagem (0.0632),instrumento (0.0649)
2129,traz (0.0653),flexibilidade (0.0685),morena (0.0622),ingredientes (0.0632),contínua (0.0649)
2130,sentimentos (0.0653),inicial (0.0685),fluidos (0.0622),impulsionam (0.0632),complementam (0.0649)
2131,flora (0.0653),manaus (0.0685),adiante (0.0621),poemas (0.0632),individual (0.0649)
2132,gentileza (0.0653),frescura (0.0685),selvagem (0.0621),consumo (0.0632),elaborados (0.0648)
2133,contemporâneo (0.0653),pintava (0.0685),rebelde (0.0621),descrição (0.0632),coquetel (0.0648)
2134,pessoais (0.0653),morar (0.0684),elaboradas (0.0621),enriquecem (0.0631),ocasião (0.0648)
2135,fez (0.0653),trilhas (0.0684),orelhas (0.0621),dava (0.0631),suficiente (0.0648)
2136,celebrar (0.0653),trazem (0.0684),construindo (0.0621),batalhas (0.0631),vestuário (0.0647)
2137,precisão (0.0653),lutando (0.0683),ouvindo (0.0620),gota (0.0631),aba (0.0647)
2138,óleo (0.0653),eterno (0.0683),antigo (0.0620),convicção (0.0631),viola (0.0646)
2139,gelado (0.0653),animadas (0.0683),vividas (0.0620),expressam (0.0631),padrão (0.0646)
2140,curtir (0.0653),explorando (0.0683),lo (0.0619),materna (0.0631),brincava (0.0646)
2141,difícil (0.0652),contemporâneo (0.0683),justa (0.0619),gêneros (0.0631),esquecer (0.0645)
2142,transformação (0.0652),fechado (0.0683),exuberante (0.0619),crescendo (0.0630),prejudiciais (0.0645)
2143,tecnologia (0.0652),extraordinário (0.0683),emoldura (0.0619),calada (0.0630),imagens (0.0645)
2144,árido (0.0652),progressistas (0.0683),esquecer (0.0618),cartilagem (0.0629),emoção (0.0645)
2145,identifico (0.0652),ioga (0.0683),correndo (0.0618),constantemente (0.0629),abre (0.0645)
2146,perder (0.0652),gaúchas (0.0683),defende (0.0618),entoações (0.0629),afinal (0.0645)
2147,ofício (0.0652),braço (0.0682),aparências (0.0618),urbano (0.0629),arma (0.0645)
2148,surradas (0.0652),elaboradas (0.0682),funcional (0.0618),específica (0.0629),tipos (0.0645)
2149,estrelado (0.0651),reside (0.0682),abre (0.0618),geométricas (0.0628),curvam (0.0645)
2150,ensinaram (0.0651),precisar (0.0681),leito (0.0618),irradiava (0.0628),acreditar (0.0645)
2151,tomava (0.0650),ofício (0.0681),obstáculo (0.0618),ensina (0.0628),carnaval (0.0645)
2152,inúmeras (0.0650),árido (0.0681),pulseirinha (0.0618),diretas (0.0628),luana (0.0645)
2153,fundos (0.0650),balanço (0.0681),repleto (0.0618),improvisados (0.0628),lenha (0.0645)
2154,agradecer (0.0650),léo (0.0681),macaco (0.0617),modas (0.0627),30 (0.0645)
2155,ocre (0.0650),envelhecido (0.0680),espirituais (0.0617),juca (0.0627),pulseirinha (0.0645)
2156,adornam (0.0650),contemplativo (0.0680),líder (0.0617),chegar (0.0627),pó (0.0645)
2157,parar (0.0650),adereço (0.0680),guató (0.0617),tempestades (0.0627),porta (0.0645)
2158,miscigenação (0.0650),expansiva (0.0680),guiada (0.0617),fio (0.0627),habita (0.0645)
2159,ritmos (0.0650),culpa (0.0680),extrato (0.0617),aberta (0.0626),favela (0.0644)
2160,expressiva (0.0650),emoldura (0.0680),caçador (0.0617),necessidade (0.0626),pretx (0.0644)
2161,despontar (0.0649),trabalhos (0.0680),invocam (0.0617),livro (0.0626),contemporâneo (0.0643)
2162,conectado (0.0649),língua (0.0680),xique (0.0617),décadas (0.0626),sentimentos (0.0643)
2163,estradas (0.0648),cigarro (0.0679),machadinha (0.0617),cotidiano (0.0624),colares (0.0642)
2164,entendo (0.0648),figura (0.0679),manipular (0.0617),definidas (0.0624),manu (0.0642)
2165,nova (0.0648),incontáveis (0.0679),guardiãs (0.0617),espalha (0.0624),vê (0.0642)
2166,denotando (0.0648),pensando (0.0679),arã (0.0617),fiada (0.0624),60 (0.0642)
2167,combinação (0.0648),miscigenação (0.0679),territórios (0.0617),antecederam (0.0624),impecável (0.0642)
2168,nela (0.0648),precisão (0.0679),caço (0.0617),acolhimento (0.0624),encontrei (0.0642)
2169,ex (0.0648),testemunhas (0.0679),karajá (0.0617),participando (0.0624),diversa (0.0641)
2170,corta (0.0648),recém (0.0679),plantamos (0.0617),denotavam (0.0624),perder (0.0641)
2171,carne (0.0647),medos (0.0678),engoliu (0.0617),amigas (0.0624),intempéries (0.0641)
2172,xote (0.0647),séria (0.0678),uraricoera (0.0617),branco (0.0623),né (0.0640)
2173,capturar (0.0647),inquieta (0.0678),cariris (0.0617),tatuagens (0.0622),começam (0.0640)
2174,ostentava (0.0647),escura (0.0678),cinge (0.0617),utiliza (0.0622),reta (0.0640)
2175,roxo (0.0647),misturam (0.0678),araribóia (0.0617),sala (0.0621),nessas (0.0640)
2176,linda (0.0647),combinação (0.0678),ilustrar (0.0617),igreja (0.0621),periférico (0.0640)
2177,introspectiva (0.0647),singular (0.0677),contemporâneo (0.0616),rebeldia (0.0621),churrasquinho (0.0640)
2178,arquiteta (0.0646),comentários (0.0676),percebe (0.0616),vinha (0.0621),ostentam (0.0640)
2179,vibração (0.0646),impreciso (0.0676),saga (0.0615),ensinar (0.0621),potente (0.0640)
2180,tece (0.0646),inteiro (0.0676),tesouro (0.0615),caminhar (0.0621),verdadeira (0.0640)
2181,madura (0.0646),moldada (0.0676),intempéries (0.0614),via (0.0621),ébano (0.0639)
2182,irá (0.0646),bronzeou (0.0676),surradas (0.0614),ajudar (0.0621),vitória (0.0639)
2183,veem (0.0646),professor (0.0675),possa (0.0614),parede (0.0621),sede (0.0639)
2184,saborosa (0.0646),sozinha (0.0675),prever (0.0613),beijada (0.0621),calorosa (0.0639)
2185,personagens (0.0645),shows (0.0675),altas (0.0613),moda (0.0621),incontáveis (0.0639)
2186,estabeleceram (0.0645),amarrotada (0.0675),fortalece (0.0613),representando (0.0621),pausadas (0.0639)
2187,kimono (0.0645),firula (0.0675),cabe (0.0613),costumo (0.0621),conto (0.0639)
2188,vasta (0.0645),biotipo (0.0675),saber (0.0613),equilibra (0.0620),conhecia (0.0639)
2189,trabalhei (0.0644),dramas (0.0675),completava (0.0612),deixaram (0.0620),paulista (0.0638)
2190,preenche (0.0644),cenários (0.0675),melancolia (0.0612),manso (0.0620),quebra (0.0637)
2191,iemanjá (0.0644),fanático (0.0675),entendo (0.0611),ponta (0.0620),completavam (0.0637)
2192,uniforme (0.0644),dividida (0.0675),quebra (0.0611),combinam (0.0620),sutilmente (0.0637)
2193,brincar (0.0644),contemplativa (0.0675),singularidade (0.0611),luar (0.0620),corte (0.0637)
2194,existir (0.0644),dependeria (0.0675),aparente (0.0611),ideias (0.0620),perspectiva (0.0636)
2195,possivelmente (0.0644),muda (0.0674),grisalho (0.0610),definidos (0.0620),júlia (0.0636)
2196,intensa (0.0643),demonstram (0.0674),traçado (0.0610),afinal (0.0620),sensível (0.0636)
2197,corrida (0.0643),cactos (0.0674),cabo (0.0610),caio (0.0620),escondem (0.0636)
2198,tortos (0.0643),brasileiros (0.0674),espelho (0.0610),sofrimento (0.0620),xote (0.0636)
2199,ricas (0.0643),objetos (0.0674),tantas (0.0610),fluidos (0.0620),cativante (0.0636)
2200,calejada (0.0642),refúgio (0.0674),batia (0.0609),estrelado (0.0619),barro (0.0636)
2201,gesticulava (0.0642),essencial (0.0673),acostumados (0.0609),chamo (0.0619),particular (0.0635)
2202,pronta (0.0642),pássaro (0.0673),evidenciando (0.0609),desenhos (0.0618),imaginar (0.0635)
2203,calmos (0.0641),frase (0.0673),maria (0.0609),oceano (0.0618),bronzeados (0.0635)
2204,sílabas (0.0641),incrivelmente (0.0673),perigosas (0.0609),timidez (0.0617),colore (0.0635)
2205,incrível (0.0641),senhor (0.0673),aprendo (0.0609),acentuar (0.0617),moldada (0.0635)
2206,sibilantes (0.0641),pratos (0.0673),araucárias (0.0609),ninho (0.0617),segunda (0.0635)
2207,vindo (0.0641),apaixonado (0.0672),respeitoso (0.0609),visíveis (0.0617),acostumados (0.0635)
2208,peguei (0.0641),usam (0.0672),alecrim (0.0609),aceitam (0.0617),melanina (0.0635)
2209,fluidas (0.0641),enchem (0.0672),cautela (0.0608),brincadeira (0.0617),espiral (0.0635)
2210,significativo (0.0641),escrita (0.0671),prece (0.0608),brotar (0.0617),intensificou (0.0635)
2211,manhã (0.0641),sentindo (0.0670),igarapés (0.0608),domá (0.0617),nagôs (0.0635)
2212,prática (0.0640),característico (0.0670),ocidental (0.0608),acostumei (0.0616),vitalidade (0.0634)
2213,vamos (0.0639),queda (0.0670),abastece (0.0608),normas (0.0616),possíveis (0.0632)
2214,largas (0.0639),habitual (0.0670),representativos (0.0608),maduro (0.0616),encantados (0.0632)
2215,passos (0.0639),próprios (0.0670),manutenção (0.0608),pó (0.0616),permanente (0.0631)
2216,fotografia (0.0639),abraçar (0.0670),mastigação (0.0608),queijo (0.0616),bela (0.0631)
2217,ironia (0.0639),esculpida (0.0670),cobra (0.0608),nino (0.0615),serviço (0.0631)
2218,digamos (0.0639),vim (0.0669),habilidoso (0.0608),caos (0.0615),velha (0.0631)
2219,enfrenta (0.0638),inglês (0.0669),clama (0.0608),descobrem (0.0615),cropped (0.0631)
2220,isabela (0.0638),tempos (0.0669),desrespeito (0.0608),reinventar (0.0615),escolher (0.0631)
2221,invisibilidade (0.0638),texturas (0.0668),ovelha (0.0608),interesse (0.0615),compromisso (0.0631)
2222,segredos (0.0638),profissionalmente (0.0668),respeitados (0.0608),transfobia (0.0615),característico (0.0630)
2223,cavalo (0.0637),cano (0.0668),observação (0.0608),turbante (0.0615),formação (0.0630)
2224,forjadas (0.0637),limpos (0.0668),vastidão (0.0608),dedico (0.0614),manhã (0.0630)
2225,desfiado (0.0637),cansa (0.0668),dão (0.0607),selvagem (0.0614),antiga (0.0630)
2226,tios (0.0637),acesso (0.0668),crespo (0.0607),avelã (0.0614),lar (0.0629)
2227,curvava (0.0637),imediatamente (0.0668),expressões (0.0607),percebe (0.0614),procuro (0.0629)
2228,complexas (0.0637),olhando (0.0668),estilo (0.0607),espinhos (0.0614),tempos (0.0629)
2229,dendê (0.0637),solidão (0.0668),florescer (0.0606),gentileza (0.0614),guturais (0.0629)
2230,enraizado (0.0637),generalizada (0.0668),contínuo (0.0606),traz (0.0614),sobrinhos (0.0629)
2231,canela (0.0637),junto (0.0668),fogão (0.0605),surradas (0.0612),caldeirão (0.0629)
2232,impreciso (0.0637),diferença (0.0668),joias (0.0605),introspecção (0.0612),santo (0.0629)
2233,projeto (0.0637),interna (0.0668),seguem (0.0605),intempéries (0.0612),incrivelmente (0.0629)
2234,inigualável (0.0637),descendente (0.0667),binarismos (0.0605),campos (0.0612),sustentava (0.0629)
2235,músicas (0.0637),curiosos (0.0667),recursos (0.0605),transforma (0.0612),gelada (0.0628)
2236,pertencimento (0.0637),enche (0.0665),significativo (0.0604),descendente (0.0612),cerveja (0.0627)
2237,cuiabano (0.0637),atarracado (0.0665),turquesa (0.0604),cercam (0.0611),sonhadora (0.0627)
2238,arrepiado (0.0637),partes (0.0665),litoral (0.0604),firulas (0.0611),comunicar (0.0627)
2239,molhado (0.0637),formas (0.0665),comuns (0.0603),correndo (0.0611),teimosos (0.0627)
2240,belezas (0.0637),cotidiano (0.0664),laranja (0.0603),querido (0.0611),trabalhava (0.0627)
2241,farta (0.0637),certos (0.0664),caudaloso (0.0603),carregou (0.0611),mensagens (0.0627)
2242,habitual (0.0637),conexões (0.0664),segurar (0.0601),ossudo (0.0611),musicais (0.0627)
2243,inspirar (0.0637),lia (0.0664),ecoar (0.0601),ativamente (0.0611),transparente (0.0627)
2244,seda (0.0637),fiada (0.0664),exata (0.0601),animais (0.0611),caju (0.0627)
2245,pesca (0.0637),emoldurava (0.0664),florestas (0.0601),respeitar (0.0610),silenciados (0.0627)
2246,companhia (0.0636),cheias (0.0663),antepassadas (0.0601),pensando (0.0610),escravos (0.0627)
2247,desenhar (0.0636),escrever (0.0663),tentamos (0.0601),figura (0.0610),criações (0.0626)
2248,pré (0.0636),poder (0.0663),feridas (0.0601),xadrez (0.0610),intercalando (0.0626)
2249,tentam (0.0636),expressam (0.0662),impõem (0.0601),descansa (0.0610),gravada (0.0626)
2250,laços (0.0636),medo (0.0662),valorizada (0.0601),pronome (0.0610),farta (0.0626)
2251,vividos (0.0635),água (0.0662),atravessa (0.0601),vasta (0.0610),florida (0.0626)
2252,conseguem (0.0635),educada (0.0662),enfeites (0.0601),abandona (0.0610),queixo (0.0626)
2253,profissional (0.0635),situações (0.0662),fontes (0.0601),restaurante (0.0610),exatamente (0.0626)
2254,ambos (0.0634),importe (0.0662),selecionadas (0.0601),companheiras (0.0610),cinquenta (0.0626)
2255,arrastada (0.0634),imediato (0.0662),próprios (0.0600),conectam (0.0609),igual (0.0625)
2256,diferença (0.0634),pôr (0.0661),regional (0.0600),representa (0.0609),jardim (0.0625)
2257,atualmente (0.0634),dureza (0.0661),causticante (0.0600),ventos (0.0609),domingos (0.0624)
2258,misturo (0.0633),melodias (0.0661),inegável (0.0599),logo (0.0608),modernos (0.0624)
2259,lindo (0.0633),concreto (0.0661),melhores (0.0599),nodosas (0.0608),ingredientes (0.0624)
2260,reto (0.0633),intenção (0.0660),lábio (0.0598),camarão (0.0608),avermelhados (0.0624)
2261,heranças (0.0633),indo (0.0660),esguio (0.0598),sincero (0.0608),queimado (0.0623)
2262,convicção (0.0633),raspado (0.0660),profundidade (0.0598),presentear (0.0608),calos (0.0623)
2263,vinco (0.0632),aparecida (0.0660),mudança (0.0597),profissão (0.0608),sofisticação (0.0623)
2264,batendo (0.0632),alongadas (0.0660),específicos (0.0596),acostumados (0.0607),camadas (0.0623)
2265,internet (0.0632),masculino (0.0660),calada (0.0596),animada (0.0607),batalhas (0.0623)
2266,persistente (0.0632),mangueira (0.0660),dando (0.0596),raimundo (0.0607),troco (0.0623)
2267,35 (0.0632),racha (0.0660),inclemente (0.0595),estética (0.0607),sopra (0.0622)
2268,masculinas (0.0632),madeira (0.0659),citar (0.0595),vitória (0.0606),coqueiros (0.0622)
2269,28 (0.0631),contido (0.0659),livros (0.0594),sagacidade (0.0606),enfatizando (0.0622)
2270,específica (0.0631),direita (0.0659),grafites (0.0594),saber (0.0606),calada (0.0622)
2271,manual (0.0631),definem (0.0658),grupos (0.0594),quebrado (0.0606),constantemente (0.0621)
2272,gruda (0.0630),avermelhados (0.0657),tabaco (0.0594),ianã (0.0605),pintura (0.0620)
2273,gráfica (0.0630),pro (0.0657),põe (0.0594),cujo (0.0605),trabalhar (0.0620)
2274,presa (0.0630),aceitam (0.0657),último (0.0594),esposa (0.0605),gráfica (0.0620)
2275,independentes (0.0630),soja (0.0657),seguram (0.0594),salvador (0.0605),cozinha (0.0620)
2276,acumuladas (0.0630),zefa (0.0657),ave (0.0594),espetados (0.0605),transmitiam (0.0620)
2277,precisamente (0.0630),bahia (0.0657),escapavam (0.0594),costa (0.0605),precisamente (0.0620)
2278,imigração (0.0630),rústica (0.0656),índios (0.0594),arqueadas (0.0605),raiar (0.0620)
2279,disciplina (0.0630),teimou (0.0656),rodeava (0.0594),canaviais (0.0605),instalações (0.0620)
2280,piranha (0.0630),gargalhadas (0.0656),transformava (0.0594),amontoado (0.0605),tecnobrega (0.0620)
2281,expressavam (0.0630),perdido (0.0656),escultura (0.0594),corporal (0.0604),obstáculos (0.0620)
2282,mista (0.0630),jovial (0.0656),pedaços (0.0594),jurema (0.0604),atraía (0.0620)
2283,trabalhado (0.0630),proporcionar (0.0656),perdas (0.0594),contínuo (0.0604),volumosa (0.0620)
2284,mania (0.0630),conquista (0.0656),herdeira (0.0594),precisos (0.0604),dado (0.0620)
2285,tomo (0.0630),fisicamente (0.0656),ligado (0.0594),defender (0.0604),trabalhado (0.0619)
2286,paraíba (0.0630),dose (0.0656),conheciam (0.0594),geométricos (0.0603),prendo (0.0619)
2287,inusitada (0.0630),baixos (0.0656),entrelaçadas (0.0594),capturar (0.0603),paisagens (0.0619)
2288,evocava (0.0630),série (0.0656),corda (0.0593),introspectiva (0.0603),diárias (0.0619)
2289,atividades (0.0630),primeiro (0.0656),relação (0.0593),caracterizam (0.0603),simplificação (0.0619)
2290,sugere (0.0629),deixado (0.0656),dançando (0.0592),sensível (0.0603),imprecisa (0.0619)
2291,desafiar (0.0629),inclinação (0.0656),decifrar (0.0591),elu (0.0602),urbanos (0.0619)
2292,acessório (0.0629),presentes (0.0655),estereotipada (0.0590),formação (0.0602),fluindo (0.0619)
2293,musical (0.0629),garimpadas (0.0654),moldando (0.0590),tinta (0.0602),amizades (0.0619)
2294,topo (0.0628),véu (0.0654),une (0.0590),40 (0.0602),permeiam (0.0619)
2295,décadas (0.0628),levou (0.0654),salgada (0.0589),brinca (0.0602),tacacá (0.0619)
2296,frequência (0.0628),existência (0.0654),brilha (0.0588),pedras (0.0601),corda (0.0618)
2297,realmente (0.0628),estranhamento (0.0654),expressava (0.0588),medos (0.0601),construí (0.0618)
2298,cesto (0.0628),pesa (0.0654),colhidos (0.0588),cimento (0.0601),perfeita (0.0618)
2299,comum (0.0628),suficiente (0.0653),bisneto (0.0588),emanavam (0.0601),celebram (0.0618)
2300,negra (0.0628),roda (0.0653),impetuoso (0.0588),unida (0.0601),tendências (0.0618)
2301,poço (0.0627),balançando (0.0652),engolir (0.0588),acredita (0.0601),narrativas (0.0618)
2302,brota (0.0627),naquele (0.0652),danço (0.0588),brincar (0.0601),dourados (0.0617)
2303,misturar (0.0626),mudam (0.0652),pintados (0.0588),vastidão (0.0601),conhecer (0.0617)
2304,deram (0.0626),artesanais (0.0652),ornamenta (0.0588),acompanhado (0.0601),ostenta (0.0617)
2305,artísticos (0.0626),rótulo (0.0652),morrer (0.0588),vitalidade (0.0601),capital (0.0617)
2306,orla (0.0626),plantando (0.0652),marcante (0.0588),tempos (0.0601),observa (0.0616)
2307,cinzento (0.0626),árvores (0.0651),emoldurarem (0.0587),insinuava (0.0601),eclético (0.0616)
2308,dormir (0.0626),torto (0.0651),antônio (0.0587),celebrada (0.0601),plantava (0.0616)
2309,autoaceitação (0.0626),pedaço (0.0651),celebra (0.0587),sobrevive (0.0600),sintonia (0.0616)
2310,folgadas (0.0626),vincos (0.0651),panos (0.0587),periférico (0.0600),favorita (0.0616)
2311,sotaques (0.0626),explorar (0.0651),42 (0.0587),sorrio (0.0600),meninas (0.0616)
2312,ilustrações (0.0626),costurar (0.0651),queimava (0.0587),acentuando (0.0600),inflexões (0.0616)
2313,petrolina (0.0626),abre (0.0650),definidos (0.0586),moldura (0.0599),rastro (0.0616)
2314,italiano (0.0626),discussão (0.0650),moldar (0.0586),ralo (0.0599),conheceu (0.0616)
2315,palma (0.0626),vestígios (0.0650),contínua (0.0586),face (0.0599),superar (0.0616)
2316,presentes (0.0626),problema (0.0650),jasmim (0.0585),serviço (0.0598),conhecido (0.0616)
2317,jaqueta (0.0626),termo (0.0650),campo (0.0585),sozinha (0.0598),encarar (0.0616)
2318,fazenda (0.0626),litorânea (0.0650),moldou (0.0584),realizada (0.0598),fazenda (0.0616)
2319,aperta (0.0626),incomoda (0.0650),humanos (0.0584),reciclados (0.0598),presentes (0.0616)
2320,rapaz (0.0626),teimosamente (0.0650),estranho (0.0584),vidas (0.0598),jaqueta (0.0616)
2321,ideal (0.0626),interiorana (0.0650),esculpidos (0.0584),praias (0.0598),cidades (0.0616)
2322,energias (0.0626),carinhosa (0.0650),terrosa (0.0584),partes (0.0598),crítico (0.0615)
2323,intrínseca (0.0626),carregue (0.0650),limitadas (0.0584),pintura (0.0596),apoio (0.0615)
2324,calado (0.0624),repleto (0.0650),denunciava (0.0584),chapada (0.0596),influência (0.0615)
2325,limita (0.0624),esmaecidos (0.0650),levar (0.0583),caldeirão (0.0596),ressaltar (0.0614)
2326,escolhidas (0.0624),sossego (0.0650),convicções (0.0583),sobrinhos (0.0596),considero (0.0614)
2327,artistas (0.0624),níveis (0.0650),escrita (0.0582),espectro (0.0596),utiliza (0.0614)
2328,cultivo (0.0624),translúcido (0.0650),rezas (0.0582),pobreza (0.0596),teimou (0.0613)
2329,vinha (0.0624),desapego (0.0650),orgânico (0.0582),carimbó (0.0596),limita (0.0613)
2330,rasgado (0.0624),especulativa (0.0650),carinho (0.0582),joia (0.0596),dificuldade (0.0613)
2331,casas (0.0624),publicidade (0.0650),duas (0.0582),encontros (0.0596),observar (0.0613)
2332,reflexões (0.0624),jantar (0.0650),tímido (0.0581),serpenteia (0.0596),intrincado (0.0613)
2333,interiorzão (0.0623),artes (0.0648),vestia (0.0581),devoto (0.0596),impossibilidade (0.0613)
2334,animação (0.0623),manu (0.0648),pendurado (0.0581),ajudaram (0.0596),plástico (0.0613)
2335,garoa (0.0623),chuvas (0.0648),evitando (0.0581),nelas (0.0596),frevo (0.0613)
2336,inerentemente (0.0623),coletivos (0.0648),tonho (0.0581),apresente (0.0596),fenótipos (0.0613)
2337,definições (0.0623),irmã (0.0648),pedir (0.0581),sinfonia (0.0596),individualizada (0.0613)
2338,salpicadas (0.0623),crucifixo (0.0648),vista (0.0579),inatas (0.0596),federal (0.0613)
2339,alongadas (0.0623),adaptando (0.0648),identifico (0.0579),oriunda (0.0596),rótulo (0.0613)
2340,tapeçaria (0.0623),montanhas (0.0648),transforma (0.0579),beijado (0.0596),guardo (0.0613)
2341,binarie (0.0623),impecável (0.0648),cercam (0.0578),mudava (0.0596),maestria (0.0612)
2342,aprecio (0.0623),estranheza (0.0648),exuberância (0.0578),estrias (0.0596),persiste (0.0612)
2343,aparecida (0.0623),continua (0.0647),perseverança (0.0578),ajustava (0.0595),incondicionalmente (0.0612)
2344,dizer (0.0622),trançado (0.0647),definição (0.0577),oferece (0.0595),equilibra (0.0612)
2345,ir (0.0622),adornava (0.0647),marcando (0.0577),aline (0.0595),pano (0.0612)
2346,animal (0.0622),deixam (0.0646),perguntam (0.0577),bandas (0.0595),maiores (0.0612)
2347,ativismo (0.0622),cintura (0.0646),atabaque (0.0577),plantas (0.0594),estilizada (0.0612)
2348,moldar (0.0622),terno (0.0645),honrar (0.0577),preferência (0.0594),juntas (0.0612)
2349,levou (0.0622),gato (0.0645),raro (0.0577),cuida (0.0594),panos (0.0612)
2350,racismo (0.0622),profissões (0.0645),defendo (0.0577),refinado (0.0594),abaixo (0.0612)
2351,aparecem (0.0621),parecer (0.0645),colhida (0.0577),europeus (0.0594),conforta (0.0612)
2352,crianças (0.0621),blazer (0.0645),alicerce (0.0576),rouco (0.0594),dizer (0.0612)
2353,plena (0.0621),fluente (0.0645),integrante (0.0576),descalços (0.0593),acordo (0.0612)
2354,proteção (0.0620),travesso (0.0645),indomável (0.0575),comum (0.0593),contemporânea (0.0612)
2355,cacho (0.0620),sede (0.0645),vibração (0.0574),braço (0.0593),remetem (0.0612)
2356,satisfação (0.0619),únicos (0.0645),segunda (0.0574),debaixo (0.0593),universo (0.0611)
2357,terrosa (0.0619),cercada (0.0645),estética (0.0574),tocar (0.0592),constantes (0.0611)
2358,possuíam (0.0619),mole (0.0645),estatura (0.0574),caixa (0.0592),olho (0.0611)
2359,brotar (0.0619),cuidadosa (0.0645),males (0.0573),imensa (0.0592),trabalhavam (0.0611)
2360,sinceras (0.0619),doces (0.0645),ornamentados (0.0573),valorizam (0.0592),artesão (0.0611)
2361,soja (0.0619),combinado (0.0645),pankararé (0.0573),carregaram (0.0592),garimpadas (0.0611)
2362,chuvas (0.0619),marcando (0.0645),pimentel (0.0573),perdoa (0.0592),melancolia (0.0611)
2363,arco (0.0619),colher (0.0644),cocar (0.0573),afetiva (0.0592),caminhadas (0.0611)
2364,vestimenta (0.0619),sulcos (0.0644),doenças (0.0573),luxos (0.0592),crianças (0.0610)
2365,possibilidades (0.0619),regata (0.0644),dominante (0.0573),arrumar (0.0592),denunciavam (0.0610)
2366,tristeza (0.0618),município (0.0643),armadilha (0.0573),impostos (0.0592),junta (0.0610)
2367,observam (0.0618),entendo (0.0643),artur (0.0573),coroa (0.0592),vividas (0.0610)
2368,humilde (0.0618),singularidade (0.0643),iaras (0.0573),apoiam (0.0591),naquele (0.0610)
2369,lindamente (0.0617),teima (0.0643),cestarias (0.0573),reconhecimento (0.0591),naquela (0.0610)
2370,animar (0.0617),som (0.0643),pigmento (0.0573),cachoeira (0.0591),mudam (0.0610)
2371,moqueca (0.0617),cacheado (0.0642),usamos (0.0573),jovialidade (0.0591),balançando (0.0610)
2372,iá (0.0617),cheios (0.0642),entalhada (0.0573),distante (0.0591),sinais (0.0609)
2373,aconchego (0.0616),conquistas (0.0642),anta (0.0573),guardar (0.0591),descolada (0.0609)
2374,prateada (0.0616),acompanham (0.0641),ensinamento (0.0573),capital (0.0589),destaca (0.0609)
2375,coquetel (0.0616),abertamente (0.0641),igarapé (0.0573),coqueiros (0.0589),amplo (0.0609)
2376,carregasse (0.0616),conquistei (0.0641),ocas (0.0573),perguntas (0.0589),silhueta (0.0609)
2377,caixinha (0.0616),fase (0.0641),percam (0.0573),religiosa (0.0589),específicas (0.0609)
2378,espinhos (0.0616),mudando (0.0641),porã (0.0573),cidades (0.0588),mix (0.0609)
2379,pedir (0.0616),assunto (0.0641),perca (0.0573),palma (0.0588),resistindo (0.0609)
2380,próxima (0.0616),esportes (0.0641),guardiões (0.0573),continua (0.0588),tropicais (0.0609)
2381,caminhos (0.0616),debates (0.0641),poderes (0.0573),acidentes (0.0588),serem (0.0609)
2382,irmãos (0.0616),balada (0.0640),caçada (0.0573),quilômetros (0.0588),amigo (0.0609)
2383,pesadas (0.0614),regulares (0.0640),anzol (0.0573),abafado (0.0588),elo (0.0608)
2384,introspecção (0.0614),casamento (0.0640),aiyana (0.0573),dinheiro (0.0588),musculosos (0.0608)
2385,campos (0.0614),displicente (0.0640),arnaldo (0.0573),desfiado (0.0588),tantos (0.0608)
2386,novos (0.0614),resolver (0.0640),barbosa (0.0573),amável (0.0588),popular (0.0608)
2387,explorar (0.0613),quindim (0.0640),ica (0.0573),agitação (0.0588),típico (0.0608)
2388,manias (0.0613),sugerir (0.0640),extraído (0.0573),encantos (0.0588),revolto (0.0607)
2389,cigarros (0.0613),ondulada (0.0640),lagoas (0.0573),espelha (0.0588),gravidade (0.0607)
2390,peixe (0.0613),descrevem (0.0640),explicam (0.0573),esguia (0.0587),customizado (0.0607)
2391,honesta (0.0613),informada (0.0640),alua (0.0573),quer (0.0587),soma (0.0607)
2392,pausadas (0.0612),alemão (0.0640),insetos (0.0573),fresca (0.0587),caminha (0.0607)
2393,marcando (0.0612),incomum (0.0640),lança (0.0573),acostuma (0.0587),coletiva (0.0607)
2394,importo (0.0612),lutas (0.0640),aruã (0.0573),escrever (0.0587),altas (0.0607)
2395,incontáveis (0.0612),colorida (0.0640),xamãs (0.0573),estações (0.0587),seriedade (0.0607)
2396,xadrez (0.0612),inclusivo (0.0639),específico (0.0573),cuidava (0.0587),dourada (0.0607)
2397,compreensão (0.0612),desigualdades (0.0639),entorno (0.0572),cativa (0.0587),vivacidade (0.0607)
2398,cultivaram (0.0612),estrada (0.0639),principal (0.0572),enrugada (0.0586),totalmente (0.0607)
2399,retalhos (0.0612),atrapalharem (0.0639),devem (0.0572),novas (0.0586),ervas (0.0607)
2400,mula (0.0612),falam (0.0639),ipês (0.0572),especiais (0.0586),perspectivas (0.0606)
2401,tucupi (0.0612),pulsos (0.0639),tarefa (0.0572),definições (0.0586),plantou (0.0606)
2402,gracioso (0.0612),aproximadamente (0.0639),misterioso (0.0572),justa (0.0586),rasteiras (0.0606)
2403,prontas (0.0612),crespo (0.0639),teimosia (0.0572),passagem (0.0586),pressa (0.0606)
2404,esculpida (0.0611),intensa (0.0638),certeza (0.0572),pássaro (0.0585),desajeitado (0.0606)
2405,indivíduo (0.0611),complicado (0.0638),movia (0.0571),abrir (0.0585),conectado (0.0606)
2406,antiga (0.0611),contínuo (0.0638),possíveis (0.0571),inúmeros (0.0585),portuguesa (0.0605)
2407,misturava (0.0611),sangue (0.0637),bege (0.0571),arrastadas (0.0585),curva (0.0604)
2408,toca (0.0611),design (0.0637),sugeria (0.0571),olham (0.0584),possibilidade (0.0604)
2409,perpetuar (0.0611),serviço (0.0637),precederam (0.0571),contemporânea (0.0584),sobrancelhas (0.0604)
2410,inabaláveis (0.0611),gesticulava (0.0637),roxo (0.0571),aridez (0.0584),novos (0.0604)
2411,logo (0.0611),ponderadas (0.0637),ásperas (0.0571),reconfortante (0.0584),imagino (0.0603)
2412,colore (0.0609),realizada (0.0637),combinadas (0.0571),aveludada (0.0584),sinceros (0.0603)
2413,refletir (0.0609),legado (0.0637),sociais (0.0571),possamos (0.0584),animado (0.0603)
2414,acostumados (0.0609),mate (0.0637),acompanhava (0.0570),prende (0.0584),batia (0.0603)
2415,cabe (0.0608),escuras (0.0637),deixavam (0.0570),renasce (0.0584),cigarro (0.0602)
2416,malícia (0.0608),engajado (0.0636),abria (0.0570),intrínseca (0.0583),coloria (0.0602)
2417,ajudam (0.0608),universidade (0.0636),caminhava (0.0568),periferia (0.0583),várias (0.0602)
2418,ganhar (0.0608),negócio (0.0636),completo (0.0568),pendia (0.0583),marcando (0.0602)
2419,sagacidade (0.0608),puro (0.0636),aprendizado (0.0568),aparecia (0.0583),humildade (0.0602)
2420,nortista (0.0608),fluidas (0.0636),rachado (0.0568),energias (0.0583),observação (0.0602)
2421,kim (0.0608),imponente (0.0636),traduzir (0.0568),deliciosa (0.0583),cravejada (0.0602)
2422,mangás (0.0608),diversos (0.0636),costumavam (0.0568),crianças (0.0583),contagia (0.0602)
2423,yakisoba (0.0608),ora (0.0635),acariciava (0.0567),pais (0.0583),piadas (0.0602)
2424,eile (0.0608),noite (0.0635),seco (0.0567),ajudando (0.0581),angu (0.0602)
2425,mantinha (0.0607),representam (0.0635),moldaram (0.0567),rasgada (0.0581),atabaque (0.0602)
2426,maquiagem (0.0607),certeza (0.0634),velho (0.0567),expressava (0.0581),pesca (0.0602)
2427,zen (0.0607),sabem (0.0634),invisibilidade (0.0567),rasgado (0.0581),acobreados (0.0601)
2428,pimenta (0.0607),rachadas (0.0634),iluminava (0.0567),entonações (0.0581),salada (0.0601)
2429,maravilhosa (0.0607),soava (0.0634),denotava (0.0566),acariciar (0.0581),bolo (0.0601)
2430,tranco (0.0607),situação (0.0634),resistem (0.0566),praça (0.0581),combinação (0.0601)
2431,sorria (0.0607),resignação (0.0634),formam (0.0566),tempestade (0.0581),necessária (0.0601)
2432,tia (0.0607),linha (0.0633),acobreado (0.0565),colo (0.0581),integrante (0.0601)
2433,iago (0.0607),amendoados (0.0633),indefinida (0.0565),permeiam (0.0581),inabaláveis (0.0601)
2434,agreste (0.0607),cabra (0.0633),botas (0.0565),relógio (0.0581),saga (0.0601)
2435,fibra (0.0607),adequadas (0.0632),crescido (0.0564),inspirada (0.0580),virar (0.0601)
2436,crucial (0.0607),fáceis (0.0632),baixa (0.0564),beijos (0.0580),escolha (0.0600)
2437,florescer (0.0606),indica (0.0632),compreender (0.0564),heteronormativa (0.0580),horta (0.0599)
2438,lembrete (0.0606),constituição (0.0632),sinta (0.0564),gentes (0.0580),senhora (0.0599)
2439,anotações (0.0606),desafiador (0.0632),precoces (0.0564),complementam (0.0580),guardava (0.0599)
2440,lendas (0.0605),caju (0.0632),adornar (0.0564),caindo (0.0580),maioria (0.0599)
2441,marcava (0.0605),casos (0.0632),papel (0.0564),robusto (0.0580),perfeitamente (0.0599)
2442,elaborado (0.0605),aconchegantes (0.0632),terreno (0.0564),plantio (0.0580),ruga (0.0598)
2443,cativante (0.0605),josé (0.0632),vestiam (0.0564),contínua (0.0580),vatapá (0.0598)
2444,vogais (0.0605),particularidades (0.0632),transmitidas (0.0563),bordados (0.0578),ecoando (0.0598)
2445,xícara (0.0604),salto (0.0632),improvisadas (0.0563),naquele (0.0578),questões (0.0598)
2446,oferecer (0.0604),teimosas (0.0632),transmito (0.0563),enquadrar (0.0578),daquelas (0.0598)
2447,ailton (0.0603),midi (0.0632),corredeiras (0.0563),naquela (0.0578),box (0.0598)
2448,medo (0.0603),rabiscados (0.0632),conferem (0.0563),mudanças (0.0578),dreadlocks (0.0598)
2449,genuína (0.0603),associados (0.0632),cantada (0.0563),lia (0.0578),cais (0.0598)
2450,vitalidade (0.0603),durabilidade (0.0632),jaguatirica (0.0563),tanta (0.0578),madureira (0.0598)
2451,berimbau (0.0603),falante (0.0632),jaborandi (0.0563),manhãs (0.0578),braids (0.0598)
2452,contribuir (0.0603),inclusiva (0.0632),conhecedora (0.0563),extrovertida (0.0577),termos (0.0597)
2453,acompanhado (0.0603),intercalando (0.0632),acalenta (0.0563),harmonia (0.0576),dão (0.0597)
2454,inquieta (0.0603),redes (0.0631),mede (0.0563),tantos (0.0576),argolas (0.0597)
2455,aprendido (0.0603),generosidade (0.0631),abstrato (0.0563),convicções (0.0576),esposa (0.0597)
2456,época (0.0603),queixo (0.0631),tilintam (0.0563),vivos (0.0576),infantis (0.0597)
2457,tempos (0.0603),tentam (0.0631),talhada (0.0563),capim (0.0576),marcar (0.0597)
2458,encontrou (0.0602),inegável (0.0630),catinga (0.0563),carregue (0.0576),sabia (0.0597)
2459,ilustrador (0.0602),lendas (0.0630),protegê (0.0563),correria (0.0575),motor (0.0597)
2460,atribuir (0.0602),trinta (0.0630),caseiros (0.0563),respeitada (0.0575),olinda (0.0597)
2461,pantaneira (0.0602),partir (0.0630),expressam (0.0563),apreciava (0.0574),conhecida (0.0597)
2462,maturidade (0.0602),basta (0.0630),oval (0.0562),gola (0.0574),amizade (0.0597)
2463,fubá (0.0602),consumo (0.0630),masculinas (0.0561),gostoso (0.0574),feitas (0.0597)
2464,italiana (0.0601),sentia (0.0630),humana (0.0561),jurandir (0.0574),comuns (0.0597)
2465,face (0.0601),aperto (0.0630),gerais (0.0561),juntas (0.0574),tortos (0.0596)
2466,articulada (0.0601),rouca (0.0629),escuta (0.0560),estilizada (0.0574),apagar (0.0596)
2467,abro (0.0601),cacau (0.0629),significativa (0.0560),destacava (0.0574),corrida (0.0596)
2468,segurava (0.0601),convívio (0.0628),desistir (0.0560),apertadas (0.0574),anotações (0.0596)
2469,comunicar (0.0601),querida (0.0628),transformam (0.0560),dores (0.0574),diverso (0.0595)
2470,dedo (0.0600),mudança (0.0628),imposição (0.0560),flora (0.0574),agricultor (0.0595)
2471,confusão (0.0600),atuais (0.0628),cruzam (0.0560),opressão (0.0574),ando (0.0595)
2472,adicionando (0.0600),crítica (0.0628),escolhido (0.0560),mistério (0.0574),traçado (0.0595)
2473,formam (0.0600),enigma (0.0628),graciosos (0.0560),encantadora (0.0573),linda (0.0595)
2474,binaridade (0.0600),questionar (0.0628),vozes (0.0560),fisionomia (0.0573),significa (0.0595)
2475,agarra (0.0600),convicção (0.0628),reconhecimento (0.0560),sampa (0.0573),surrado (0.0594)
2476,ponderadas (0.0600),aline (0.0628),consegue (0.0559),etiquetas (0.0573),mediana (0.0594)
2477,brincadeiras (0.0600),encontrando (0.0627),grupo (0.0559),permeava (0.0573),broche (0.0593)
2478,exatamente (0.0600),ritual (0.0627),cuidada (0.0559),hobby (0.0573),medos (0.0593)
2479,extensão (0.0600),douradas (0.0627),racismo (0.0559),cuidam (0.0573),emanam (0.0593)
2480,partes (0.0600),perguntas (0.0627),teimosa (0.0559),acobreadas (0.0573),estrada (0.0593)
2481,distância (0.0600),árida (0.0627),possibilidades (0.0558),acrescenta (0.0573),unida (0.0593)
2482,la (0.0598),obras (0.0627),seguro (0.0558),cabeleira (0.0573),aparece (0.0593)
2483,entendem (0.0598),inclemente (0.0627),cacheados (0.0558),cacimba (0.0573),receita (0.0593)
2484,frase (0.0598),símbolo (0.0626),forças (0.0558),visita (0.0573),bola (0.0592)
2485,justificar (0.0598),la (0.0626),frouxo (0.0557),menor (0.0573),jorge (0.0592)
2486,vivência (0.0598),sobreviver (0.0625),construída (0.0557),mesa (0.0573),torrenciais (0.0592)
2487,carimbó (0.0598),raramente (0.0625),brilhava (0.0556),cultivando (0.0573),personalidades (0.0592)
2488,joia (0.0598),esguia (0.0625),sábia (0.0556),rodeios (0.0573),brilhando (0.0592)
2489,genuíno (0.0598),mexia (0.0625),constituição (0.0556),perder (0.0573),trabalhadores (0.0592)
2490,ensinava (0.0598),bordas (0.0625),acumuladas (0.0556),descolada (0.0571),vejam (0.0592)
2491,patches (0.0598),interessantes (0.0625),soltas (0.0556),bilro (0.0571),vulnerabilidade (0.0592)
2492,abraçou (0.0598),assuntos (0.0625),enraizada (0.0556),esculpidos (0.0571),mesclava (0.0592)
2493,particulares (0.0598),curtindo (0.0625),curtas (0.0556),escassez (0.0571),reservada (0.0592)
2494,gama (0.0598),casuais (0.0625),passar (0.0556),satisfação (0.0571),face (0.0591)
2495,gonzaga (0.0598),descrito (0.0625),incansavelmente (0.0555),pedacinho (0.0571),pinturas (0.0591)
2496,compõe (0.0598),truco (0.0625),elemento (0.0555),enxergar (0.0571),gêneros (0.0591)
2497,calçava (0.0598),75m (0.0625),experientes (0.0555),estilosas (0.0571),pronto (0.0590)
2498,paulistana (0.0598),considerar (0.0625),representativa (0.0555),silhueta (0.0571),açúcar (0.0590)
2499,minucioso (0.0598),colonial (0.0625),conselhos (0.0555),amplo (0.0571),gesticulava (0.0590)
2500,fio (0.0596),fã (0.0625),sussurradas (0.0555),caminhada (0.0571),enfrentamos (0.0590)
2501,cuida (0.0596),humano (0.0625),conhecedor (0.0555),igualitário (0.0571),formam (0.0590)
2502,surpreendente (0.0596),resto (0.0625),pisaram (0.0555),plenamente (0.0571),design (0.0590)
2503,grudado (0.0596),rápida (0.0625),representante (0.0555),poderia (0.0570),indefinida (0.0590)
2504,emoldurada (0.0596),oliva (0.0625),chegada (0.0555),enrugado (0.0569),batalhadora (0.0590)
2505,adiciona (0.0596),infernal (0.0625),sussurrados (0.0555),combinação (0.0569),mal (0.0590)
2506,mexe (0.0596),mania (0.0625),descem (0.0555),bolo (0.0569),existem (0.0590)
2507,cinto (0.0596),plantação (0.0625),contemporaneidade (0.0555),irradia (0.0569),músculos (0.0590)
2508,respira (0.0596),imprecisa (0.0625),coberto (0.0555),entendo (0.0569),baixa (0.0588)
2509,descalços (0.0596),frios (0.0625),sábio (0.0555),descobrindo (0.0569),pratos (0.0588)
2510,compridos (0.0595),volante (0.0625),personificada (0.0555),guerreiras (0.0569),mesclando (0.0588)
2511,urbano (0.0595),prefira (0.0625),bahia (0.0553),ervas (0.0569),amazonas (0.0588)
2512,geométricas (0.0594),urbanos (0.0625),renasce (0.0553),juiz (0.0569),compreender (0.0588)
2513,vir (0.0594),banha (0.0625),disse (0.0553),preconceito (0.0569),abraçou (0.0588)
2514,infinito (0.0594),musical (0.0624),crua (0.0553),pegam (0.0569),sustentar (0.0588)
2515,forjado (0.0594),guardar (0.0624),verdadeiro (0.0553),chamativos (0.0569),celebradas (0.0588)
2516,preferir (0.0594),identifica (0.0623),acesa (0.0553),rasteiras (0.0569),devoto (0.0588)
2517,arguta (0.0594),escorrendo (0.0623),fome (0.0553),pesa (0.0569),abraços (0.0588)
2518,tristezas (0.0594),inúmeros (0.0623),conquistas (0.0552),pertencimento (0.0568),persistência (0.0588)
2519,preço (0.0594),dedicação (0.0622),navegar (0.0551),bronzeou (0.0568),rasgados (0.0588)
2520,engenharia (0.0594),veadeiros (0.0621),altura (0.0551),tente (0.0568),vielas (0.0588)
2521,impostos (0.0594),escondido (0.0621),repleta (0.0551),guardava (0.0568),licença (0.0588)
2522,digna (0.0594),lavoura (0.0621),normalmente (0.0551),morando (0.0568),incondicional (0.0588)
2523,cuidados (0.0594),estereotipada (0.0621),inclusão (0.0551),evidenciando (0.0568),desafiou (0.0588)
2524,progresso (0.0594),preferia (0.0621),celebrar (0.0551),mancar (0.0567),educadora (0.0588)
2525,inspiradas (0.0594),europeias (0.0621),artes (0.0551),brilharem (0.0567),separados (0.0588)
2526,fins (0.0594),ilustrações (0.0621),observar (0.0550),percebia (0.0567),musculoso (0.0587)
2527,interna (0.0594),italiano (0.0621),escorria (0.0550),estranham (0.0567),prender (0.0587)
2528,gostaria (0.0594),orla (0.0621),mover (0.0550),afazeres (0.0567),refinado (0.0586)
2529,encaixava (0.0594),facilmente (0.0621),ambas (0.0550),vero (0.0567),clássica (0.0586)
2530,jovialidade (0.0594),acolhimento (0.0621),considerando (0.0550),falando (0.0566),cartilagem (0.0586)
2531,apoiam (0.0594),impõe (0.0620),chegar (0.0550),feijoada (0.0566),masculinas (0.0586)
2532,águas (0.0593),protegendo (0.0620),genérica (0.0550),dialeto (0.0566),adornava (0.0586)
2533,cuidada (0.0593),ajudando (0.0619),diárias (0.0550),preguiça (0.0566),gutural (0.0584)
2534,distante (0.0593),rasgada (0.0619),coletadas (0.0550),sinceros (0.0566),resistências (0.0584)
2535,utiliza (0.0592),otimismo (0.0618),simplificação (0.0550),escolhida (0.0566),mineiros (0.0584)
2536,dedicação (0.0591),coube (0.0618),selva (0.0550),emoção (0.0566),capixaba (0.0584)
2537,formal (0.0591),ação (0.0618),intrinsecamente (0.0548),inesquecível (0.0566),perco (0.0584)
2538,perguntas (0.0591),subtropical (0.0618),conectando (0.0548),bolsa (0.0566),engajado (0.0584)
2539,atarracado (0.0591),histórica (0.0618),escassa (0.0548),quadro (0.0566),gostos (0.0584)
2540,douradas (0.0591),adulta (0.0618),reciclado (0.0548),andrógino (0.0566),ribeirinha (0.0584)
2541,primeira (0.0591),invernos (0.0618),habitantes (0.0548),visuais (0.0566),movimentar (0.0584)
2542,calada (0.0591),abertos (0.0618),comunicando (0.0548),solta (0.0566),incrível (0.0584)
2543,específicos (0.0591),cadeira (0.0618),funde (0.0548),sonora (0.0566),digna (0.0584)
2544,resistir (0.0590),folga (0.0618),corpos (0.0548),auto (0.0565),encaixava (0.0584)
2545,continua (0.0590),absorvido (0.0618),folha (0.0548),europeia (0.0565),ambos (0.0584)
2546,brasa (0.0590),narrativa (0.0618),cantando (0.0548),caseiro (0.0565),poemas (0.0584)
2547,mescla (0.0590),maiores (0.0618),constantes (0.0548),veio (0.0565),floral (0.0583)
2548,luiz (0.0590),42 (0.0618),nordeste (0.0547),torno (0.0565),águas (0.0583)
2549,princípios (0.0590),empatia (0.0618),aba (0.0547),desabotoada (0.0565),liso (0.0583)
2550,escrevo (0.0590),combinam (0.0618),conheceu (0.0546),saga (0.0563),distante (0.0583)
2551,enraizada (0.0589),caindo (0.0617),sintonia (0.0546),tirar (0.0563),agricultores (0.0582)
2552,raramente (0.0589),ativismo (0.0617),chegam (0.0546),coques (0.0563),vinco (0.0582)
2553,escrever (0.0589),batida (0.0616),traziam (0.0546),óleo (0.0563),26 (0.0582)
2554,bagunçado (0.0589),aba (0.0615),complementa (0.0546),silenciada (0.0563),tios (0.0580)
2555,caminhadas (0.0589),joelhos (0.0615),lavagens (0.0546),serra (0.0562),quimono (0.0580)
2556,sô (0.0589),fica (0.0615),novo (0.0546),abandonar (0.0562),baixinho (0.0580)
2557,corrido (0.0589),chave (0.0615),prática (0.0546),esperançoso (0.0562),quebrando (0.0580)
2558,arretado (0.0589),luxo (0.0615),desse (0.0545),parada (0.0562),pontes (0.0580)
2559,baseado (0.0589),perspicácia (0.0615),vivos (0.0545),ativo (0.0562),inigualável (0.0580)
2560,luzia (0.0589),timidez (0.0615),mudar (0.0545),reinventa (0.0562),escrevo (0.0580)
2561,impõe (0.0589),testemunha (0.0615),gosto (0.0544),inscreveu (0.0562),caderno (0.0580)
2562,formada (0.0588),determinado (0.0615),doçura (0.0544),quietas (0.0562),esguia (0.0580)
2563,trazem (0.0588),continuar (0.0615),peculiar (0.0544),rude (0.0562),descoladas (0.0580)
2564,escorrendo (0.0587),diária (0.0614),luar (0.0543),ajudam (0.0561),esperanças (0.0580)
2565,passou (0.0587),únicas (0.0614),irradiando (0.0543),povoado (0.0561),fortaleço (0.0579)
2566,terracota (0.0587),corre (0.0613),apertadas (0.0543),únicos (0.0561),espessa (0.0579)
2567,olham (0.0586),hibisco (0.0613),tias (0.0543),soprava (0.0561),redondo (0.0579)
2568,contemporânea (0.0586),guardam (0.0613),mandíbula (0.0543),mole (0.0561),ousada (0.0579)
2569,terroso (0.0586),dedicar (0.0613),risos (0.0543),italianos (0.0561),reduzida (0.0579)
2570,pino (0.0586),andamento (0.0613),gentileza (0.0543),séculos (0.0561),passa (0.0579)
2571,amistoso (0.0586),arraigados (0.0613),cultiva (0.0543),vivi (0.0561),protegendo (0.0579)
2572,pensar (0.0586),informalidade (0.0613),deu (0.0543),aquarela (0.0561),reserva (0.0579)
2573,esperando (0.0586),esvoaçante (0.0613),deixou (0.0543),ato (0.0560),inúmeros (0.0578)
2574,enigma (0.0586),blusas (0.0613),capacidade (0.0542),sulistas (0.0560),umas (0.0578)
2575,arranjo (0.0586),filosofia (0.0613),adornavam (0.0542),resilientes (0.0560),cristalina (0.0577)
2576,querida (0.0586),hábitos (0.0613),lembretes (0.0542),então (0.0560),netos (0.0577)
2577,máquina (0.0586),diretamente (0.0613),alcançam (0.0542),conectada (0.0559),lenço (0.0577)
2578,questionar (0.0586),exibir (0.0613),conhecendo (0.0542),encontradas (0.0559),ir (0.0577)
2579,convívio (0.0586),equilibrar (0.0613),adornando (0.0542),pescador (0.0559),maceió (0.0577)
2580,inebriante (0.0586),contada (0.0612),levanta (0.0542),antigos (0.0559),gota (0.0577)
2581,maceió (0.0586),aconchego (0.0612),rabos (0.0542),linda (0.0558),silêncios (0.0577)
2582,apresentar (0.0586),sessenta (0.0612),nasceu (0.0542),combinadas (0.0558),inebriante (0.0577)
2583,apoio (0.0585),vem (0.0611),tingia (0.0542),carne (0.0558),sacos (0.0577)
2584,contido (0.0585),caminhos (0.0611),vieram (0.0542),rígidos (0.0558),sílaba (0.0577)
2585,conjunto (0.0585),diariamente (0.0610),exemplos (0.0542),ásperas (0.0558),altos (0.0577)
2586,resumo (0.0585),tarefas (0.0609),buscar (0.0542),marcava (0.0558),fome (0.0577)
2587,terrosas (0.0585),possa (0.0609),sobrancelhas (0.0542),agricultor (0.0558),acesa (0.0577)
2588,solidariedade (0.0585),após (0.0609),árido (0.0542),crio (0.0558),atuais (0.0577)
2589,contemporâneas (0.0585),feitos (0.0609),ofício (0.0542),alinhados (0.0558),dói (0.0577)
2590,turbante (0.0585),trocaria (0.0609),perfeitamente (0.0541),águas (0.0557),cerca (0.0576)
2591,esquerdo (0.0584),aparências (0.0609),menos (0.0541),espalhada (0.0557),artesanalmente (0.0576)
2592,respeitar (0.0584),populares (0.0609),encaixam (0.0541),sonha (0.0557),acolhimento (0.0576)
2593,intensamente (0.0584),envolvida (0.0609),femininas (0.0540),enriquecido (0.0557),resumo (0.0576)
2594,inata (0.0584),barro (0.0609),desbotadas (0.0539),cacto (0.0557),visível (0.0576)
2595,gargalhadas (0.0583),conhecem (0.0608),musicalidade (0.0539),defendo (0.0557),penteados (0.0576)
2596,ensinar (0.0583),plenamente (0.0608),cabem (0.0538),junção (0.0557),genética (0.0576)
2597,coletadas (0.0583),imigrantes (0.0608),tente (0.0537),salpicam (0.0557),mechas (0.0575)
2598,ligado (0.0583),várias (0.0608),manipulando (0.0536),gaúcho (0.0556),espalhadas (0.0575)
2599,rápida (0.0583),coloria (0.0608),ouvidos (0.0536),broche (0.0556),mochila (0.0574)
2600,pedaços (0.0583),impregnada (0.0607),desce (0.0536),desigualdades (0.0556),neutros (0.0574)
2601,imprevisível (0.0583),academia (0.0607),mandacaru (0.0536),formava (0.0556),incessante (0.0574)
2602,plantação (0.0583),gostar (0.0607),responsabilidades (0.0536),autoexpressão (0.0556),casas (0.0574)
2603,colheram (0.0583),fraco (0.0607),entrelaça (0.0536),metal (0.0555),formais (0.0574)
2604,lira (0.0582),enfim (0.0607),integrando (0.0536),masculinas (0.0555),via (0.0574)
2605,trabalham (0.0582),religiosas (0.0607),abóbora (0.0536),goiana (0.0555),vivaz (0.0574)
2606,paulistas (0.0582),computador (0.0607),rostos (0.0536),próxima (0.0555),escolhidas (0.0574)
2607,estiloso (0.0582),variadas (0.0607),mediana (0.0536),descrever (0.0555),tempestades (0.0573)
2608,limão (0.0582),reforçar (0.0607),cujo (0.0536),acolhem (0.0554),generalizada (0.0573)
2609,favoritos (0.0582),ignorar (0.0607),ternura (0.0536),lutam (0.0554),rápida (0.0573)
2610,básico (0.0582),noites (0.0607),apresentava (0.0536),pronto (0.0554),levantar (0.0573)
2611,revelaria (0.0582),dizia (0.0606),argolas (0.0536),permanente (0.0554),praça (0.0573)
2612,explosivo (0.0582),estradas (0.0606),dialeto (0.0535),fictícia (0.0554),selva (0.0573)
2613,brigadeiro (0.0582),misturava (0.0606),incansável (0.0535),calejada (0.0554),coletadas (0.0573)
2614,incomodar (0.0582),nodosas (0.0606),constroem (0.0535),respiro (0.0554),embalava (0.0573)
2615,fortalece (0.0582),guardava (0.0604),ativista (0.0535),retratam (0.0554),garantir (0.0573)
2616,acalma (0.0582),colore (0.0604),deixava (0.0535),formam (0.0554),exibe (0.0573)
2617,caindo (0.0582),animada (0.0604),mangueira (0.0535),injustiças (0.0554),escondia (0.0573)
2618,sofrimento (0.0582),adquirida (0.0604),guaraná (0.0534),urbana (0.0554),aceitação (0.0572)
2619,complexidades (0.0582),astúcia (0.0603),torno (0.0534),cintura (0.0554),vestidos (0.0572)
2620,fogo (0.0580),sagacidade (0.0603),sulco (0.0534),proteção (0.0553),resistiu (0.0572)
2621,enquadrar (0.0580),concha (0.0603),pintar (0.0534),cuidada (0.0553),maninha (0.0572)
2622,mutável (0.0580),sento (0.0603),faço (0.0534),utilizando (0.0553),gingado (0.0572)
2623,favorita (0.0580),ajudam (0.0603),tá (0.0534),kaique (0.0552),esvoaça (0.0572)
2624,plantava (0.0580),próximas (0.0603),montanhas (0.0533),raíssa (0.0552),desvendar (0.0572)
2625,manhãs (0.0580),deixo (0.0603),livres (0.0533),remetendo (0.0552),pintam (0.0572)
2626,maracatu (0.0580),coloridos (0.0603),silenciada (0.0533),gesticular (0.0552),defeitos (0.0572)
2627,curtido (0.0580),branquinha (0.0603),inabaláveis (0.0533),maya (0.0552),moldar (0.0572)
2628,superar (0.0580),desconhecidos (0.0603),40 (0.0533),marcar (0.0552),toques (0.0572)
2629,temperada (0.0580),pronunciado (0.0603),discretos (0.0533),compartilhadas (0.0552),abriga (0.0572)
2630,tela (0.0580),pragmático (0.0603),oferecer (0.0533),esboçava (0.0552),surge (0.0572)
2631,paraenses (0.0580),gustavo (0.0603),metais (0.0531),creme (0.0552),complexidades (0.0572)
2632,traziam (0.0580),funcionário (0.0603),agricultora (0.0531),evidentes (0.0552),caminhos (0.0571)
2633,tentando (0.0578),analista (0.0603),banhara (0.0531),cultivada (0.0552),enquadrar (0.0570)
2634,chinelos (0.0578),sobrepeso (0.0603),habilidosos (0.0531),cadências (0.0552),barriga (0.0570)
2635,acham (0.0578),introvertido (0.0603),percepção (0.0531),frase (0.0552),toco (0.0570)
2636,rala (0.0578),presenciais (0.0603),cotidianas (0.0531),cria (0.0552),lavoura (0.0570)
2637,levar (0.0578),alemães (0.0603),correnteza (0.0531),bonito (0.0552),desafiadora (0.0570)
2638,convicções (0.0578),caldas (0.0603),locais (0.0531),capoeira (0.0552),mutável (0.0570)
2639,lenha (0.0578),exercícios (0.0603),café (0.0531),ensinava (0.0552),chegam (0.0570)
2640,sai (0.0576),pegar (0.0603),naturalmente (0.0531),defina (0.0552),transformando (0.0570)
2641,vibrar (0.0576),socioeconômico (0.0603),quebrado (0.0531),lateral (0.0552),europeias (0.0570)
2642,direta (0.0576),oitenta (0.0603),trilhas (0.0531),cuidadosamente (0.0551),jogar (0.0570)
2643,gola (0.0576),sapato (0.0603),soprava (0.0531),corta (0.0550),descolados (0.0570)
2644,gostoso (0.0576),confia (0.0603),agradecer (0.0531),vão (0.0550),espalha (0.0570)
2645,lavagem (0.0576),pastéis (0.0603),misto (0.0530),cavalo (0.0550),tela (0.0570)
2646,contraditória (0.0576),nico (0.0603),então (0.0530),podem (0.0550),sotaques (0.0570)
2647,ensinando (0.0576),agência (0.0603),ato (0.0530),tonalidade (0.0550),levar (0.0568)
2648,adaptar (0.0576),dão (0.0603),começando (0.0529),tornam (0.0550),gasto (0.0568)
2649,queimava (0.0576),cana (0.0603),etc (0.0529),farta (0.0550),hibisco (0.0568)
2650,primos (0.0576),salgado (0.0603),construído (0.0529),grudado (0.0550),observam (0.0568)
2651,propriedade (0.0576),robusta (0.0602),masculina (0.0529),próprios (0.0550),mansa (0.0568)
2652,intensificavam (0.0576),evidencia (0.0602),urbanas (0.0529),inspirar (0.0550),vasta (0.0568)
2653,tecida (0.0576),descontraído (0.0602),solar (0.0529),comunicação (0.0550),correria (0.0568)
2654,tentar (0.0576),clarear (0.0602),atrapalhar (0.0527),esverdeado (0.0550),ponta (0.0567)
2655,pressa (0.0576),arregaçadas (0.0602),recém (0.0527),respira (0.0550),primos (0.0567)
2656,dores (0.0576),qualidades (0.0602),chegou (0.0527),inclusiva (0.0550),ancestralidades (0.0567)
2657,habilidosas (0.0576),quilinhos (0.0602),valorização (0.0527),surpreendente (0.0550),42 (0.0567)
2658,amarelado (0.0575),cinzas (0.0602),fortalecer (0.0527),realidades (0.0548),direta (0.0567)
2659,acredite (0.0575),vamos (0.0602),ficava (0.0527),conquistada (0.0548),vasto (0.0567)
2660,ofuscante (0.0575),igual (0.0601),composição (0.0527),ricardo (0.0548),destacar (0.0567)
2661,chamativas (0.0575),24 (0.0601),pintas (0.0527),estrela (0.0548),templo (0.0567)
2662,rês (0.0575),marcava (0.0601),evocavam (0.0527),saem (0.0548),frutas (0.0567)
2663,ajudante (0.0575),agricultor (0.0601),compartilhados (0.0527),ruguinhas (0.0548),noturno (0.0567)
2664,demonstração (0.0575),combinadas (0.0601),confunde (0.0527),iniciais (0.0548),explorando (0.0567)
2665,carreteiro (0.0575),mato (0.0601),unida (0.0526),lealdade (0.0548),contrastes (0.0567)
2666,berço (0.0575),desleixado (0.0600),berimbau (0.0526),espessos (0.0548),pulsos (0.0567)
2667,curvavam (0.0575),planta (0.0599),clara (0.0525),cesta (0.0548),racha (0.0566)
2668,vencida (0.0575),contribuir (0.0598),debaixo (0.0525),interna (0.0548),terreiro (0.0566)
2669,indomável (0.0575),julgamentos (0.0598),certa (0.0525),arrastada (0.0548),preenchia (0.0566)
2670,exemplos (0.0575),serra (0.0598),sujas (0.0524),funcionais (0.0548),facilita (0.0566)
2671,possa (0.0575),envolve (0.0598),batida (0.0524),feminilidade (0.0548),gorda (0.0566)
2672,relativamente (0.0575),melhores (0.0598),sobreviveram (0.0523),batendo (0.0546),sonhar (0.0566)
2673,ninho (0.0574),nomear (0.0598),desafiar (0.0523),forças (0.0546),escorrer (0.0566)
2674,bilro (0.0574),bola (0.0598),janaúba (0.0522),silvestres (0.0546),lgbtqiapn (0.0566)
2675,luxo (0.0574),humorado (0.0598),juru (0.0522),grudava (0.0546),articulado (0.0566)
2676,quitutes (0.0574),procurando (0.0598),baixas (0.0522),graciosidade (0.0546),acentuava (0.0566)
2677,assimétrico (0.0574),expectativa (0.0598),controlada (0.0522),encontrando (0.0546),rastas (0.0566)
2678,faca (0.0574),equilibrada (0.0598),secretos (0.0522),serve (0.0546),temperado (0.0566)
2679,caminhada (0.0573),perfeito (0.0598),espinho (0.0522),quentinho (0.0546),objetivos (0.0566)
2680,várias (0.0573),lealdade (0.0598),destruída (0.0522),genética (0.0545),construções (0.0566)
2681,agitada (0.0573),laço (0.0598),picadas (0.0522),terrosas (0.0545),ofício (0.0565)
2682,preocupação (0.0573),pensativa (0.0598),kadiwéu (0.0522),penteados (0.0545),possa (0.0565)
2683,risadas (0.0573),ágil (0.0597),pesco (0.0522),aparados (0.0544),saias (0.0565)
2684,possam (0.0573),rir (0.0597),trançadas (0.0522),modão (0.0544),escuras (0.0565)
2685,existo (0.0571),segurar (0.0597),ornamentado (0.0522),funcionalidade (0.0544),estatura (0.0565)
2686,limites (0.0571),segurava (0.0597),dispostas (0.0522),fumegante (0.0544),misturadas (0.0564)
2687,agrônomo (0.0571),diante (0.0596),kayapó (0.0522),apelido (0.0544),enxergar (0.0564)
2688,generalizar (0.0571),orgulhosa (0.0596),combatendo (0.0522),sustentar (0.0544),copo (0.0564)
2689,caem (0.0570),denotava (0.0596),circunda (0.0522),pontos (0.0544),femininas (0.0564)
2690,guardava (0.0570),faço (0.0596),savana (0.0522),realça (0.0544),definição (0.0564)
2691,particular (0.0570),adicionando (0.0596),prego (0.0522),descoladas (0.0544),visão (0.0564)
2692,respeita (0.0570),açúcar (0.0596),estreita (0.0522),independentes (0.0544),importo (0.0564)
2693,panela (0.0569),opta (0.0596),entrelaço (0.0522),oestino (0.0542),figura (0.0564)
2694,corria (0.0569),construído (0.0595),pneu (0.0522),pinto (0.0542),fibra (0.0562)
2695,astro (0.0569),transcendia (0.0594),ias (0.0522),aprende (0.0542),nova (0.0562)
2696,deparo (0.0569),chame (0.0594),xy (0.0522),impregnado (0.0542),limites (0.0562)
2697,aliás (0.0569),alinhados (0.0594),quiquim (0.0522),frequência (0.0542),denotando (0.0562)
2698,esperar (0.0569),puxa (0.0594),breu (0.0522),folclóricas (0.0542),ventos (0.0562)
2699,lu (0.0569),espectro (0.0593),ornamentos (0.0522),vermelhas (0.0542),canta (0.0562)
2700,pernas (0.0568),sustentava (0.0593),hã (0.0522),duras (0.0542),município (0.0562)
2701,ternura (0.0568),clareza (0.0593),awa (0.0522),administrativa (0.0542),adora (0.0561)
2702,equilíbrio (0.0568),fumegante (0.0593),takumã (0.0522),conseguia (0.0542),evitando (0.0561)
2703,salvador (0.0568),apresente (0.0593),passamos (0.0522),despedidas (0.0542),prateada (0.0561)
2704,cultivar (0.0568),parentes (0.0593),engolida (0.0522),caminhos (0.0541),pendurado (0.0561)
2705,dão (0.0568),pinga (0.0593),chás (0.0522),fogo (0.0541),dedico (0.0561)
2706,refúgio (0.0568),araucárias (0.0593),taquari (0.0522),população (0.0540),aconchego (0.0561)
2707,desenho (0.0568),trabalhou (0.0593),honro (0.0522),binarismos (0.0540),adiante (0.0561)
2708,moletom (0.0568),acessível (0.0593),banham (0.0522),espesso (0.0540),exposição (0.0561)
2709,imagens (0.0568),dicção (0.0593),ecossistema (0.0522),desgaste (0.0540),chamado (0.0560)
2710,molde (0.0568),profissionais (0.0593),hipotético (0.0522),cruzam (0.0540),ateliê (0.0560)
2711,paixões (0.0568),fofocas (0.0593),serrana (0.0522),direitinho (0.0540),magnetismo (0.0560)
2712,escolhida (0.0568),amplificar (0.0593),beiju (0.0522),capixaba (0.0540),grudento (0.0560)
2713,denunciando (0.0568),catarinense (0.0593),luito (0.0522),religiosidade (0.0540),didáticos (0.0560)
2714,comidas (0.0568),serviços (0.0593),caçando (0.0522),ideal (0.0540),pilar (0.0560)
2715,aproveitar (0.0568),insegurança (0.0593),banana (0.0522),direita (0.0540),apresentava (0.0559)
2716,vincos (0.0568),sistemas (0.0593),honrem (0.0522),habilidade (0.0539),moviam (0.0559)
2717,costurar (0.0568),pessoalmente (0.0593),uruguai (0.0522),jovial (0.0538),querido (0.0559)
2718,dialeto (0.0568),lexe (0.0593),preservadas (0.0522),gargalhadas (0.0538),travessa (0.0559)
2719,reconhecer (0.0566),colégio (0.0593),vimos (0.0522),possuía (0.0538),costurar (0.0559)
2720,colares (0.0565),estados (0.0593),harmonizam (0.0522),magros (0.0538),carregamos (0.0559)
2721,impecável (0.0565),pixie (0.0593),mortes (0.0522),ferramenta (0.0538),quadro (0.0559)
2722,virar (0.0565),pertences (0.0593),tiramos (0.0522),trilha (0.0538),comecei (0.0559)
2723,bruta (0.0565),parecem (0.0593),continuamos (0.0522),escolhidas (0.0538),garganta (0.0559)
2724,encontrei (0.0565),marcantes (0.0592),saibam (0.0522),neles (0.0537),visuais (0.0559)
2725,discretos (0.0565),chamar (0.0592),serenos (0.0522),rolo (0.0537),trabalhada (0.0559)
2726,abria (0.0565),queimou (0.0591),protegiam (0.0522),cortado (0.0537),complexos (0.0559)
2727,vim (0.0564),sertanejo (0.0591),balança (0.0522),suavidade (0.0537),incansável (0.0559)
2728,los (0.0564),adiciona (0.0591),impressa (0.0522),vivido (0.0537),rachada (0.0559)
2729,salpicados (0.0564),cinto (0.0591),impressas (0.0522),ativismo (0.0537),frouxo (0.0556)
2730,reluzia (0.0564),bordar (0.0591),grave (0.0522),individual (0.0537),junina (0.0556)
2731,expressem (0.0564),rosa (0.0591),comportamental (0.0522),habitam (0.0537),camarão (0.0556)
2732,balançar (0.0564),velhos (0.0590),guiando (0.0522),fica (0.0535),cuidadoso (0.0556)
2733,artísticas (0.0564),improvisado (0.0589),azuis (0.0522),reunir (0.0535),moldes (0.0556)
2734,vizinhas (0.0564),temperamento (0.0589),lateral (0.0522),turquesa (0.0534),alicerce (0.0556)
2735,parcialmente (0.0564),luxos (0.0589),demonstravam (0.0522),considera (0.0533),moleque (0.0556)
2736,entusiasmo (0.0564),informais (0.0589),radiante (0.0522),calos (0.0533),xícara (0.0556)
2737,guimarães (0.0564),vozes (0.0589),expressivo (0.0521),amarrado (0.0533),manual (0.0555)
2738,morar (0.0563),tristezas (0.0589),ondulado (0.0521),pensar (0.0533),aprendizado (0.0555)
2739,almoço (0.0563),direitinho (0.0589),conversas (0.0520),assinatura (0.0533),transformador (0.0554)
2740,sede (0.0563),ribeirinha (0.0589),pais (0.0520),embala (0.0533),transbordam (0.0554)
2741,churrascos (0.0563),desgaste (0.0589),coragem (0.0520),acesa (0.0533),motivo (0.0554)
2742,jumento (0.0563),conter (0.0589),comunicação (0.0520),áspero (0.0533),estabelecidos (0.0554)
2743,torrente (0.0563),significativa (0.0589),ponderada (0.0520),turbantes (0.0533),escolho (0.0554)
2744,vivi (0.0563),arrumar (0.0589),reflexos (0.0519),formando (0.0533),permissão (0.0554)
2745,ébano (0.0563),encaixava (0.0589),texturas (0.0519),sacos (0.0533),escape (0.0554)
2746,neutro (0.0563),caramelo (0.0587),herdou (0.0518),sabendo (0.0533),encontrava (0.0554)
2747,segurar (0.0562),tranças (0.0587),estrela (0.0518),heranças (0.0533),volume (0.0554)
2748,floresce (0.0562),decifrar (0.0587),nomear (0.0518),habita (0.0533),arrancando (0.0554)
2749,ciclos (0.0562),primeira (0.0587),impregna (0.0518),vestes (0.0533),preferida (0.0554)
2750,músculos (0.0561),persistente (0.0587),raspados (0.0518),pulseirinha (0.0533),colheitas (0.0554)
2751,antigos (0.0561),serve (0.0587),eloquência (0.0518),fibra (0.0533),demais (0.0554)
2752,25 (0.0560),enfatizando (0.0587),acolhida (0.0518),guria (0.0533),únicos (0.0554)
2753,cabo (0.0560),garra (0.0586),sustentável (0.0518),fiéis (0.0533),seguraram (0.0554)
2754,escondem (0.0560),aperta (0.0586),centenária (0.0518),habitavam (0.0533),eco (0.0554)
2755,bochecha (0.0560),secas (0.0586),artesanais (0.0518),conservavam (0.0533),povoado (0.0554)
2756,ásperas (0.0560),aspecto (0.0585),inspiradas (0.0518),invisibilizadas (0.0533),relações (0.0554)
2757,baixa (0.0560),construídas (0.0585),sentia (0.0518),rarear (0.0533),quebrado (0.0554)
2758,partir (0.0560),fazendo (0.0585),linho (0.0517),manchada (0.0533),azulado (0.0554)
2759,camada (0.0559),transparente (0.0585),piercings (0.0517),rafael (0.0533),cercada (0.0554)
2760,laterais (0.0559),grata (0.0585),perguntas (0.0516),contrastavam (0.0532),parar (0.0554)
2761,bruto (0.0559),projeto (0.0585),abraçando (0.0516),explorando (0.0532),cantava (0.0554)
2762,encontraram (0.0559),interessante (0.0585),denunciavam (0.0516),tentar (0.0532),morar (0.0554)
2763,chegou (0.0559),passei (0.0585),vê (0.0515),noturno (0.0532),cabe (0.0554)
2764,lutava (0.0559),esperam (0.0585),pessoais (0.0515),pressa (0.0532),então (0.0553)
2765,ensolaradas (0.0559),princípios (0.0585),personalidade (0.0515),curvas (0.0532),velho (0.0553)
2766,paulistano (0.0559),abafado (0.0585),entremeado (0.0515),próximos (0.0531),trança (0.0553)
2767,continha (0.0559),fascinante (0.0585),encontrados (0.0515),vocabulário (0.0530),comum (0.0552)
2768,começo (0.0559),quer (0.0585),machado (0.0515),planta (0.0530),calosas (0.0552)
2769,simpatia (0.0559),franja (0.0584),colhem (0.0515),variam (0.0530),praias (0.0552)
2770,escondiam (0.0559),associadas (0.0584),vó (0.0515),vitórias (0.0530),minimalistas (0.0551)
2771,constrói (0.0559),reflexiva (0.0584),estrelada (0.0515),descobrir (0.0530),físicos (0.0551)
2772,habitava (0.0559),pontuadas (0.0584),firmemente (0.0515),colheram (0.0530),marcava (0.0551)
2773,bode (0.0559),idosa (0.0584),ensina (0.0514),criam (0.0530),esculpir (0.0551)
2774,derrete (0.0559),influenciados (0.0584),quer (0.0514),imediatamente (0.0530),rachou (0.0550)
2775,esperteza (0.0559),conservava (0.0584),esperanças (0.0514),imprevisível (0.0530),desgastadas (0.0550)
2776,denunciam (0.0558),acaloradas (0.0584),minas (0.0514),desejo (0.0530),dominação (0.0549)
2777,gaúcho (0.0558),adunco (0.0584),piercing (0.0514),divertida (0.0530),sonha (0.0549)
2778,machismo (0.0558),sofisticada (0.0584),dourada (0.0513),coturno (0.0530),vinte (0.0549)
2779,autoexpressão (0.0558),razoavelmente (0.0584),lado (0.0512),esboça (0.0530),artesãos (0.0549)
2780,caráter (0.0558),íntimos (0.0584),acolhedora (0.0512),perdas (0.0530),complementando (0.0549)
2781,atrapalharem (0.0558),tendência (0.0584),subia (0.0512),superou (0.0530),vizinhos (0.0549)
2782,vivendo (0.0558),perdidos (0.0584),caudalosos (0.0512),volante (0.0530),resisto (0.0549)
2783,julgamentos (0.0558),artístico (0.0584),nheengatu (0.0512),protegem (0.0530),constrói (0.0549)
2784,escuto (0.0558),chopp (0.0584),caixotes (0.0512),pende (0.0529),troca (0.0549)
2785,fauna (0.0558),variada (0.0584),cascatas (0.0512),lembro (0.0529),pigmentação (0.0549)
2786,quietinha (0.0558),sujeito (0.0584),surgiu (0.0512),rachada (0.0529),aço (0.0549)
2787,permitam (0.0558),arrastadas (0.0583),ornam (0.0512),combinado (0.0529),autoafirmação (0.0549)
2788,atividade (0.0557),aprende (0.0583),mantemos (0.0512),grossa (0.0529),panamá (0.0549)
2789,metal (0.0557),segredos (0.0582),preservado (0.0512),visão (0.0529),navegando (0.0549)
2790,tira (0.0557),escutar (0.0582),portadora (0.0512),ritmos (0.0529),grão (0.0549)
2791,resiste (0.0557),achar (0.0582),cala (0.0512),cair (0.0528),pronunciava (0.0549)
2792,geométricos (0.0557),pontuava (0.0582),celebrados (0.0512),cercava (0.0528),queimada (0.0549)
2793,açúcar (0.0556),sofisticação (0.0582),rastros (0.0512),reconhecer (0.0528),equatorial (0.0549)
2794,serviço (0.0556),trigo (0.0582),potes (0.0512),veadeiros (0.0527),chamar (0.0549)
2795,petróleo (0.0556),sucesso (0.0582),gavião (0.0512),mutável (0.0527),marcantes (0.0549)
2796,fictícia (0.0556),embala (0.0582),manta (0.0512),disposição (0.0527),caráter (0.0549)
2797,criativo (0.0556),balançava (0.0581),tambores (0.0512),mundico (0.0527),emanavam (0.0549)
2798,adapta (0.0556),irradiam (0.0581),narrar (0.0512),escondido (0.0527),realçando (0.0549)
2799,tingidas (0.0556),sussurros (0.0581),respeitá (0.0512),chegam (0.0527),deve (0.0549)
2800,retratam (0.0556),nessa (0.0581),pescando (0.0512),acostumou (0.0527),robustos (0.0549)
2801,fogão (0.0556),tantas (0.0580),silvestre (0.0512),afiado (0.0527),quietinha (0.0549)
2802,lentos (0.0556),colete (0.0580),anciãos (0.0512),complementa (0.0527),julgamentos (0.0549)
2803,resume (0.0556),respeitar (0.0580),ressoa (0.0512),dormir (0.0527),preenche (0.0549)
2804,grupos (0.0556),tijolo (0.0579),pendura (0.0512),plantava (0.0527),cafezais (0.0547)
2805,grafites (0.0556),normalmente (0.0579),identificava (0.0512),moldando (0.0527),criativo (0.0547)
2806,representação (0.0556),inata (0.0579),aliviar (0.0512),estende (0.0527),retratam (0.0547)
2807,urbana (0.0556),fez (0.0579),pedindo (0.0512),dó (0.0527),resistem (0.0547)
2808,guardar (0.0554),ferramentas (0.0579),serpenteiam (0.0512),categorias (0.0527),respiro (0.0547)
2809,bióloga (0.0554),calado (0.0579),denunciar (0.0512),temperada (0.0527),chamavam (0.0547)
2810,aiko (0.0554),casas (0.0579),continuará (0.0512),ousadas (0.0527),sozinha (0.0547)
2811,pernambucanas (0.0554),talento (0.0578),integra (0.0512),paraenses (0.0527),ponderadas (0.0547)
2812,jade (0.0554),frescos (0.0578),insistem (0.0511),atlética (0.0527),calejada (0.0547)
2813,angelita (0.0554),marinho (0.0578),combina (0.0511),petrolina (0.0527),representação (0.0547)
2814,chorar (0.0554),coturno (0.0578),celebrando (0.0511),enfrento (0.0527),caixa (0.0547)
2815,mestiça (0.0554),amizades (0.0578),palpável (0.0511),italiano (0.0527),pão (0.0547)
2816,termo (0.0554),desejo (0.0578),cactos (0.0511),inflexões (0.0527),dan (0.0545)
2817,bocado (0.0554),exibe (0.0578),ideal (0.0511),entendem (0.0526),zazá (0.0545)
2818,misturaram (0.0554),lembram (0.0577),direita (0.0511),refletir (0.0526),comprimentos (0.0545)
2819,mestre (0.0554),estudar (0.0577),permeia (0.0510),irá (0.0526),zaya (0.0545)
2820,carnaval (0.0554),variados (0.0577),limita (0.0509),senhora (0.0526),liberando (0.0545)
2821,rei (0.0554),cangaceiros (0.0577),entendeu (0.0508),cravar (0.0525),vívidos (0.0545)
2822,protegiam (0.0554),animadamente (0.0577),fusão (0.0508),enraizadas (0.0525),terreiros (0.0545)
2823,criava (0.0554),intercaladas (0.0577),olhado (0.0508),riquezas (0.0525),zoraia (0.0545)
2824,manifestam (0.0554),demonstrar (0.0577),quebrada (0.0508),tonhão (0.0525),distrito (0.0545)
2825,espetados (0.0554),conservadoras (0.0577),sons (0.0508),nutria (0.0525),zênite (0.0545)
2826,sudestina (0.0554),atmosfera (0.0577),gravado (0.0508),pouquinho (0.0525),prosa (0.0545)
2827,limpo (0.0554),moço (0.0577),neles (0.0508),racista (0.0525),comportamental (0.0545)
2828,mesclando (0.0554),colarinho (0.0577),representava (0.0508),briga (0.0525),angústias (0.0545)
2829,respeitosa (0.0554),acadêmica (0.0577),mau (0.0508),trabalhado (0.0525),residia (0.0545)
2830,capoeira (0.0554),espetado (0.0577),individual (0.0508),apreciando (0.0524),baobá (0.0545)
2831,demonstravam (0.0554),experimento (0.0577),sofrimento (0.0508),cansada (0.0524),compartilhadas (0.0545)
2832,pobreza (0.0554),inspira (0.0577),complementam (0.0508),maestria (0.0524),iago (0.0545)
2833,santo (0.0554),altas (0.0577),paixão (0.0507),fadiga (0.0524),bonito (0.0545)
2834,cria (0.0554),surge (0.0577),imperceptíveis (0.0506),sai (0.0524),justificar (0.0545)
2835,amazonas (0.0554),guri (0.0577),aguçada (0.0506),propriedade (0.0524),frase (0.0545)
2836,sinta (0.0554),artesão (0.0577),tropical (0.0506),discussões (0.0524),respeitosa (0.0545)
2837,caudaloso (0.0554),maciez (0.0577),livro (0.0505),destacar (0.0524),ensinava (0.0545)
2838,ostenta (0.0553),beira (0.0576),poesia (0.0505),indo (0.0524),formal (0.0544)
2839,segue (0.0553),conectado (0.0576),habilidades (0.0505),fragrância (0.0524),ex (0.0543)
2840,amigável (0.0553),enquadrar (0.0575),marcam (0.0505),maquiagem (0.0524),cavalo (0.0543)
2841,beatriz (0.0552),oceano (0.0575),regra (0.0505),magra (0.0524),esconder (0.0542)
2842,criações (0.0552),rastro (0.0575),silêncios (0.0505),brasileiros (0.0524),bordar (0.0542)
2843,valoriza (0.0552),comunidades (0.0575),usam (0.0505),pernas (0.0524),adiciona (0.0542)
2844,irmãs (0.0552),acostumou (0.0575),dói (0.0505),homens (0.0523),inclusiva (0.0542)
2845,tonalidade (0.0552),marginalizadas (0.0575),formando (0.0505),atenta (0.0523),naturais (0.0542)
2846,esconder (0.0552),curtido (0.0575),mansa (0.0504),anotações (0.0523),merece (0.0541)
2847,conforme (0.0552),esculpiram (0.0575),entenderam (0.0504),axé (0.0523),herdou (0.0541)
2848,naturais (0.0551),misturar (0.0575),traçavam (0.0504),chave (0.0522),ônibus (0.0541)
2849,ferramentas (0.0550),seguros (0.0575),falamos (0.0504),sinceridade (0.0522),ouvido (0.0541)
2850,brilhando (0.0550),significativas (0.0575),sinuosos (0.0504),serem (0.0522),arranhões (0.0541)
2851,testemunham (0.0550),folgadas (0.0575),contribuindo (0.0504),plástica (0.0522),discutir (0.0541)
2852,luca (0.0550),guia (0.0575),curupira (0.0504),terrosa (0.0522),desconstruir (0.0541)
2853,desconstruir (0.0550),sutilmente (0.0575),harmonizava (0.0504),quebrava (0.0522),profissões (0.0541)
2854,amplos (0.0550),pingentes (0.0575),urubus (0.0504),acalmar (0.0522),lugarejo (0.0541)
2855,regras (0.0550),ancestrais (0.0575),silente (0.0504),soltinho (0.0522),espessos (0.0541)
2856,paralelepípedos (0.0550),motivos (0.0574),episódio (0.0504),floresta (0.0522),imensamente (0.0541)
2857,daquele (0.0550),pescar (0.0574),damião (0.0504),influência (0.0521),equilibrada (0.0541)
2858,passagem (0.0550),batia (0.0574),tocantins (0.0504),envolve (0.0520),costumes (0.0541)
2859,justa (0.0550),avós (0.0574),penetrar (0.0504),aceitar (0.0519),passagem (0.0541)
2860,lo (0.0550),gema (0.0573),roraima (0.0504),necessário (0.0519),editora (0.0540)
2861,escolhidos (0.0549),capim (0.0573),decora (0.0504),mostrava (0.0519),escolhidos (0.0540)
2862,ornamentava (0.0549),tantos (0.0573),criam (0.0502),elaborados (0.0519),trabalhados (0.0540)
2863,estiagem (0.0549),mansa (0.0573),incluir (0.0502),cajueiro (0.0519),cuidados (0.0540)
2864,funcionais (0.0549),popular (0.0573),acalmam (0.0502),vivências (0.0519),compartilho (0.0540)
2865,impulsionam (0.0549),gravadas (0.0573),sorte (0.0502),tijolos (0.0519),devagar (0.0539)
2866,mecânico (0.0549),propriedade (0.0572),colo (0.0502),desconforto (0.0519),silvestres (0.0539)
2867,cristalina (0.0548),direta (0.0572),vitórias (0.0502),coquetel (0.0519),teciam (0.0539)
2868,acordo (0.0548),fadiga (0.0572),volumes (0.0502),bisavó (0.0519),48 (0.0539)
2869,adornadas (0.0548),frondosas (0.0572),grudada (0.0502),ecoavam (0.0519),serve (0.0539)
2870,sente (0.0548),focar (0.0572),tarefas (0.0502),pantanal (0.0519),afetos (0.0539)
2871,vale (0.0548),sentimentos (0.0572),perder (0.0502),penteado (0.0519),andróginas (0.0538)
2872,crescendo (0.0548),mistério (0.0572),maçãs (0.0501),originalidade (0.0518),preocupações (0.0538)
2873,encontrando (0.0548),acobreados (0.0572),principalmente (0.0501),franca (0.0518),domingo (0.0537)
2874,velha (0.0547),cabeludo (0.0571),expectativas (0.0501),sentiu (0.0518),variando (0.0537)
2875,claros (0.0547),meter (0.0571),daqui (0.0501),prato (0.0518),velado (0.0537)
2876,dunas (0.0546),rústicos (0.0571),cruz (0.0501),maravilhosamente (0.0518),libertação (0.0537)
2877,vestiam (0.0546),filtro (0.0571),figura (0.0500),orgulhar (0.0518),patches (0.0537)
2878,esportes (0.0546),centros (0.0571),incontáveis (0.0500),estórias (0.0518),político (0.0537)
2879,indeléveis (0.0546),pareço (0.0571),significativos (0.0499),atrai (0.0518),saborosa (0.0537)
2880,feições (0.0546),caminhando (0.0571),indivíduos (0.0499),decidida (0.0518),encontrados (0.0537)
2881,reúne (0.0546),acolheram (0.0571),meninas (0.0499),sinceramente (0.0518),esquina (0.0537)
2882,modão (0.0546),classificação (0.0571),comunidades (0.0499),evolução (0.0518),veem (0.0537)
2883,sagaz (0.0546),eletrônica (0.0571),tela (0.0499),fundem (0.0518),entremeado (0.0537)
2884,sandália (0.0546),regatas (0.0571),inclui (0.0499),superiores (0.0518),representam (0.0537)
2885,aventuras (0.0546),conservadas (0.0571),curtido (0.0499),cobertos (0.0518),raramente (0.0537)
2886,vielas (0.0546),controlar (0.0571),antecederam (0.0499),desalinhados (0.0518),pontos (0.0537)
2887,esperanças (0.0546),grampo (0.0571),seguros (0.0499),ale (0.0518),inverno (0.0536)
2888,realça (0.0546),ruas (0.0570),devido (0.0499),passarinho (0.0518),arrastadas (0.0535)
2889,traje (0.0546),caloroso (0.0569),busco (0.0498),etc (0.0518),décadas (0.0535)
2890,duas (0.0544),copo (0.0569),torna (0.0498),ecoam (0.0518),igualitária (0.0535)
2891,uai (0.0544),descolada (0.0569),desenvoltura (0.0498),companhia (0.0518),matriz (0.0535)
2892,aprende (0.0544),pedacinho (0.0569),transparecia (0.0498),peixe (0.0517),batidas (0.0535)
2893,chove (0.0543),soltinho (0.0569),íntima (0.0497),garganta (0.0517),reggae (0.0535)
2894,mereço (0.0543),cargo (0.0569),escuridão (0.0497),exuberância (0.0517),enchia (0.0535)
2895,bisavô (0.0543),serem (0.0569),ecoe (0.0497),molde (0.0517),jandira (0.0535)
2896,maniçoba (0.0543),saúde (0.0569),anunciam (0.0497),defende (0.0517),desarma (0.0535)
2897,rola (0.0542),estilizado (0.0569),externas (0.0497),populares (0.0517),pincelada (0.0535)
2898,mineiros (0.0542),específicas (0.0569),pertencia (0.0497),comidas (0.0517),habito (0.0535)
2899,masculinidade (0.0542),encaixam (0.0569),confundem (0.0497),explorar (0.0517),mágica (0.0535)
2900,puro (0.0542),preservação (0.0569),fluído (0.0497),chamativo (0.0517),saborosas (0.0535)
2901,incenso (0.0542),permitem (0.0568),tilintavam (0.0497),modernos (0.0516),raiva (0.0535)
2902,consertos (0.0542),definição (0.0568),fluentemente (0.0497),domingos (0.0516),sororidade (0.0535)
2903,graciosos (0.0542),expressiva (0.0568),íntimo (0.0497),pena (0.0516),refletiria (0.0535)
2904,tocava (0.0542),grossa (0.0568),mesclam (0.0497),bruta (0.0514),sulcos (0.0534)
2905,errado (0.0542),exala (0.0568),unem (0.0497),integrante (0.0514),despontar (0.0534)
2906,rabo (0.0541),risada (0.0567),prateados (0.0497),trabalharam (0.0514),promessa (0.0533)
2907,pescar (0.0541),testemunho (0.0567),decisões (0.0497),balançam (0.0514),influenciada (0.0533)
2908,ativamente (0.0541),existo (0.0567),crescem (0.0497),moldes (0.0514),adereço (0.0533)
2909,mente (0.0540),pública (0.0566),passaram (0.0497),afirmar (0.0514),juntos (0.0533)
2910,rasgada (0.0540),grisalhas (0.0566),biodiversidade (0.0497),mora (0.0514),seguem (0.0533)
2911,cansado (0.0540),prateada (0.0566),agarram (0.0497),cativava (0.0514),arguta (0.0533)
2912,mundos (0.0540),dança (0.0566),coexistir (0.0497),crucifixo (0.0514),explosiva (0.0533)
2913,mover (0.0540),iluminava (0.0566),exato (0.0497),estrutural (0.0513),castigar (0.0533)
2914,cuido (0.0540),bronzeados (0.0565),arde (0.0497),final (0.0513),universitário (0.0533)
2915,magros (0.0540),justas (0.0565),cansada (0.0496),simultaneamente (0.0512),preferir (0.0533)
2916,fiz (0.0539),lú (0.0565),destacava (0.0496),transfeminina (0.0512),escolhi (0.0533)
2917,carnudos (0.0539),pobre (0.0565),enfrentadas (0.0496),chamativas (0.0512),colhido (0.0533)
2918,construídas (0.0539),esmaecido (0.0565),caracteriza (0.0496),coloquial (0.0512),energias (0.0533)
2919,quebrada (0.0539),mudado (0.0565),fragrância (0.0496),pratica (0.0512),caldo (0.0533)
2920,entendeu (0.0539),combinados (0.0565),deixaram (0.0496),ouve (0.0512),rapaz (0.0533)
2921,encantos (0.0539),estranhos (0.0565),fartura (0.0496),retraído (0.0512),denotavam (0.0533)
2922,grata (0.0539),fresquinho (0.0565),mantinha (0.0496),aguda (0.0512),aparecia (0.0533)
2923,espontaneidade (0.0539),prejudicial (0.0565),maquiagem (0.0496),apegue (0.0512),apresentação (0.0533)
2924,individual (0.0538),aprendizados (0.0565),sorrir (0.0496),agradecer (0.0512),floresta (0.0533)
2925,adquiridas (0.0538),agradeço (0.0565),comida (0.0495),próximas (0.0512),cuido (0.0531)
2926,plantio (0.0538),morenos (0.0565),chimarrão (0.0495),cercada (0.0512),ponto (0.0531)
2927,janeiro (0.0538),contemplação (0.0565),esculpindo (0.0494),cinza (0.0512),emoldurare (0.0530)
2928,junta (0.0537),abstratos (0.0565),nascimento (0.0494),neutro (0.0512),complexas (0.0530)
2929,joelhos (0.0537),feijoada (0.0564),quebrava (0.0494),relações (0.0512),nomes (0.0530)
2930,oceano (0.0537),escolhida (0.0564),saúde (0.0494),malícia (0.0512),abraçam (0.0530)
2931,jogo (0.0537),vilarejo (0.0564),possuíam (0.0494),doces (0.0512),espontaneidade (0.0530)
2932,imperceptíveis (0.0537),ossudo (0.0564),enxergar (0.0494),ostenta (0.0510),vivido (0.0530)
2933,fica (0.0537),prejudiciais (0.0564),espera (0.0494),esculpir (0.0510),tremor (0.0530)
2934,inspiração (0.0537),comecei (0.0564),criou (0.0494),anelar (0.0510),nascença (0.0530)
2935,sustenta (0.0536),adaptadas (0.0564),ostentação (0.0493),cacheado (0.0510),transmitir (0.0530)
2936,disse (0.0535),fincadas (0.0562),lutou (0.0493),espelho (0.0510),canções (0.0530)
2937,sete (0.0535),florescer (0.0562),sulista (0.0493),vogais (0.0510),adquiridas (0.0530)
2938,habitualmente (0.0535),ricas (0.0562),época (0.0492),oficina (0.0510),ágil (0.0529)
2939,banhou (0.0535),sulco (0.0562),descrições (0.0492),voo (0.0510),pois (0.0528)
2940,grita (0.0535),úmida (0.0562),chocolate (0.0492),transmitida (0.0510),legado (0.0528)
2941,apaixonado (0.0535),cuidadoso (0.0561),menina (0.0491),fazenda (0.0509),símbolos (0.0528)
2942,pontuava (0.0535),moleque (0.0561),mostrava (0.0491),exibia (0.0509),atividades (0.0528)
2943,oportunidade (0.0535),trabalharam (0.0561),pesa (0.0491),espiritualidade (0.0509),imperceptíveis (0.0528)
2944,pique (0.0535),facial (0.0561),elaborados (0.0491),passa (0.0508),inspirados (0.0528)
2945,sílaba (0.0535),amam (0.0561),mil (0.0491),impõe (0.0508),barulho (0.0528)
2946,aridez (0.0535),tirar (0.0561),estranhamento (0.0491),feiras (0.0508),balançavam (0.0526)
2947,septo (0.0535),contemporâneos (0.0561),amendoados (0.0491),receita (0.0508),verdadeiro (0.0526)
2948,repleto (0.0535),pulsa (0.0561),enfatizar (0.0490),contribuir (0.0508),lindo (0.0526)
2949,pulseirinha (0.0535),salgada (0.0560),dito (0.0490),caminhava (0.0508),assinatura (0.0526)
2950,musculosos (0.0535),proporciona (0.0559),harmoniosamente (0.0490),julgamentos (0.0508),pino (0.0526)
2951,queijo (0.0535),tentei (0.0559),perigos (0.0490),deve (0.0508),sabendo (0.0526)
2952,ocupava (0.0535),despojadas (0.0559),pegaram (0.0490),iemanjá (0.0508),aquece (0.0526)
2953,petisco (0.0535),rodeado (0.0559),use (0.0490),curso (0.0508),opções (0.0526)
2954,rasteira (0.0535),proximidade (0.0559),poderá (0.0490),conviver (0.0507),dava (0.0526)
2955,anime (0.0535),impossível (0.0559),participação (0.0490),ganha (0.0507),pronúncia (0.0526)
2956,saboroso (0.0535),variação (0.0559),chapadas (0.0490),casado (0.0507),formando (0.0526)
2957,vendendo (0.0535),nino (0.0559),acabou (0.0490),acolhia (0.0507),máquina (0.0526)
2958,moldam (0.0535),papas (0.0559),diminui (0.0490),rebela (0.0507),humilde (0.0526)
2959,divirto (0.0535),dada (0.0559),comunitário (0.0490),convivência (0.0507),vivos (0.0526)
2960,salpicava (0.0535),hesitante (0.0559),bisavós (0.0490),travadas (0.0507),rala (0.0526)
2961,minorias (0.0535),modismos (0.0559),enfeitadas (0.0490),vencidas (0.0507),carinhosa (0.0526)
2962,encantam (0.0535),incluem (0.0559),sóis (0.0490),acompanharam (0.0507),convicções (0.0526)
2963,teresina (0.0535),gostam (0.0559),reconhecida (0.0490),produto (0.0507),barcos (0.0526)
2964,juiz (0.0534),chinelo (0.0559),alcança (0.0490),magnetismo (0.0507),mensagem (0.0526)
2965,percebe (0.0534),primavera (0.0559),enfeitava (0.0490),subúrbio (0.0507),usado (0.0526)
2966,cultiva (0.0534),interesse (0.0559),distância (0.0490),inesperadas (0.0507),lutei (0.0526)
2967,viagens (0.0534),floresce (0.0558),sinceros (0.0489),compor (0.0507),deturpada (0.0526)
2968,cicatrizes (0.0532),descalço (0.0558),vincos (0.0489),entrelaça (0.0507),mamona (0.0526)
2969,árvore (0.0532),francisco (0.0558),peixe (0.0489),solange (0.0507),berrante (0.0526)
2970,grudou (0.0532),observa (0.0556),rachou (0.0488),gesticulavam (0.0507),venceu (0.0526)
2971,incluir (0.0532),expressando (0.0556),multifacetada (0.0488),morenos (0.0507),impactante (0.0526)
2972,filmes (0.0532),sigo (0.0556),convicção (0.0487),padrão (0.0507),ousados (0.0526)
2973,costureira (0.0532),chamava (0.0556),bandas (0.0487),nortista (0.0507),cerrados (0.0526)
2974,frios (0.0532),lisa (0.0556),chamar (0.0487),ir (0.0506),ônix (0.0526)
2975,rosados (0.0532),impostos (0.0555),menino (0.0487),criativo (0.0506),gentileza (0.0525)
2976,ajudava (0.0532),chapada (0.0555),estranheza (0.0487),resistem (0.0506),caem (0.0524)
2977,incríveis (0.0532),conseguem (0.0555),moldes (0.0487),gesticulava (0.0506),próximos (0.0524)
2978,sério (0.0532),amazônica (0.0555),coques (0.0487),adapta (0.0506),colheram (0.0523)
2979,batalha (0.0532),organização (0.0554),mora (0.0487),combinava (0.0506),trançada (0.0523)
2980,ricos (0.0532),respeitam (0.0554),balançam (0.0487),andróginas (0.0505),vitórias (0.0523)
2981,cidadezinha (0.0532),escrevendo (0.0554),comprido (0.0487),onça (0.0505),humorada (0.0523)
2982,coturno (0.0532),pairar (0.0554),constantemente (0.0486),irônico (0.0505),jogando (0.0523)
2983,volante (0.0532),desengonçado (0.0554),feira (0.0486),mochila (0.0504),resto (0.0523)
2984,desejo (0.0532),passeio (0.0554),teimoso (0.0485),conceição (0.0504),acariciar (0.0523)
2985,grudada (0.0532),partida (0.0554),movendo (0.0485),domingo (0.0504),modas (0.0523)
2986,sobrancelhas (0.0532),cáqui (0.0554),promessas (0.0485),continuar (0.0504),acalmam (0.0523)
2987,lembro (0.0531),manuais (0.0554),retorcidas (0.0485),transcendem (0.0504),grudou (0.0523)
2988,tecer (0.0531),escolhe (0.0554),precioso (0.0485),situação (0.0504),top (0.0523)
2989,visão (0.0530),significativamente (0.0554),roçado (0.0485),vivência (0.0504),sorriem (0.0523)
2990,grossa (0.0530),conheci (0.0554),severidade (0.0485),pequi (0.0504),infernal (0.0523)
2991,significativos (0.0529),nublado (0.0554),pinta (0.0485),possibilidades (0.0503),divertida (0.0523)
2992,atlética (0.0529),acompanhar (0.0554),cobrir (0.0485),elo (0.0503),batalha (0.0523)
2993,categorias (0.0529),permitir (0.0554),plantada (0.0485),transformador (0.0502),agitado (0.0523)
2994,gado (0.0529),regionalismos (0.0554),tilintar (0.0485),entendendo (0.0502),deixam (0.0523)
2995,descobrindo (0.0529),robustos (0.0554),suspiro (0.0485),integral (0.0502),mesa (0.0523)
2996,município (0.0529),cimento (0.0554),pros (0.0485),cozinheira (0.0502),grossa (0.0522)
2997,batom (0.0529),vastidão (0.0554),rezar (0.0485),geografia (0.0502),permitem (0.0522)
2998,irradia (0.0529),permitam (0.0554),surgem (0.0485),pergunta (0.0502),ondas (0.0522)
2999,pintura (0.0528),acompanhado (0.0554),fôlego (0.0485),crochê (0.0502),caramelo (0.0521)
3000,romances (0.0527),toma (0.0554),trancinhas (0.0485),enfrentados (0.0502),rotina (0.0521)
3001,especiarias (0.0527),acolheu (0.0554),manuseia (0.0485),correnteza (0.0502),une (0.0520)
3002,imaginava (0.0527),brincar (0.0554),deliberados (0.0485),amava (0.0502),fonte (0.0520)
3003,santarém (0.0527),aprendido (0.0554),facilita (0.0485),animar (0.0502),complementa (0.0520)
3004,sacola (0.0527),caráter (0.0554),carnaúba (0.0485),sentimental (0.0502),antecederam (0.0520)
3005,genuinamente (0.0527),genuína (0.0554),descendente (0.0484),recanto (0.0502),lúcia (0.0520)
3006,caracterizavam (0.0527),pressão (0.0554),ajuda (0.0484),contada (0.0502),marginalizadas (0.0520)
3007,esbranquiçado (0.0527),trabalhei (0.0554),povoado (0.0484),dourada (0.0502),petrolina (0.0520)
3008,transpirava (0.0527),frenético (0.0553),medida (0.0484),cinto (0.0502),borracha (0.0520)
3009,adicionam (0.0527),samba (0.0552),necessidade (0.0484),fragilidade (0.0502),branco (0.0520)
3010,sês (0.0527),combinava (0.0551),curiosidade (0.0483),consciente (0.0502),frango (0.0518)
3011,perdeu (0.0527),pronta (0.0551),proporcionar (0.0483),mogno (0.0502),bordava (0.0518)
3012,pescaria (0.0527),resume (0.0551),dedicação (0.0483),gravada (0.0502),contribui (0.0518)
3013,amado (0.0527),adapta (0.0551),diverso (0.0482),reservada (0.0502),poderoso (0.0518)
3014,antônio (0.0526),sujas (0.0551),sensível (0.0482),amarelo (0.0501),válvula (0.0518)
3015,mata (0.0526),trajetória (0.0551),parque (0.0482),indie (0.0501),recuso (0.0518)
3016,adicionava (0.0526),ensinaram (0.0551),ostentava (0.0482),preparar (0.0500),protesto (0.0518)
3017,clássico (0.0526),desafiar (0.0550),físicos (0.0482),progresso (0.0500),potencial (0.0518)
3018,joaquim (0.0526),descuidada (0.0550),vão (0.0482),aconchegante (0.0500),castanha (0.0518)
3019,fragrância (0.0526),multinacional (0.0550),cidades (0.0482),gostaria (0.0500),ocupa (0.0518)
3020,destacava (0.0526),carteira (0.0550),inteira (0.0482),inspiradas (0.0500),luís (0.0518)
3021,chanel (0.0526),passear (0.0550),horas (0.0481),diversificada (0.0500),estilosa (0.0518)
3022,escova (0.0526),expor (0.0550),permitam (0.0480),gaúcha (0.0499),usei (0.0518)
3023,soube (0.0526),transversal (0.0550),emanam (0.0480),importantes (0.0499),virão (0.0518)
3024,tias (0.0526),definindo (0.0550),potência (0.0480),lisos (0.0498),empreendedora (0.0518)
3025,irradiando (0.0526),detalhista (0.0550),séria (0.0480),tecer (0.0498),inspirando (0.0518)
3026,ancestralidades (0.0526),farroupilha (0.0550),vitalidade (0.0480),compreensão (0.0498),braçais (0.0518)
3027,raspado (0.0526),excessivamente (0.0550),incluindo (0.0480),26 (0.0498),frio (0.0518)
3028,apreciando (0.0526),78m (0.0550),binariedade (0.0480),insistiam (0.0498),lavagem (0.0518)
3029,católico (0.0526),tende (0.0550),envolvido (0.0480),barra (0.0498),indo (0.0518)
3030,curvada (0.0526),estressante (0.0550),contados (0.0480),cáqui (0.0498),frondosas (0.0518)
3031,auto (0.0525),flanela (0.0550),simboliza (0.0480),graxa (0.0498),intenção (0.0518)
3032,fincadas (0.0525),influenciado (0.0550),impunha (0.0480),bruto (0.0498),diário (0.0518)
3033,atenta (0.0525),chino (0.0550),atentamente (0.0480),realizar (0.0498),repetidas (0.0518)
3034,gostosa (0.0524),inteligentes (0.0550),travadas (0.0480),ajudei (0.0498),deixaram (0.0518)
3035,digo (0.0524),aposentado (0.0550),panelas (0.0480),lutava (0.0498),tias (0.0518)
3036,mesclada (0.0524),aposentadoria (0.0550),invernos (0.0480),esperteza (0.0498),cansada (0.0518)
3037,assistindo (0.0524),costeira (0.0550),orgulhosamente (0.0480),acompanhada (0.0498),escova (0.0518)
3038,saúde (0.0524),confusa (0.0550),apaga (0.0480),arado (0.0498),magra (0.0517)
3039,misturadas (0.0524),coalhado (0.0550),autênticas (0.0480),batido (0.0498),francisco (0.0517)
3040,acentuar (0.0524),setor (0.0550),colhia (0.0480),encanta (0.0498),chimarrão (0.0517)
3041,silhueta (0.0524),inseparáveis (0.0550),estranham (0.0480),bronzeadas (0.0498),braço (0.0517)
3042,escassez (0.0524),mencione (0.0550),trazendo (0.0480),quedas (0.0498),caseiro (0.0516)
3043,quebrava (0.0524),tradicionalismo (0.0550),fruta (0.0480),servem (0.0498),atenta (0.0516)
3044,brincadeira (0.0524),arrumado (0.0550),estudo (0.0480),nublado (0.0498),pintar (0.0516)
3045,pedacinho (0.0524),yoga (0.0550),prático (0.0479),acrescentava (0.0498),vestindo (0.0516)
3046,matriarca (0.0524),neve (0.0550),caio (0.0479),vício (0.0498),sulco (0.0516)
3047,específicas (0.0524),construtora (0.0550),pouca (0.0478),originários (0.0498),âmbar (0.0516)
3048,lutou (0.0523),adquirido (0.0550),sentido (0.0478),silenciadas (0.0498),cargo (0.0515)
3049,três (0.0523),loja (0.0550),resume (0.0478),indiscretas (0.0498),quitutes (0.0515)
3050,brinca (0.0523),suavizado (0.0550),calejada (0.0478),derrete (0.0498),esculpindo (0.0515)
3051,pendurado (0.0521),preocupado (0.0550),batas (0.0478),acompanhar (0.0498),esculturas (0.0515)
3052,seguindo (0.0521),bonitinho (0.0550),marcou (0.0478),pior (0.0498),mesclada (0.0515)
3053,rodas (0.0521),educado (0.0550),enfrentar (0.0478),naturais (0.0497),bilro (0.0515)
3054,adiante (0.0521),labrador (0.0550),despretensioso (0.0478),gráfica (0.0496),quebrava (0.0515)
3055,cuja (0.0521),empresário (0.0550),tomar (0.0478),caderno (0.0496),chave (0.0515)
3056,evitando (0.0521),principal (0.0550),resumo (0.0478),pertinho (0.0496),otimista (0.0515)
3057,dedico (0.0521),religioso (0.0550),preocupações (0.0478),reconheço (0.0496),frases (0.0515)
3058,amiga (0.0521),páginas (0.0550),consertar (0.0477),transmitiam (0.0496),discretos (0.0515)
3059,letras (0.0521),definido (0.0550),defina (0.0476),presa (0.0496),oferecer (0.0515)
3060,poderosa (0.0520),descontraída (0.0550),brilhante (0.0476),vieram (0.0496),cascata (0.0515)
3061,novelas (0.0520),evidentes (0.0550),cria (0.0476),narrativas (0.0495),pulseira (0.0513)
3062,lavouras (0.0520),prédios (0.0550),orgulhoso (0.0476),celebram (0.0495),costumo (0.0513)
3063,foca (0.0520),exageros (0.0550),portanto (0.0475),escolhas (0.0495),aceitar (0.0512)
3064,camomila (0.0520),sobrevivência (0.0550),ganhei (0.0475),ouvida (0.0495),necessário (0.0512)
3065,nódulo (0.0520),respeitosa (0.0549),cantiga (0.0475),cachaça (0.0495),cabra (0.0512)
3066,roceiros (0.0520),encontros (0.0549),coletiva (0.0475),guiando (0.0494),abro (0.0512)
3067,grilos (0.0520),vivência (0.0549),compreendida (0.0475),descontraída (0.0494),comer (0.0512)
3068,considerados (0.0520),amuleto (0.0549),haviam (0.0475),faça (0.0494),cravadas (0.0512)
3069,agradece (0.0520),veias (0.0549),modos (0.0475),acreditar (0.0494),vizinhança (0.0512)
3070,macacão (0.0520),cantigas (0.0548),frias (0.0475),compartilhando (0.0494),regada (0.0512)
3071,ri (0.0520),corta (0.0548),pluralidade (0.0475),grave (0.0494),plural (0.0512)
3072,experimentar (0.0520),vestia (0.0547),entrelaçavam (0.0475),sudestina (0.0494),formavam (0.0512)
3073,fagulha (0.0520),autores (0.0547),prepara (0.0475),residia (0.0494),versos (0.0512)
3074,acender (0.0520),tornam (0.0547),enfrentados (0.0475),tentaram (0.0494),streetwear (0.0512)
3075,danado (0.0520),ponderada (0.0547),secos (0.0475),vila (0.0494),macacão (0.0512)
3076,rabinhos (0.0520),seda (0.0547),parada (0.0475),mestre (0.0494),injusta (0.0512)
3077,amoroso (0.0520),acidente (0.0547),caminhavam (0.0475),ipês (0.0494),ong (0.0512)
3078,transportam (0.0520),exuberantes (0.0547),matinal (0.0475),agreste (0.0494),deságua (0.0512)
3079,opaco (0.0520),vibe (0.0547),vivacidade (0.0475),manifestam (0.0494),datas (0.0512)
3080,elisa (0.0520),estampado (0.0547),travesso (0.0475),amanheceres (0.0494),70m (0.0512)
3081,plantei (0.0520),encontrou (0.0545),bordar (0.0475),bateu (0.0494),lavrador (0.0512)
3082,sobreposto (0.0520),iniciais (0.0545),inspirar (0.0475),bocado (0.0494),conseguiu (0.0512)
3083,aguçado (0.0520),ian (0.0545),farta (0.0475),comuns (0.0494),fragmento (0.0512)
3084,coleciono (0.0520),ilustrador (0.0545),sido (0.0474),modo (0.0493),explosão (0.0512)
3085,aveludado (0.0520),personalidades (0.0545),anel (0.0473),leitura (0.0493),elza (0.0512)
3086,querido (0.0518),relacionados (0.0545),molda (0.0473),sussurros (0.0493),sustentavam (0.0512)
3087,mantinham (0.0518),receber (0.0545),impulsionam (0.0473),cuiabá (0.0493),vaidosa (0.0512)
3088,emoção (0.0518),ricardo (0.0545),diversificada (0.0473),caem (0.0492),podia (0.0512)
3089,envolvida (0.0518),cotidiana (0.0545),aperto (0.0473),espalham (0.0491),cintura (0.0511)
3090,infinitas (0.0518),regras (0.0545),interna (0.0473),cultivo (0.0491),curtas (0.0511)
3091,vilarejo (0.0518),daquele (0.0545),progresso (0.0473),casaco (0.0491),proteção (0.0510)
3092,aparências (0.0518),discutir (0.0545),hora (0.0473),árvore (0.0491),cigarros (0.0510)
3093,correndo (0.0518),referência (0.0545),inconfundível (0.0472),vividos (0.0490),compreende (0.0510)
3094,garganta (0.0518),molda (0.0545),criado (0.0471),lugarejo (0.0490),envolvida (0.0510)
3095,trocaria (0.0518),puxados (0.0544),cansaço (0.0471),arranhões (0.0490),preguiça (0.0510)
3096,andrógino (0.0518),crescendo (0.0543),pardo (0.0471),companheiro (0.0490),profissional (0.0510)
3097,modernos (0.0518),coqueiros (0.0543),batendo (0.0471),consciência (0.0490),chapada (0.0510)
3098,domingos (0.0518),remete (0.0543),graciosidade (0.0471),apurado (0.0490),curiosa (0.0508)
3099,tentativa (0.0517),crescimento (0.0542),iaro (0.0471),adocicado (0.0490),ajustava (0.0508)
3100,nodosas (0.0516),confere (0.0542),fazendas (0.0471),ouvido (0.0490),tesouro (0.0508)
3101,moldes (0.0516),finalmente (0.0542),significativamente (0.0471),andanças (0.0490),montanhas (0.0508)
3102,amam (0.0516),lidando (0.0542),madrugadas (0.0471),vulnerabilidade (0.0490),perpetuar (0.0508)
3103,maneiras (0.0516),artística (0.0542),cacto (0.0471),iari (0.0490),curtir (0.0508)
3104,sorri (0.0516),inerentes (0.0542),aço (0.0471),acolhida (0.0490),amam (0.0508)
3105,crucifixo (0.0516),apelido (0.0542),verdadeiramente (0.0471),carro (0.0490),enormemente (0.0508)
3106,afirmar (0.0516),particulares (0.0542),restante (0.0471),pantaneira (0.0490),logo (0.0508)
3107,presentear (0.0516),europeu (0.0542),habitava (0.0471),tomava (0.0490),acobreada (0.0506)
3108,graciosamente (0.0514),galinhas (0.0542),acompanhada (0.0471),ostentam (0.0490),sentar (0.0506)
3109,simultaneamente (0.0514),diria (0.0542),reconheço (0.0470),casou (0.0490),tornar (0.0506)
3110,sibilante (0.0514),ajudaram (0.0542),familiares (0.0468),lamber (0.0490),unidos (0.0506)
3111,limitantes (0.0514),calçava (0.0542),escolhas (0.0468),aliso (0.0490),pulsando (0.0506)
3112,amálgama (0.0514),terreno (0.0542),realmente (0.0468),nove (0.0490),ouvidas (0.0506)
3113,diziam (0.0514),52 (0.0542),problema (0.0467),luc (0.0490),dependerá (0.0506)
3114,levava (0.0514),fresca (0.0541),entrelaçada (0.0467),dono (0.0490),ancora (0.0506)
3115,pomada (0.0514),enraizada (0.0541),emanar (0.0467),bravamente (0.0490),transfeminina (0.0506)
3116,acentuava (0.0514),querer (0.0541),esquecida (0.0467),carinhosos (0.0490),padre (0.0506)
3117,entregava (0.0514),orgulhoso (0.0541),arma (0.0467),guardadas (0.0490),amazônicos (0.0506)
3118,choque (0.0514),seriedade (0.0540),bater (0.0467),pegavam (0.0490),tentavam (0.0506)
3119,ensolarado (0.0514),cobre (0.0539),barba (0.0467),beiços (0.0490),plantada (0.0506)
3120,etiqueta (0.0514),construí (0.0539),enche (0.0467),desistiu (0.0490),revolução (0.0506)
3121,olhinhos (0.0514),influencia (0.0539),apresentação (0.0466),melhora (0.0490),superações (0.0506)
3122,trampo (0.0514),torço (0.0539),conjunto (0.0466),misturas (0.0490),trampo (0.0506)
3123,intercalada (0.0514),imediata (0.0539),escolhidas (0.0465),turística (0.0490),enfrentaram (0.0506)
3124,crente (0.0514),notícias (0.0539),incessante (0.0465),opcional (0.0490),coletivo (0.0506)
3125,marcavam (0.0514),metro (0.0539),têm (0.0465),contento (0.0490),descrita (0.0506)
3126,baseadas (0.0514),bucólica (0.0539),casaco (0.0465),linhagem (0.0490),risquinhos (0.0506)
3127,pescadores (0.0514),emocionante (0.0539),reflexões (0.0465),dou (0.0490),envolvente (0.0506)
3128,interage (0.0514),anular (0.0539),espalham (0.0465),canções (0.0490),julgamento (0.0506)
3129,foge (0.0514),protegida (0.0539),cílios (0.0465),pop (0.0490),torrente (0.0505)
3130,psicodélica (0.0514),trator (0.0539),vinha (0.0465),janeiro (0.0490),medida (0.0505)
3131,deveria (0.0514),frequentar (0.0539),possuía (0.0465),véu (0.0490),vivi (0.0505)
3132,povoado (0.0514),ameno (0.0539),foco (0.0464),confesso (0.0490),aquarela (0.0505)
3133,astúcia (0.0514),estável (0.0539),trazer (0.0464),defeitos (0.0490),sagacidade (0.0505)
3134,nuvens (0.0514),nasalado (0.0539),realidades (0.0464),queimado (0.0489),amigável (0.0504)
3135,trilhas (0.0514),influenciar (0.0539),cotidiana (0.0464),italiana (0.0489),aspereza (0.0504)
3136,relação (0.0513),sedentária (0.0539),testemunham (0.0464),bisneta (0.0488),óculos (0.0504)
3137,erguida (0.0513),compensar (0.0539),pantaneira (0.0464),aba (0.0488),bordados (0.0503)
3138,teia (0.0513),aplicam (0.0539),torrenciais (0.0464),toco (0.0488),espelho (0.0503)
3139,conhecer (0.0512),original (0.0539),poluídos (0.0463),barriga (0.0488),tornava (0.0503)
3140,oficina (0.0512),geladas (0.0539),evitadas (0.0463),inspirados (0.0488),roxo (0.0503)
3141,homenagem (0.0512),afetação (0.0539),ossinhos (0.0463),finais (0.0487),frequento (0.0503)
3142,lendo (0.0512),shorts (0.0539),tucuxi (0.0463),chinelos (0.0487),carne (0.0503)
3143,bicho (0.0512),poética (0.0539),bolsas (0.0463),mudar (0.0487),elaborado (0.0503)
3144,caracterizam (0.0512),luva (0.0539),virgem (0.0463),poderiam (0.0486),lisa (0.0503)
3145,sensível (0.0512),decoração (0.0539),afastam (0.0463),incondicional (0.0486),vogais (0.0503)
3146,chamá (0.0512),sketchbook (0.0539),palmeira (0.0463),clareou (0.0486),25 (0.0503)
3147,frequento (0.0512),aparenta (0.0539),anahí (0.0463),dunas (0.0486),bicho (0.0503)
3148,combinadas (0.0512),falecido (0.0539),pressione (0.0463),aproxima (0.0486),capturar (0.0503)
3149,espiritualidade (0.0511),sarcástica (0.0539),indissociável (0.0463),colhem (0.0486),cabo (0.0503)
3150,variedade (0.0510),brasiliense (0.0539),perigo (0.0463),inicial (0.0486),homenagem (0.0503)
3151,semente (0.0510),repicado (0.0539),decomposição (0.0463),macia (0.0486),alcançar (0.0503)
3152,conservadora (0.0509),envolvo (0.0539),araquém (0.0463),inerente (0.0486),conservadora (0.0501)
3153,realçando (0.0509),sofro (0.0539),modelar (0.0463),feições (0.0486),trabalhei (0.0501)
3154,desigualdades (0.0509),deixara (0.0539),zarabatana (0.0463),mudando (0.0486),escuto (0.0501)
3155,apertados (0.0509),recentemente (0.0539),modelando (0.0463),persistência (0.0486),toma (0.0501)
3156,toma (0.0509),solitária (0.0539),iniciação (0.0463),entardecer (0.0486),incluindo (0.0501)
3157,lenta (0.0509),estabilidade (0.0539),faixas (0.0463),paira (0.0486),genuína (0.0501)
3158,acolheu (0.0509),domar (0.0539),flechas (0.0463),companheira (0.0486),desiste (0.0501)
3159,cimento (0.0509),sibilantes (0.0538),mestres (0.0463),galinhas (0.0486),espontâneos (0.0501)
3160,sítio (0.0509),perdoa (0.0538),aliviam (0.0463),compõe (0.0486),horizontes (0.0501)
3161,feiras (0.0509),combina (0.0538),primaveras (0.0463),baunilha (0.0486),exigem (0.0501)
3162,superado (0.0509),perco (0.0538),cortam (0.0463),fase (0.0486),funk (0.0501)
3163,coqueiro (0.0509),castigar (0.0538),devastação (0.0463),pedir (0.0485),desigual (0.0501)
3164,interseccionalidade (0.0509),diferenças (0.0538),veredas (0.0463),deixam (0.0484),inusitadas (0.0501)
3165,funciona (0.0509),errado (0.0538),defenderam (0.0463),celebrando (0.0483),57 (0.0501)
3166,descobri (0.0509),usá (0.0538),cosmos (0.0463),informais (0.0483),gigante (0.0501)
3167,encanto (0.0509),escolher (0.0538),crepúsculo (0.0463),soa (0.0483),crença (0.0501)
3168,colheu (0.0509),aparecia (0.0538),compreendendo (0.0463),masculinidade (0.0483),interseccionalidade (0.0501)
3169,gigante (0.0509),conjunto (0.0538),colhemos (0.0463),recursos (0.0483),aprisionar (0.0501)
3170,estudo (0.0509),recife (0.0538),craquelou (0.0463),cropped (0.0483),impunha (0.0501)
3171,paranaense (0.0509),apresentação (0.0538),sincrética (0.0463),errado (0.0483),precise (0.0501)
3172,personagem (0.0509),hábito (0.0538),aira (0.0463),aprendida (0.0483),facetas (0.0501)
3173,caminhão (0.0509),modo (0.0538),destruir (0.0463),desistir (0.0483),usada (0.0501)
3174,destacando (0.0509),têm (0.0536),piranhas (0.0463),transformam (0.0483),tinem (0.0501)
3175,casinha (0.0509),magros (0.0536),doente (0.0463),sibilantes (0.0483),solange (0.0501)
3176,usados (0.0509),incessante (0.0536),belíssimos (0.0463),imposição (0.0483),sentimento (0.0501)
3177,puxei (0.0509),possuía (0.0536),bananeira (0.0463),incenso (0.0483),abarcar (0.0501)
3178,realizada (0.0507),escorria (0.0536),envenenam (0.0463),arguta (0.0483),apaga (0.0501)
3179,opta (0.0507),caleidoscópio (0.0536),contaminada (0.0463),usá (0.0483),aprendidas (0.0501)
3180,manchas (0.0507),estranha (0.0534),talismã (0.0463),gostos (0.0483),subúrbio (0.0501)
3181,acolhem (0.0507),apagada (0.0534),poluição (0.0463),claridade (0.0483),fogão (0.0499)
3182,sozinha (0.0507),valorizando (0.0534),confiáveis (0.0463),vindo (0.0483),adicionando (0.0499)
3183,ilustrar (0.0507),quebrando (0.0534),interdependência (0.0463),castigar (0.0483),combinava (0.0499)
3184,penteados (0.0507),cortado (0.0534),rezamos (0.0463),frutos (0.0483),fatores (0.0499)
3185,manu (0.0506),enraizado (0.0534),interconexão (0.0463),permitem (0.0483),despretensioso (0.0499)
3186,continuar (0.0506),ajusta (0.0534),macacos (0.0463),admiração (0.0481),tomar (0.0498)
3187,serpenteia (0.0505),mescla (0.0534),densa (0.0463),fáceis (0.0480),pro (0.0498)
3188,hobbies (0.0505),quilômetros (0.0534),tartaruga (0.0463),oestinas (0.0480),transcendem (0.0497)
3189,racial (0.0505),colonização (0.0534),madeireiros (0.0463),espontaneidade (0.0480),aparada (0.0497)
3190,resignação (0.0505),vários (0.0534),doença (0.0463),abraçam (0.0480),caudaloso (0.0497)
3191,brilhante (0.0505),cotovelos (0.0534),desempenha (0.0463),cotovelos (0.0480),espectro (0.0497)
3192,elo (0.0505),oestinas (0.0534),teceu (0.0463),forjadas (0.0480),cadências (0.0497)
3193,temperos (0.0504),latente (0.0534),jaguar (0.0463),ajusta (0.0480),genuíno (0.0497)
3194,amarras (0.0504),agitação (0.0534),oralmente (0.0463),valorizando (0.0480),demonstravam (0.0497)
3195,contradição (0.0504),trabalhavam (0.0534),confundia (0.0463),mau (0.0480),cuidando (0.0497)
3196,abrasador (0.0504),fluidos (0.0534),aquidauana (0.0463),passei (0.0480),fumaça (0.0496)
3197,afável (0.0504),universo (0.0534),ecoará (0.0463),olhado (0.0480),talentoso (0.0496)
3198,ganhei (0.0504),acariciava (0.0534),tuju (0.0463),tupi (0.0480),mangue (0.0496)
3199,inegavelmente (0.0504),chamem (0.0534),classificar (0.0463),esperam (0.0480),temperos (0.0496)
3200,sofreu (0.0504),animais (0.0533),similar (0.0463),brotam (0.0480),inscreveu (0.0496)
3201,integral (0.0504),barulho (0.0533),orgulhosas (0.0463),construídas (0.0480),pluralidade (0.0496)
3202,última (0.0504),toco (0.0533),belíssimas (0.0463),comentários (0.0480),tentei (0.0496)
3203,concentram (0.0504),vividas (0.0533),iraceminha (0.0463),romances (0.0480),elástico (0.0496)
3204,sugeriam (0.0504),inspiração (0.0533),ressoam (0.0463),queima (0.0480),cotidianas (0.0496)
3205,envolver (0.0504),brechó (0.0533),desistimos (0.0463),imaginar (0.0480),impossível (0.0496)
3206,dançavam (0.0504),brasileiras (0.0532),parteira (0.0463),infinitamente (0.0480),cozinheira (0.0496)
3207,safra (0.0504),amarrado (0.0531),chamamos (0.0463),particular (0.0480),prepara (0.0496)
3208,famílias (0.0504),considera (0.0531),domínio (0.0463),caminhadas (0.0479),cuida (0.0495)
3209,pergunta (0.0504),regra (0.0531),respeitamos (0.0463),injustiça (0.0479),fiel (0.0495)
3210,transpareciam (0.0504),emprego (0.0530),bainha (0.0463),termos (0.0479),respirar (0.0495)
3211,digitais (0.0504),fazendeiros (0.0530),pinhais (0.0463),apresentava (0.0479),emoldurada (0.0495)
3212,insaciável (0.0504),primeiros (0.0530),vivermos (0.0463),domados (0.0478),surpreendente (0.0495)
3213,vivia (0.0504),coalho (0.0530),deixadas (0.0463),despretensiosos (0.0478),50 (0.0494)
3214,ansiosa (0.0504),rodeio (0.0530),detentora (0.0463),mulato (0.0478),preparar (0.0493)
3215,misturados (0.0504),logística (0.0530),aram (0.0463),espessas (0.0478),estiagem (0.0493)
3216,cariocas (0.0504),contanto (0.0530),transmissora (0.0463),ralou (0.0478),frequente (0.0493)
3217,especificamente (0.0504),sofisticadas (0.0530),variabilidade (0.0463),sabonete (0.0478),interna (0.0493)
3218,customizado (0.0504),suma (0.0530),tekoa (0.0463),pertencesse (0.0478),aconchegante (0.0493)
3219,tendo (0.0504),plissada (0.0530),xamã (0.0463),curvilíneo (0.0478),identifica (0.0493)
3220,areias (0.0504),afetuosa (0.0530),jacaré (0.0463),aninha (0.0478),fogueira (0.0492)
3221,criação (0.0504),desgrenhados (0.0530),tupã (0.0463),assaré (0.0478),defesa (0.0492)
3222,transfobia (0.0504),parques (0.0530),manejavam (0.0463),auxiliar (0.0478),perguntas (0.0492)
3223,oestino (0.0504),cafés (0.0530),divisa (0.0463),mantida (0.0478),atarracado (0.0492)
3224,rouco (0.0503),confio (0.0530),seguiremos (0.0463),inesperada (0.0478),persistente (0.0492)
3225,fiel (0.0503),regionalismo (0.0530),preferindo (0.0463),astral (0.0478),primeira (0.0492)
3226,coragem (0.0503),religiões (0.0530),véu (0.0463),tereré (0.0478),quentinho (0.0492)
3227,sertanejo (0.0503),internacional (0.0530),insiste (0.0463),percorri (0.0478),trajes (0.0492)
3228,esverdeado (0.0503),romance (0.0530),umidade (0.0462),sanfona (0.0478),internet (0.0492)
3229,gravada (0.0503),arcaico (0.0530),naquele (0.0462),trocar (0.0478),microagressões (0.0491)
3230,digital (0.0503),manjericão (0.0530),oceano (0.0462),baú (0.0478),experiente (0.0491)
3231,clássica (0.0503),particularmente (0.0530),senti (0.0461),compunha (0.0478),étnica (0.0491)
3232,vibe (0.0503),melhorar (0.0530),tantos (0.0461),tatuada (0.0478),honrar (0.0491)
3233,comunicação (0.0503),motiva (0.0530),estampadas (0.0461),ricas (0.0477),impôs (0.0491)
3234,faculdade (0.0503),fivela (0.0530),celular (0.0460),lembrete (0.0477),apurada (0.0491)
3235,sulcos (0.0503),quarto (0.0530),confere (0.0460),grito (0.0477),carreguei (0.0491)
3236,possibilidade (0.0502),bonitas (0.0530),queimaduras (0.0460),marcam (0.0477),fortalecer (0.0491)
3237,demonstram (0.0502),malfeito (0.0530),abertamente (0.0460),amistoso (0.0477),compartilhados (0.0491)
3238,continuo (0.0502),reflexivo (0.0530),flexibilidade (0.0460),pino (0.0477),braceletes (0.0491)
3239,aperto (0.0502),rosado (0.0530),fardo (0.0460),tocam (0.0477),acrescentava (0.0491)
3240,milhares (0.0502),igualdade (0.0530),paira (0.0460),despretensiosa (0.0477),encontraram (0.0491)
3241,fizeram (0.0502),pedir (0.0529),parentes (0.0460),cultivadas (0.0477),desengonçado (0.0491)
3242,magia (0.0502),apertado (0.0529),entardecer (0.0460),pontuava (0.0477),cadenciada (0.0491)
3243,engenheiro (0.0502),espinhos (0.0529),inspiradora (0.0460),trigo (0.0477),reforçar (0.0491)
3244,remete (0.0500),colares (0.0529),transborda (0.0459),ossos (0.0476),conheci (0.0491)
3245,teciam (0.0500),acompanhava (0.0529),pressa (0.0459),irreverência (0.0476),solares (0.0491)
3246,forças (0.0500),capazes (0.0528),natal (0.0459),três (0.0476),arado (0.0491)
3247,dando (0.0500),incluir (0.0528),estampado (0.0458),solidão (0.0474),graxa (0.0491)
3248,religiosa (0.0500),praça (0.0528),compromisso (0.0457),costureira (0.0474),florescendo (0.0491)
3249,pigmentação (0.0500),sorte (0.0528),riso (0.0457),talento (0.0474),ignorância (0.0491)
3250,intensos (0.0500),tomo (0.0528),ouço (0.0456),sufocante (0.0474),restaurante (0.0491)
3251,pintas (0.0500),simplificação (0.0528),plenamente (0.0456),quiser (0.0474),politicamente (0.0491)
3252,computador (0.0500),ambas (0.0528),influência (0.0456),aprecia (0.0474),transpira (0.0491)
3253,colhida (0.0500),sério (0.0528),exige (0.0456),tacacá (0.0474),realizar (0.0491)
3254,cadenciada (0.0500),deste (0.0528),bondade (0.0455),evocava (0.0474),variadas (0.0491)
3255,confunde (0.0500),divertida (0.0528),misturava (0.0455),conheciam (0.0474),estrategicamente (0.0491)
3256,mesmas (0.0500),ligado (0.0528),curvava (0.0454),calo (0.0474),começa (0.0491)
3257,imperfeições (0.0500),agitado (0.0528),dita (0.0454),figuras (0.0474),habilidosas (0.0491)
3258,testemunhava (0.0500),intempéries (0.0528),revelar (0.0454),quilos (0.0474),fartos (0.0490)
3259,graxa (0.0500),cruz (0.0527),rasgadas (0.0454),resto (0.0474),querer (0.0490)
3260,batido (0.0500),feminina (0.0527),henna (0.0454),grudada (0.0474),chamem (0.0490)
3261,bordadas (0.0500),caixas (0.0527),apagada (0.0454),trançada (0.0474),passados (0.0489)
3262,cultivava (0.0500),coco (0.0526),estranha (0.0454),levantar (0.0474),abrir (0.0488)
3263,realçar (0.0500),nó (0.0525),ajusta (0.0454),batalha (0.0474),uai (0.0488)
3264,optar (0.0500),tanta (0.0525),brasa (0.0454),selva (0.0474),desses (0.0488)
3265,encanta (0.0500),categorias (0.0525),amargo (0.0454),tomo (0.0474),escolhas (0.0488)
3266,dominação (0.0500),completavam (0.0525),raimundo (0.0454),acalmam (0.0474),absorver (0.0488)
3267,ajudei (0.0500),convive (0.0525),trajetória (0.0454),letras (0.0474),teimosamente (0.0487)
3268,entendam (0.0500),madura (0.0523),falando (0.0453),ciclos (0.0474),amontoado (0.0487)
3269,acrescentava (0.0500),entoação (0.0523),guiar (0.0452),penas (0.0472),tentaram (0.0487)
3270,passeio (0.0500),queridas (0.0523),afasta (0.0452),fonte (0.0472),páginas (0.0487)
3271,acompanhavam (0.0500),enrugados (0.0523),planalto (0.0452),seguros (0.0472),goianiense (0.0487)
3272,estrategicamente (0.0500),esporte (0.0523),transmissão (0.0452),conhecido (0.0472),canaviais (0.0487)
3273,partida (0.0500),pérolas (0.0523),manto (0.0452),sotaques (0.0472),coluna (0.0487)
3274,enfim (0.0500),virtudes (0.0523),cabras (0.0452),abraçava (0.0472),tia (0.0487)
3275,doloroso (0.0500),lona (0.0523),lustroso (0.0452),sintonia (0.0472),sorria (0.0487)
3276,estereótipo (0.0498),prazer (0.0523),disputada (0.0452),une (0.0472),entrelaçada (0.0487)
3277,reconheço (0.0498),regular (0.0523),técnica (0.0452),razão (0.0472),devem (0.0487)
3278,quer (0.0498),peculiaridades (0.0523),tecelagens (0.0452),favorita (0.0472),creme (0.0487)
3279,despenteados (0.0497),chácara (0.0523),linguísticas (0.0452),superar (0.0472),faça (0.0487)
3280,celebram (0.0496),universal (0.0523),cicatrizado (0.0452),construo (0.0472),rei (0.0487)
3281,quilinhos (0.0496),tecnologias (0.0523),esculpo (0.0452),europeias (0.0472),esquecida (0.0487)
3282,emanar (0.0496),convicta (0.0523),números (0.0452),plantam (0.0472),emanando (0.0487)
3283,compõem (0.0496),esperava (0.0523),movimentavam (0.0452),amanhã (0.0472),estampados (0.0487)
3284,bateu (0.0496),barulhentas (0.0523),esculpe (0.0452),encarar (0.0472),foice (0.0487)
3285,vila (0.0496),debate (0.0523),transformo (0.0452),representam (0.0471),sudestina (0.0487)
3286,faça (0.0496),últimos (0.0523),jeremias (0.0452),curiosa (0.0470),sufoca (0.0487)
3287,clarear (0.0496),relacionamentos (0.0523),cristalinas (0.0452),chamar (0.0470),enfrentam (0.0487)
3288,creme (0.0496),cantinho (0.0523),entidades (0.0452),responsabilidade (0.0470),maravilhosa (0.0487)
3289,bagunçava (0.0496),familiarizado (0.0523),percorre (0.0452),equatorial (0.0470),obstáculo (0.0487)
3290,férteis (0.0496),pegou (0.0523),conhecemos (0.0452),concreto (0.0469),mantêm (0.0487)
3291,definido (0.0496),planos (0.0523),mineração (0.0452),tira (0.0469),zen (0.0487)
3292,farpado (0.0496),desconfortável (0.0523),esquecidas (0.0452),mata (0.0469),comunitária (0.0487)
3293,foice (0.0496),estuda (0.0523),guerra (0.0452),diário (0.0469),corporal (0.0487)
3294,comuns (0.0495),imponentes (0.0523),garantia (0.0452),abaixo (0.0469),começando (0.0487)
3295,rap (0.0495),desenhando (0.0523),ignorada (0.0452),adolescência (0.0469),participando (0.0487)
3296,irradiam (0.0495),enfiar (0.0523),vibra (0.0452),irradiando (0.0469),irradiam (0.0487)
3297,amigas (0.0495),instala (0.0523),contadora (0.0452),frondosas (0.0469),contido (0.0487)
3298,sussurros (0.0495),patos (0.0523),insolação (0.0452),caracteriza (0.0469),direita (0.0487)
3299,igualdade (0.0494),verdadeiras (0.0523),cultivamos (0.0452),grudando (0.0469),escondida (0.0485)
3300,podemos (0.0494),ile (0.0523),continham (0.0452),binarie (0.0469),vinha (0.0485)
3301,belo (0.0494),conflitos (0.0523),subsistência (0.0452),tias (0.0469),cultivo (0.0485)
3302,escorria (0.0493),atitude (0.0523),arranhão (0.0452),intenção (0.0469),santos (0.0485)
3303,dificuldade (0.0493),realiza (0.0523),curandeiros (0.0452),jovem (0.0469),planta (0.0485)
3304,têm (0.0493),mecânica (0.0523),intensas (0.0452),telefone (0.0469),gaúcho (0.0484)
3305,cinquenta (0.0493),breve (0.0523),ponte (0.0452),consistia (0.0469),impregna (0.0484)
3306,denotam (0.0492),realizado (0.0523),fizemos (0.0452),evidenciavam (0.0469),aromas (0.0484)
3307,imensamente (0.0492),influenciando (0.0523),status (0.0452),incisivos (0.0469),queer (0.0484)
3308,trabalhadores (0.0492),mudas (0.0523),guará (0.0452),gelo (0.0469),cícero (0.0484)
3309,reta (0.0492),básica (0.0523),araguaia (0.0452),patativa (0.0469),carro (0.0484)
3310,saudável (0.0492),colheitas (0.0523),excelente (0.0452),desestruturado (0.0469),saudável (0.0484)
3311,curvado (0.0492),melodiosa (0.0523),encarnação (0.0452),têmpora (0.0469),ricardo (0.0484)
3312,aromas (0.0492),primos (0.0522),ricas (0.0452),acreditam (0.0469),dormidas (0.0484)
3313,saem (0.0492),liberta (0.0522),plantaram (0.0452),refugio (0.0469),sorrio (0.0484)
3314,acentuando (0.0492),diário (0.0522),prende (0.0451),ditas (0.0469),atribuir (0.0484)
3315,dormidas (0.0492),abaixo (0.0522),cultivadas (0.0451),carinhoso (0.0469),apurado (0.0484)
3316,frescas (0.0492),estilizada (0.0522),esperando (0.0451),naqueles (0.0469),cortes (0.0484)
3317,espessos (0.0492),destacar (0.0522),tocam (0.0451),cozinham (0.0469),curvado (0.0484)
3318,independentemente (0.0492),vasto (0.0522),áspero (0.0451),chuvoso (0.0469),paralelepípedos (0.0484)
3319,humorado (0.0492),sorrir (0.0522),altos (0.0451),avermelhadas (0.0469),referência (0.0484)
3320,sobrevive (0.0492),ternura (0.0522),misturo (0.0451),imperfeição (0.0469),oestx (0.0483)
3321,expectativa (0.0492),cujo (0.0522),reconfortante (0.0451),suavizando (0.0469),batista (0.0483)
3322,time (0.0492),apresentava (0.0522),teima (0.0451),apareciam (0.0469),zélia (0.0483)
3323,companheiro (0.0492),moviam (0.0522),surrado (0.0450),domino (0.0469),evaristo (0.0483)
3324,medalha (0.0492),defender (0.0521),despenteado (0.0450),descascadas (0.0469),carpinteiro (0.0483)
3325,ruguinhas (0.0492),veio (0.0521),vim (0.0449),consertaram (0.0469),estaturas (0.0483)
3326,pensativa (0.0492),casca (0.0521),trouxe (0.0449),transitando (0.0469),machucam (0.0483)
3327,sustentável (0.0492),precisos (0.0521),acariciar (0.0449),contusão (0.0469),khadija (0.0483)
3328,eloquência (0.0492),escapam (0.0521),batalha (0.0449),tona (0.0469),soul (0.0483)
3329,blazer (0.0492),bilro (0.0519),frios (0.0449),entanto (0.0467),venda (0.0483)
3330,paraibano (0.0492),adaptação (0.0519),amplamente (0.0449),enfeita (0.0467),teclado (0.0483)
3331,zana (0.0492),viro (0.0519),arame (0.0449),luxo (0.0467),colava (0.0483)
3332,vietnamitas (0.0492),nascimento (0.0519),olhando (0.0449),humanos (0.0467),ankara (0.0483)
3333,êta (0.0492),rústico (0.0519),amiga (0.0448),estranho (0.0467),zés (0.0483)
3334,nipônica (0.0492),abria (0.0519),origem (0.0448),conquistar (0.0467),pantalona (0.0483)
3335,lui (0.0492),construiu (0.0519),viveu (0.0447),mesclada (0.0467),compartilhava (0.0483)
3336,china (0.0492),atrapalhar (0.0519),áspera (0.0447),sinceras (0.0467),milhões (0.0483)
3337,lin (0.0492),brilha (0.0518),atlética (0.0446),formal (0.0466),umbanda (0.0483)
3338,ken (0.0492),passos (0.0518),misturar (0.0446),conhecer (0.0466),binárix (0.0483)
3339,amarelas (0.0492),guturais (0.0518),entretanto (0.0446),adornos (0.0466),apimentada (0.0483)
3340,recuavam (0.0492),sagrado (0.0518),deram (0.0446),ouvi (0.0464),assumo (0.0483)
3341,encaixando (0.0492),carregasse (0.0517),dó (0.0446),cabem (0.0464),angola (0.0483)
3342,sushi (0.0492),evitando (0.0517),amanhã (0.0446),carregasse (0.0464),paysandu (0.0483)
3343,lei (0.0492),pegam (0.0517),enfrentando (0.0446),ligo (0.0464),18 (0.0483)
3344,mitológico (0.0492),ligo (0.0517),manhãs (0.0446),caírem (0.0464),guri (0.0483)
3345,mochi (0.0492),adora (0.0517),acostumou (0.0446),cuja (0.0464),levou (0.0483)
3346,orientais (0.0492),moldaram (0.0517),categorias (0.0446),plantou (0.0464),linhagem (0.0483)
3347,ilustradora (0.0492),catolicismo (0.0516),razão (0.0446),estranhamento (0.0464),robusto (0.0483)
3348,kenji (0.0492),aventureira (0.0516),rastro (0.0446),praticando (0.0464),valorizo (0.0483)
3349,tapajós (0.0492),pronunciar (0.0516),espalha (0.0446),semente (0.0464),materna (0.0482)
3350,defeitos (0.0492),elza (0.0516),múltiplas (0.0446),folhas (0.0464),pega (0.0481)
3351,instrumento (0.0492),coloca (0.0516),perfeitos (0.0446),reserva (0.0464),estampadas (0.0480)
3352,chamada (0.0492),número (0.0516),corrente (0.0445),sussurro (0.0464),rachava (0.0480)
3353,fluidos (0.0492),musgo (0.0516),denunciam (0.0445),narrativa (0.0463),maduro (0.0480)
3354,sopra (0.0490),surpresa (0.0516),tentativa (0.0445),gráfico (0.0463),costumava (0.0480)
3355,mudam (0.0490),compreensivo (0.0516),aparecer (0.0444),constroem (0.0462),52 (0.0480)
3356,vividas (0.0490),netas (0.0516),soube (0.0444),moletom (0.0462),fardo (0.0480)
3357,cercado (0.0488),poderá (0.0516),juntas (0.0444),envolvida (0.0462),debates (0.0480)
3358,mudar (0.0488),aliada (0.0516),vasto (0.0444),pintada (0.0462),neste (0.0480)
3359,tomando (0.0488),use (0.0516),destacar (0.0444),animado (0.0462),particulares (0.0480)
3360,online (0.0488),reflexão (0.0516),inserir (0.0444),lgbtqiap (0.0462),estrelada (0.0480)
3361,finalmente (0.0488),ale (0.0516),diário (0.0444),cadernos (0.0462),destino (0.0480)
3362,inspiradora (0.0488),evidenciam (0.0516),silenciosamente (0.0444),exploram (0.0462),paira (0.0480)
3363,galinhas (0.0488),uniformes (0.0516),vender (0.0444),adaptadas (0.0462),vó (0.0480)
3364,vegetação (0.0488),resumem (0.0516),herdeiro (0.0444),contraste (0.0462),companheira (0.0480)
3365,costumava (0.0488),moradora (0.0516),redondezas (0.0444),cristalina (0.0462),assunto (0.0480)
3366,macia (0.0488),entonação (0.0516),alterna (0.0444),errados (0.0461),clareza (0.0480)
3367,velado (0.0488),bolso (0.0516),invés (0.0444),inconfundíveis (0.0461),aparados (0.0480)
3368,rasgados (0.0488),sinceramente (0.0516),desenvolvida (0.0444),irreverente (0.0461),manaus (0.0480)
3369,entardecer (0.0488),sarcasmo (0.0516),enigmática (0.0444),encontrada (0.0461),compõe (0.0480)
3370,adornar (0.0488),pragmatismo (0.0516),embranquecer (0.0444),some (0.0461),trabalhou (0.0480)
3371,companheira (0.0488),abrangendo (0.0516),sussurrar (0.0444),apertos (0.0461),sinfonia (0.0480)
3372,celebradas (0.0488),prendê (0.0516),anseio (0.0444),fato (0.0461),percebe (0.0479)
3373,duros (0.0488),alívio (0.0516),tucumã (0.0444),obrigada (0.0461),tentar (0.0479)
3374,ilhéus (0.0488),normal (0.0516),poças (0.0444),brando (0.0461),traz (0.0479)
3375,inerentes (0.0488),músculos (0.0515),resistiram (0.0444),maresia (0.0461),espinhos (0.0479)
3376,perdida (0.0488),acobreado (0.0515),registro (0.0444),vendo (0.0461),cultiva (0.0479)
3377,caco (0.0488),expresso (0.0515),sumindo (0.0444),crescerem (0.0461),claridade (0.0477)
3378,entremeada (0.0488),batalhadora (0.0515),comunitárias (0.0444),alongado (0.0461),explicações (0.0477)
3379,52 (0.0488),amazônico (0.0515),bebia (0.0444),justificativas (0.0461),masculinidade (0.0477)
3380,frio (0.0488),preguiça (0.0514),oxidada (0.0444),acariciaram (0.0461),tempero (0.0477)
3381,desta (0.0487),querido (0.0514),ponderados (0.0444),naquilo (0.0461),acompanhou (0.0477)
3382,animadas (0.0487),peixe (0.0514),distintos (0.0444),pedrarias (0.0461),elegantes (0.0477)
3383,noturno (0.0487),denunciando (0.0514),recebi (0.0444),identificam (0.0461),celebrando (0.0477)
3384,clássicas (0.0486),lgbtqiap (0.0514),eleva (0.0444),variavam (0.0461),diferenças (0.0477)
3385,cultivando (0.0486),pena (0.0514),cavalos (0.0444),adolescentes (0.0461),afetiva (0.0477)
3386,escolhi (0.0485),múltiplas (0.0514),igualzinho (0.0444),zezé (0.0461),luzes (0.0477)
3387,claridade (0.0485),cachos (0.0514),alimentando (0.0444),cuidaram (0.0461),envelhecido (0.0477)
3388,espesso (0.0485),acaricia (0.0513),defensor (0.0444),assumida (0.0461),imposição (0.0477)
3389,aprendida (0.0485),comprido (0.0512),roubada (0.0444),opto (0.0461),carregaram (0.0477)
3390,negócio (0.0485),questão (0.0512),florescem (0.0444),simbolismos (0.0461),aprendida (0.0477)
3391,perco (0.0485),tesouro (0.0512),calmas (0.0444),espécie (0.0461),fluxo (0.0477)
3392,expansiva (0.0485),alicerce (0.0512),explicação (0.0444),playlist (0.0461),conter (0.0477)
3393,explosiva (0.0485),citar (0.0512),traçados (0.0444),amazônicas (0.0461),universidade (0.0477)
3394,zona (0.0485),tira (0.0512),régia (0.0444),acentua (0.0461),negócio (0.0477)
3395,quieto (0.0485),sozinho (0.0510),final (0.0443),colagem (0.0461),sílabas (0.0477)
3396,valorizam (0.0485),consideravelmente (0.0510),urbana (0.0443),precisão (0.0460),informais (0.0477)
3397,femininas (0.0484),incorporar (0.0510),local (0.0442),maneiras (0.0460),desistir (0.0477)
3398,borracha (0.0483),leio (0.0510),amplo (0.0441),tesouro (0.0460),tocava (0.0477)
3399,necessária (0.0483),bronzeava (0.0510),pará (0.0440),moleque (0.0460),xadrez (0.0476)
3400,cortado (0.0482),apegue (0.0510),banda (0.0440),montanhas (0.0460),harmonia (0.0476)
3401,abafado (0.0482),defendem (0.0510),seguindo (0.0439),coletivos (0.0460),classe (0.0476)
3402,interessante (0.0482),medula (0.0510),cuja (0.0439),estranheza (0.0460),batom (0.0475)
3403,tremor (0.0482),vínculo (0.0510),vivências (0.0439),livres (0.0460),descobrindo (0.0475)
3404,pulsante (0.0482),assado (0.0510),ecoavam (0.0439),alicerce (0.0460),bondade (0.0475)
3405,dinheiro (0.0482),engraçado (0.0510),facilidade (0.0439),gelado (0.0460),enrugado (0.0475)
3406,abraçam (0.0482),rigidez (0.0510),vestir (0.0437),considero (0.0460),honestidade (0.0474)
3407,curioso (0.0482),coloquial (0.0510),preguiça (0.0437),conchas (0.0459),luiz (0.0474)
3408,castigava (0.0482),extremamente (0.0510),garganta (0.0437),fluente (0.0458),cintilava (0.0474)
3409,ecoar (0.0482),assis (0.0510),bronzeia (0.0437),projetos (0.0458),sábia (0.0474)
3410,agitação (0.0482),inseparável (0.0510),escolheu (0.0436),churrascos (0.0458),valorizando (0.0474)
3411,fazendo (0.0482),lentamente (0.0510),saco (0.0436),parar (0.0458),projeto (0.0474)
3412,pontes (0.0482),bicicleta (0.0510),severo (0.0436),irregular (0.0458),indica (0.0474)
3413,hospitalidade (0.0482),militante (0.0510),fluir (0.0436),eco (0.0458),exata (0.0474)
3414,exata (0.0482),conversava (0.0510),falecida (0.0436),azulado (0.0458),canela (0.0474)
3415,espelha (0.0482),regularmente (0.0510),fenda (0.0436),morar (0.0458),descanso (0.0474)
3416,manusear (0.0482),moça (0.0510),ereto (0.0436),declaração (0.0458),dita (0.0474)
3417,bronzeados (0.0482),dependerá (0.0510),fixo (0.0436),cuidadosa (0.0458),amável (0.0474)
3418,segunda (0.0482),caso (0.0510),serpenteava (0.0436),ações (0.0458),cotovelos (0.0474)
3419,horta (0.0482),modesta (0.0510),cobrindo (0.0436),trilhas (0.0458),interessante (0.0474)
3420,queima (0.0482),produtos (0.0510),dom (0.0436),almoço (0.0458),desafiador (0.0474)
3421,específico (0.0480),grato (0.0510),interação (0.0436),adornam (0.0458),forjadas (0.0474)
3422,disfarçar (0.0480),hobby (0.0510),espécie (0.0436),lembrando (0.0458),acidentes (0.0474)
3423,repente (0.0480),promessas (0.0510),elaborada (0.0436),conectado (0.0457),sons (0.0474)
3424,maravilhas (0.0480),ruga (0.0510),caatingas (0.0436),designer (0.0456),brasa (0.0474)
3425,escondendo (0.0480),torrente (0.0510),lição (0.0436),ocasiões (0.0456),recorrer (0.0474)
3426,astuta (0.0480),vivi (0.0510),aranha (0.0436),deslizavam (0.0456),morando (0.0474)
3427,bicos (0.0480),jumento (0.0510),existente (0.0436),homenagem (0.0456),respeita (0.0474)
3428,unia (0.0480),seguraram (0.0510),mantê (0.0436),cabo (0.0456),queima (0.0474)
3429,abracei (0.0480),calorosa (0.0510),inventaram (0.0436),ando (0.0456),romances (0.0474)
3430,étnicas (0.0480),fundos (0.0510),refletidos (0.0436),frequento (0.0456),irá (0.0474)
3431,azeviche (0.0480),saber (0.0510),desisto (0.0436),povos (0.0456),etnia (0.0473)
3432,ligeiro (0.0480),medida (0.0510),cansativa (0.0436),ruins (0.0455),pernas (0.0472)
3433,elias (0.0480),quebrado (0.0510),contudo (0.0436),inesperados (0.0455),disfarçar (0.0472)
3434,exóticas (0.0480),parar (0.0510),enfeitam (0.0436),brotavam (0.0455),manifesto (0.0472)
3435,estereotipia (0.0480),utilizando (0.0509),queimadas (0.0436),posiciona (0.0455),profano (0.0472)
3436,máscara (0.0480),chita (0.0509),abertura (0.0436),torrencial (0.0455),imprimia (0.0472)
3437,estereotipados (0.0480),corda (0.0509),vime (0.0436),grampos (0.0455),ijexá (0.0472)
3438,causam (0.0480),ostenta (0.0508),ornava (0.0436),madrugada (0.0455),todxs (0.0472)
3439,colecionar (0.0480),travessura (0.0508),elx (0.0436),consiste (0.0455),derrubar (0.0472)
3440,ofensivos (0.0480),alcançar (0.0508),característica (0.0435),sorrindo (0.0455),desenhou (0.0472)
3441,cintilante (0.0480),carne (0.0508),mochila (0.0435),estiagens (0.0455),estima (0.0472)
3442,escapam (0.0479),rígidos (0.0508),questão (0.0435),usem (0.0455),enriquecendo (0.0472)
3443,casca (0.0479),linda (0.0508),franco (0.0434),histórico (0.0455),permitiu (0.0472)
3444,encantados (0.0479),espelho (0.0508),azulado (0.0433),contemplar (0.0455),velada (0.0472)
3445,vestindo (0.0479),capturar (0.0508),irregular (0.0433),chácara (0.0455),insistente (0.0472)
3446,defender (0.0479),físicos (0.0508),ações (0.0433),sutileza (0.0455),pandeiro (0.0472)
3447,marcam (0.0479),palma (0.0507),vivi (0.0433),seguras (0.0455),preconceituosos (0.0472)
3448,habilidades (0.0479),transformar (0.0506),curvados (0.0433),ocupa (0.0455),couberam (0.0472)
3449,acha (0.0479),recusa (0.0505),ando (0.0431),centelha (0.0455),irmandade (0.0472)
3450,camadas (0.0479),quietinha (0.0505),perspectiva (0.0431),sensações (0.0455),alisá (0.0472)
3451,enriquecem (0.0479),completo (0.0505),cenário (0.0431),partilha (0.0455),ká (0.0472)
3452,áspero (0.0479),curso (0.0505),tentando (0.0431),prenda (0.0455),mercados (0.0472)
3453,cultivadas (0.0479),acredita (0.0505),produzindo (0.0430),confundem (0.0455),roçando (0.0472)
3454,achar (0.0479),feiras (0.0505),abundância (0.0430),esforços (0.0455),mutante (0.0472)
3455,subjetivas (0.0479),aparece (0.0505),pintado (0.0430),infinita (0.0455),dreads (0.0472)
3456,crua (0.0479),emanam (0.0505),transcender (0.0430),ditados (0.0455),superaram (0.0472)
3457,alegres (0.0479),vivendo (0.0505),imponentes (0.0430),grudar (0.0455),construídos (0.0472)
3458,regra (0.0479),preta (0.0505),desabrocha (0.0430),intensifica (0.0455),canal (0.0472)
3459,escutar (0.0479),sentada (0.0505),chegaram (0.0430),cordel (0.0455),customiza (0.0472)
3460,respeitando (0.0479),espalhados (0.0505),envelhecida (0.0430),populações (0.0455),impulsionando (0.0472)
3461,gota (0.0479),prendendo (0.0505),sutileza (0.0430),equitativo (0.0455),complicado (0.0471)
3462,crítica (0.0479),atentamente (0.0505),davam (0.0430),mini (0.0455),desabotoada (0.0471)
3463,usam (0.0479),interesso (0.0505),depender (0.0430),ganhavam (0.0455),veio (0.0471)
3464,africanas (0.0478),diálogo (0.0505),ornamentavam (0.0430),realiza (0.0455),guaraná (0.0471)
3465,envolve (0.0477),inusitadas (0.0505),últimos (0.0430),entendia (0.0455),europeia (0.0471)
3466,tempestade (0.0476),gritar (0.0505),conceito (0.0430),fogueira (0.0455),precisos (0.0471)
3467,divertida (0.0476),guardado (0.0505),fervor (0.0430),completo (0.0454),questionar (0.0471)
3468,conheciam (0.0476),incompreensão (0.0505),nutria (0.0430),recusa (0.0454),aridez (0.0471)
3469,descobrir (0.0476),determinadas (0.0505),abriu (0.0430),sítio (0.0454),movem (0.0471)
3470,infernal (0.0476),charmoso (0.0505),rigoroso (0.0430),lenta (0.0454),pique (0.0471)
3471,sorte (0.0476),binariedade (0.0505),possuem (0.0430),desiste (0.0454),disse (0.0471)
3472,compreendem (0.0476),rádio (0.0505),mancha (0.0430),acolheu (0.0454),prende (0.0471)
3473,amizades (0.0476),descobri (0.0505),pede (0.0430),escuto (0.0454),subjetivas (0.0471)
3474,ambas (0.0476),viola (0.0505),honra (0.0430),pressão (0.0454),habitualmente (0.0471)
3475,insistia (0.0476),solo (0.0505),rochas (0.0430),enfrentamos (0.0452),cultivadas (0.0471)
3476,ousadia (0.0476),portar (0.0503),barulhentas (0.0430),petróleo (0.0452),apaixonado (0.0471)
3477,urbanos (0.0476),acolhem (0.0503),santarém (0.0430),binaridade (0.0452),boi (0.0471)
3478,colo (0.0476),lentos (0.0503),baru (0.0430),pouca (0.0452),amarrado (0.0471)
3479,calo (0.0476),abraçando (0.0503),fale (0.0430),multiplicidade (0.0452),renasce (0.0471)
3480,indicava (0.0476),plena (0.0503),secular (0.0430),soltinha (0.0452),enriquecem (0.0471)
3481,arquitetura (0.0476),alfaiataria (0.0502),bom (0.0430),eventos (0.0450),indumentária (0.0471)
3482,janela (0.0476),intensamente (0.0502),recusa (0.0430),invisíveis (0.0450),amistoso (0.0471)
3483,olhando (0.0476),racial (0.0501),robustos (0.0430),aparada (0.0450),entendimento (0.0471)
3484,modas (0.0476),bonito (0.0501),acompanhado (0.0430),compreender (0.0450),intrincada (0.0471)
3485,criam (0.0476),cuidando (0.0501),emanavam (0.0430),incrivelmente (0.0450),inspirava (0.0471)
3486,dor (0.0476),santo (0.0501),julgamentos (0.0430),mesclando (0.0450),oportunidade (0.0471)
3487,pinturas (0.0475),justificar (0.0501),brincar (0.0430),arroz (0.0450),corta (0.0471)
3488,trança (0.0475),pará (0.0501),aparece (0.0430),versos (0.0449),aparente (0.0471)
3489,perceptível (0.0475),assertiva (0.0500),acolhem (0.0428),amorosa (0.0449),ossos (0.0470)
3490,descalço (0.0475),herdamos (0.0500),agarra (0.0428),sofrido (0.0449),deixavam (0.0470)
3491,acolhe (0.0475),modos (0.0500),opta (0.0428),herdadas (0.0449),sentindo (0.0470)
3492,redes (0.0474),monte (0.0500),soltinha (0.0428),aveludado (0.0449),ostentação (0.0470)
3493,urbanas (0.0474),certas (0.0500),vidas (0.0428),transportam (0.0449),ironia (0.0469)
3494,conheceu (0.0473),afável (0.0500),reciclados (0.0428),gíria (0.0449),sagrado (0.0469)
3495,disposição (0.0473),portanto (0.0500),impecavelmente (0.0428),característicos (0.0449),quilos (0.0468)
3496,pertence (0.0473),apropriado (0.0500),sensibilidade (0.0427),looks (0.0449),aprecia (0.0468)
3497,dó (0.0473),refletido (0.0500),argola (0.0427),chapadas (0.0449),grudada (0.0468)
3498,conhecido (0.0473),entrelaçavam (0.0500),situação (0.0426),permeado (0.0449),mania (0.0468)
3499,veadeiros (0.0473),volume (0.0500),justificar (0.0426),bisavós (0.0449),conheciam (0.0468)
3500,encarar (0.0473),última (0.0500),pequi (0.0426),musgo (0.0449),sufocante (0.0468)
3501,históricos (0.0473),superficial (0.0500),certo (0.0426),plural (0.0449),marinho (0.0468)
3502,preferia (0.0473),afetividade (0.0500),próximos (0.0425),rebelar (0.0449),compreendem (0.0468)
3503,desafiadora (0.0473),contradição (0.0500),escolas (0.0425),pragmatismo (0.0449),talento (0.0468)
3504,significativas (0.0473),tornando (0.0500),fluía (0.0425),maninha (0.0449),criam (0.0468)
3505,inflexões (0.0473),afetivos (0.0500),imposta (0.0425),múltiplos (0.0449),ideais (0.0468)
3506,lia (0.0473),impor (0.0500),abrangendo (0.0425),exceção (0.0449),delicioso (0.0468)
3507,plantam (0.0473),respirar (0.0500),desabrocham (0.0425),demorei (0.0449),incluir (0.0468)
3508,ocasional (0.0473),grudado (0.0500),selvagens (0.0425),nódulo (0.0449),imprevisível (0.0468)
3509,tanta (0.0473),mexe (0.0500),integrar (0.0425),consiga (0.0449),sulistas (0.0468)
3510,definidas (0.0473),colhe (0.0500),ornamentam (0.0425),numerosa (0.0449),lida (0.0468)
3511,máquinas (0.0473),respira (0.0500),grossense (0.0425),ordem (0.0449),ralo (0.0468)
3512,fonte (0.0473),milho (0.0499),quadros (0.0425),explora (0.0449),perceptível (0.0468)
3513,lavoura (0.0473),amazônia (0.0499),possuir (0.0425),propósito (0.0449),áspera (0.0466)
3514,linguagem (0.0473),viva (0.0498),composta (0.0425),creio (0.0449),acobreado (0.0466)
3515,pena (0.0473),escolhidos (0.0498),diamantina (0.0425),prendê (0.0449),vira (0.0466)
3516,profissão (0.0473),inspiradas (0.0498),diamantes (0.0425),fagulha (0.0449),estende (0.0465)
3517,responsabilidade (0.0472),poemas (0.0498),concentrada (0.0425),ligadas (0.0449),significativos (0.0465)
3518,cravou (0.0472),feminilidade (0.0498),exceção (0.0425),disposta (0.0449),rígidas (0.0465)
3519,flui (0.0471),registrada (0.0498),andam (0.0425),tutu (0.0449),traziam (0.0465)
3520,ciclo (0.0471),afetos (0.0496),estudos (0.0425),assentado (0.0449),espalhar (0.0465)
3521,morado (0.0471),vale (0.0496),trata (0.0425),criações (0.0449),conexões (0.0465)
3522,frondosas (0.0471),trajes (0.0496),precisam (0.0425),valoriza (0.0449),preferia (0.0465)
3523,luar (0.0471),batendo (0.0496),queimadura (0.0425),irmãs (0.0449),qualidade (0.0465)
3524,grafite (0.0471),sonho (0.0496),engole (0.0425),esconder (0.0449),ajudou (0.0465)
3525,incondicionalmente (0.0471),26 (0.0496),alternando (0.0425),respirar (0.0449),orla (0.0465)
3526,celebra (0.0471),grudava (0.0496),formavam (0.0425),intercalando (0.0449),escondido (0.0465)
3527,conforta (0.0471),ensolaradas (0.0496),queda (0.0425),medicinais (0.0449),pena (0.0465)
3528,ponta (0.0471),experiente (0.0496),esconder (0.0425),fizeram (0.0447),puxa (0.0465)
3529,penso (0.0471),nota (0.0496),brasília (0.0424),fins (0.0447),isadora (0.0464)
3530,apertadas (0.0471),cheira (0.0496),melodias (0.0423),cuidados (0.0447),ciclo (0.0463)
3531,discussões (0.0471),meninos (0.0496),funcionais (0.0423),preocupar (0.0447),atividade (0.0463)
3532,caracteriza (0.0471),boto (0.0496),digna (0.0423),sentia (0.0447),boas (0.0463)
3533,mergulhar (0.0471),igualmente (0.0496),serve (0.0421),registrada (0.0447),gola (0.0463)
3534,escondo (0.0471),vizinhos (0.0496),primeira (0.0421),jovens (0.0447),caracteriza (0.0463)
3535,literalmente (0.0471),bronzeadas (0.0496),persistente (0.0421),mecânico (0.0447),sai (0.0463)
3536,orientação (0.0471),indiscretas (0.0496),internet (0.0421),sonho (0.0445),raspado (0.0463)
3537,limpeza (0.0471),optar (0.0496),encontrando (0.0421),teciam (0.0445),fadiga (0.0463)
3538,tipicamente (0.0471),restante (0.0496),pontuada (0.0421),remete (0.0445),conheçam (0.0463)
3539,adorava (0.0471),apurada (0.0496),autodescoberta (0.0420),ritual (0.0445),irradiando (0.0463)
3540,constituem (0.0471),paulistano (0.0496),querer (0.0420),cortados (0.0444),definida (0.0463)
3541,eletrônico (0.0471),doloroso (0.0496),fresca (0.0420),acumuladas (0.0444),escapa (0.0463)
3542,confiabilidade (0.0471),curvatura (0.0496),produtos (0.0420),envolvente (0.0444),combinam (0.0463)
3543,desenvolver (0.0471),simpatia (0.0496),trago (0.0420),justamente (0.0444),contraditória (0.0463)
3544,inequívoco (0.0471),processar (0.0496),nesses (0.0420),engraçado (0.0444),destacava (0.0463)
3545,recompensa (0.0471),vinte (0.0496),agrada (0.0420),traduzia (0.0444),trás (0.0463)
3546,borbulhante (0.0471),ficam (0.0496),ouvidas (0.0420),pilares (0.0444),embalando (0.0463)
3547,reclamar (0.0471),zabumba (0.0496),fortalecem (0.0420),humildes (0.0444),poderosas (0.0463)
3548,harmoniosa (0.0471),fazendas (0.0496),chora (0.0420),nesses (0.0444),encaro (0.0463)
3549,aquecer (0.0471),exposta (0.0496),branquear (0.0420),mesmos (0.0444),manguezais (0.0463)
3550,rendeiras (0.0471),vício (0.0496),compreendido (0.0420),controlar (0.0444),perseverante (0.0463)
3551,aguentam (0.0471),imperfeições (0.0496),femininos (0.0420),vestígio (0.0444),marginalizados (0.0463)
3552,machista (0.0471),reconhecendo (0.0496),representar (0.0420),massa (0.0444),deslizam (0.0463)
3553,dê (0.0471),politicamente (0.0496),manipulavam (0.0420),aulas (0.0444),acreditem (0.0463)
3554,ácido (0.0471),resisto (0.0496),preenchia (0.0420),bondoso (0.0444),explícito (0.0463)
3555,utilizando (0.0469),étnica (0.0496),pratica (0.0420),medula (0.0444),relevantes (0.0463)
3556,definem (0.0469),conectam (0.0495),metáforas (0.0420),ajudante (0.0444),preciosa (0.0463)
3557,cansados (0.0469),cozinha (0.0494),fundamentais (0.0420),estando (0.0444),pinceladas (0.0463)
3558,superação (0.0469),representando (0.0493),ancora (0.0420),oferecia (0.0444),pesada (0.0463)
3559,plástica (0.0468),graça (0.0493),oferecia (0.0420),fortaleceu (0.0444),halo (0.0463)
3560,espera (0.0468),desses (0.0492),consideravelmente (0.0420),obstáculos (0.0444),sofri (0.0463)
3561,enfeita (0.0468),compõem (0.0492),incorporar (0.0420),põe (0.0444),vulnerável (0.0463)
3562,aceitam (0.0468),bater (0.0492),tocando (0.0420),objetivos (0.0444),convida (0.0463)
3563,encaixam (0.0468),paredes (0.0492),defendendo (0.0420),quadrado (0.0444),contribuem (0.0463)
3564,bússola (0.0468),reconhece (0.0492),vínculo (0.0420),modesta (0.0444),prendia (0.0463)
3565,domá (0.0468),pimenta (0.0492),criatividade (0.0419),envolvem (0.0444),cantadas (0.0463)
3566,almoços (0.0468),fundir (0.0492),independência (0.0419),costume (0.0444),calejado (0.0463)
3567,sinceridade (0.0468),quebrar (0.0492),perfeita (0.0419),sentar (0.0444),jana (0.0463)
3568,humanos (0.0468),impressas (0.0492),passou (0.0419),bronzeava (0.0444),músico (0.0463)
3569,ultimamente (0.0468),graças (0.0492),desses (0.0419),carreteiro (0.0444),compartimentos (0.0463)
3570,óculos (0.0468),olinda (0.0492),comum (0.0418),realmente (0.0442),suportar (0.0463)
3571,ervas (0.0466),chamarem (0.0492),irradiam (0.0417),passou (0.0442),membro (0.0463)
3572,ideia (0.0466),tipos (0.0492),cuiabá (0.0417),topo (0.0442),venceram (0.0463)
3573,freelancer (0.0466),tranco (0.0492),denotavam (0.0417),rios (0.0442),rendeu (0.0463)
3574,significados (0.0466),conscientização (0.0492),contido (0.0417),trabalhos (0.0441),covinhas (0.0463)
3575,círculo (0.0466),colocar (0.0491),liso (0.0417),conjunto (0.0441),observaram (0.0463)
3576,tijolos (0.0466),caldo (0.0491),estado (0.0416),apresentação (0.0441),carismático (0.0463)
3577,perspectivas (0.0466),intrínseca (0.0491),relaxada (0.0416),artesanalmente (0.0441),designers (0.0463)
3578,ensinamentos (0.0466),ideal (0.0491),estação (0.0416),rap (0.0441),acreditando (0.0463)
3579,especiais (0.0465),denotavam (0.0491),estranhos (0.0416),mundinho (0.0439),goianos (0.0463)
3580,sinceros (0.0464),crespos (0.0490),discriminação (0.0416),casas (0.0439),desarmar (0.0463)
3581,contraste (0.0464),rasgado (0.0489),amplas (0.0416),santos (0.0439),barreira (0.0463)
3582,preguiça (0.0464),emoções (0.0489),corria (0.0416),artistas (0.0439),poro (0.0463)
3583,sonora (0.0464),mover (0.0489),marés (0.0416),ponto (0.0439),amores (0.0463)
3584,imagino (0.0464),ponto (0.0489),tinem (0.0416),escondida (0.0439),belos (0.0463)
3585,ativista (0.0464),reflexões (0.0489),humanas (0.0416),relaxada (0.0439),dentre (0.0463)
3586,esquecer (0.0464),dificuldade (0.0489),testemunhando (0.0416),cuido (0.0439),cheirava (0.0463)
3587,constroem (0.0464),cuido (0.0489),filhas (0.0416),aprisionar (0.0439),crescente (0.0462)
3588,defende (0.0464),rachada (0.0488),destacando (0.0416),impregnava (0.0439),grupos (0.0462)
3589,exuberância (0.0464),amplos (0.0488),incompreensão (0.0416),ficou (0.0439),nível (0.0461)
3590,mastigar (0.0463),trazer (0.0488),prendendo (0.0416),gesticula (0.0439),esculpidos (0.0461)
3591,danada (0.0463),frescas (0.0488),colheu (0.0416),acostumadas (0.0439),escassez (0.0461)
3592,conviveu (0.0463),essenciais (0.0488),esquece (0.0416),escapava (0.0439),saúde (0.0461)
3593,esperto (0.0463),carro (0.0488),limitações (0.0416),caminhão (0.0439),satisfação (0.0461)
3594,salientes (0.0463),medalha (0.0488),superado (0.0416),usada (0.0439),adaptação (0.0461)
3595,desabrochando (0.0463),independentemente (0.0488),sentada (0.0416),funk (0.0439),brotar (0.0461)
3596,caruru (0.0463),moldado (0.0488),refúgios (0.0416),panela (0.0439),criou (0.0461)
3597,gel (0.0463),cortes (0.0488),diálogo (0.0416),abstratos (0.0439),brincadeira (0.0461)
3598,playlist (0.0463),excesso (0.0488),impregnava (0.0416),lu (0.0439),estranho (0.0461)
3599,regado (0.0463),suavizá (0.0488),traçadas (0.0416),paranaense (0.0439),humanos (0.0461)
3600,gramática (0.0463),gremista (0.0488),contemplação (0.0416),impetuoso (0.0439),acalmar (0.0461)
3601,descendentes (0.0463),grifes (0.0488),exclusivamente (0.0416),pilar (0.0439),problemas (0.0461)
3602,botões (0.0463),mergulhada (0.0488),delicada (0.0415),desce (0.0439),encaixam (0.0461)
3603,rasteirinha (0.0463),chopes (0.0488),nascença (0.0414),marés (0.0439),moreninha (0.0458)
3604,aceito (0.0463),porquê (0.0488),universo (0.0414),taipa (0.0439),mostrava (0.0458)
3605,brava (0.0463),nic (0.0488),dou (0.0414),rasgos (0.0439),cajueiro (0.0458)
3606,revele (0.0463),pastagens (0.0488),individuais (0.0413),discriminação (0.0439),praticando (0.0458)
3607,concentração (0.0463),saio (0.0488),maduro (0.0412),mudado (0.0439),selvagem (0.0458)
3608,raros (0.0463),palmeiras (0.0488),gasto (0.0412),bagunça (0.0439),carregasse (0.0458)
3609,concentra (0.0463),bonitos (0.0488),rala (0.0412),fruta (0.0439),generalizar (0.0458)
3610,batalhador (0.0463),descreva (0.0488),parcialmente (0.0412),perna (0.0439),ligo (0.0458)
3611,descendência (0.0463),permanecia (0.0488),mexer (0.0412),transparecem (0.0439),mandioca (0.0457)
3612,determinados (0.0463),cachorra (0.0488),refletida (0.0412),consequência (0.0439),escolhida (0.0456)
3613,alagoano (0.0463),informado (0.0488),refletido (0.0412),guardado (0.0439),defende (0.0456)
3614,descomplicada (0.0463),voto (0.0488),entendendo (0.0412),didáticos (0.0439),exuberância (0.0456)
3615,quentinha (0.0463),fator (0.0488),concentram (0.0412),orgânicas (0.0439),short (0.0456)
3616,zezé (0.0463),privilegiado (0.0488),herdamos (0.0412),personagem (0.0439),vilarejo (0.0456)
3617,caprichos (0.0463),cacá (0.0488),vivia (0.0412),gritar (0.0439),vincos (0.0456)
3618,delícias (0.0463),diploma (0.0488),portuguesas (0.0412),precise (0.0439),dialeto (0.0456)
3619,ôxe (0.0463),impera (0.0488),liga (0.0412),orgulhosamente (0.0439),cadernos (0.0456)
3620,estruturadas (0.0463),ligados (0.0488),acolher (0.0412),interesso (0.0439),populares (0.0456)
3621,técnico (0.0463),observadas (0.0488),esperançoso (0.0412),simboliza (0.0439),municipal (0.0455)
3622,mídia (0.0463),palmeirense (0.0488),pensamentos (0.0412),charmoso (0.0439),calçada (0.0455)
3623,versão (0.0463),resolva (0.0488),caminha (0.0412),chamada (0.0438),reafirmação (0.0455)
3624,participar (0.0463),economia (0.0488),reinventa (0.0412),instrumento (0.0438),luminoso (0.0455)
3625,verduras (0.0463),interiorzinho (0.0488),apagadas (0.0412),artesão (0.0438),concentra (0.0455)
3626,vindos (0.0463),lotada (0.0488),lavar (0.0412),animal (0.0438),raio (0.0455)
3627,alaranjados (0.0463),urbanização (0.0488),guimarães (0.0412),levou (0.0438),inusitado (0.0455)
3628,rs (0.0463),círculos (0.0488),blusas (0.0412),abriga (0.0438),áfrica (0.0455)
3629,matizes (0.0463),onda (0.0488),engajada (0.0411),junta (0.0437),interseção (0.0455)
3630,alice (0.0463),voluntários (0.0488),contrastavam (0.0411),claras (0.0437),58 (0.0455)
3631,estranheza (0.0462),ribeirinho (0.0488),sentimentos (0.0411),balançando (0.0437),beijou (0.0455)
3632,joãozinho (0.0462),esporádicos (0.0488),curvas (0.0411),repleto (0.0435),ametista (0.0455)
3633,integrante (0.0462),havaianas (0.0488),eterno (0.0411),rachava (0.0435),customizadas (0.0455)
3634,junina (0.0462),veloso (0.0488),viagens (0.0411),tornando (0.0435),gesticulando (0.0455)
3635,facial (0.0462),discos (0.0488),boa (0.0411),moqueca (0.0435),sudestino (0.0455)
3636,telas (0.0462),idoso (0.0488),determinada (0.0411),rente (0.0435),suculentas (0.0455)
3637,balançam (0.0462),arredondado (0.0488),acessórios (0.0410),sugeriam (0.0435),riquíssima (0.0455)
3638,coletivos (0.0462),bh (0.0488),importo (0.0408),liga (0.0435),secreto (0.0455)
3639,inverno (0.0461),tentado (0.0488),mangueiras (0.0408),caminhavam (0.0435),transição (0.0455)
3640,verdes (0.0460),cristal (0.0488),afirma (0.0408),apropriado (0.0435),polido (0.0455)
3641,cercada (0.0460),máximo (0.0488),fraco (0.0408),instante (0.0435),brotava (0.0455)
3642,cinza (0.0460),capa (0.0488),impôs (0.0408),areias (0.0435),afetuoso (0.0455)
3643,políticas (0.0460),torcendo (0.0488),ignorância (0.0408),matinal (0.0435),brando (0.0455)
3644,vitória (0.0460),receio (0.0488),religiosas (0.0408),desconstruído (0.0435),cooperativa (0.0455)
3645,calorosa (0.0460),excessiva (0.0488),retalhos (0.0408),frequentes (0.0435),medalhas (0.0455)
3646,relações (0.0460),apanhou (0.0488),meninos (0.0408),saborosos (0.0435),recusam (0.0455)
3647,concha (0.0460),espontâneas (0.0488),acompanhavam (0.0408),misturados (0.0435),apresentam (0.0455)
3648,ecoando (0.0460),tomate (0.0488),solares (0.0408),gostam (0.0435),alagoano (0.0455)
3649,rurais (0.0460),alexia (0.0488),resisto (0.0408),raios (0.0435),formado (0.0455)
3650,ruga (0.0460),recompensas (0.0488),manuais (0.0408),acolher (0.0435),reconecta (0.0455)
3651,cantava (0.0460),eventualmente (0.0488),pleno (0.0408),estabelecidos (0.0435),bandana (0.0455)
3652,ocasiões (0.0458),relacionada (0.0488),pairar (0.0408),abrasador (0.0435),respeite (0.0455)
3653,sinais (0.0458),culto (0.0488),florescendo (0.0408),exibir (0.0435),largar (0.0455)
3654,voo (0.0458),cortês (0.0488),camada (0.0408),joelho (0.0435),armado (0.0455)
3655,encaixei (0.0458),nude (0.0488),cravejada (0.0408),papas (0.0435),bacana (0.0455)
3656,espelho (0.0458),aquisitivo (0.0488),quedas (0.0408),cantiga (0.0435),incerteza (0.0455)
3657,parque (0.0458),degradê (0.0488),nota (0.0408),espero (0.0435),incidência (0.0455)
3658,agricultor (0.0458),atitudes (0.0488),enrugado (0.0407),pensamentos (0.0435),implacáveis (0.0455)
3659,jamais (0.0458),assídua (0.0488),quintal (0.0407),esvoaçante (0.0435),vibrava (0.0455)
3660,cacheado (0.0458),minimalismo (0.0488),oportunidades (0.0407),temperos (0.0435),verduras (0.0455)
3661,lisa (0.0458),reflexivas (0.0488),amarelados (0.0407),exibindo (0.0435),inconfundíveis (0.0455)
3662,canavial (0.0456),majoritariamente (0.0488),colore (0.0406),balançar (0.0435),inacabada (0.0455)
3663,teceram (0.0456),tradicionalista (0.0488),refletir (0.0406),afetividade (0.0435),irônico (0.0455)
3664,sorrindo (0.0456),gera (0.0488),horta (0.0406),ansiosa (0.0435),reservado (0.0454)
3665,goianas (0.0456),chic (0.0488),labuta (0.0406),traduz (0.0435),contos (0.0454)
3666,relaxar (0.0456),desbotam (0.0488),intensidade (0.0406),safra (0.0435),trabalharam (0.0454)
3667,nesta (0.0456),dou (0.0488),teimosos (0.0405),modismos (0.0435),sincero (0.0454)
3668,puxam (0.0456),acalma (0.0488),deixo (0.0405),portuguesas (0.0435),cá (0.0454)
3669,precisas (0.0456),plantio (0.0488),comunitária (0.0405),chinelo (0.0435),sorri (0.0454)
3670,olha (0.0456),moldar (0.0488),conhecida (0.0405),ganham (0.0435),crucifixo (0.0454)
3671,expostas (0.0456),ecoava (0.0486),reconhece (0.0405),incluem (0.0435),estranheza (0.0454)
3672,úmidos (0.0456),contando (0.0486),mantêm (0.0405),haviam (0.0435),contaram (0.0454)
3673,genuínas (0.0456),anya (0.0485),graças (0.0405),evitar (0.0435),maneiras (0.0454)
3674,retratando (0.0456),adornado (0.0485),esboçava (0.0405),contemporâneo (0.0434),questão (0.0454)
3675,vicente (0.0456),negros (0.0485),fundir (0.0405),focar (0.0434),casual (0.0453)
3676,biodiversidade (0.0456),estampadas (0.0485),arqueadas (0.0405),frutas (0.0434),preservação (0.0452)
3677,colcha (0.0456),humilde (0.0485),coluna (0.0405),alimentam (0.0434),políticas (0.0452)
3678,jumenta (0.0456),gama (0.0484),vestígios (0.0405),buscar (0.0433),curvados (0.0452)
3679,adaptado (0.0456),machado (0.0484),nasce (0.0405),estudante (0.0433),ajudam (0.0452)
3680,impressionante (0.0456),fardo (0.0484),evidencia (0.0405),ouço (0.0432),agradecer (0.0452)
3681,sentado (0.0456),funcionalidade (0.0484),tranço (0.0405),politicamente (0.0431),jumento (0.0452)
3682,forno (0.0456),aprendo (0.0484),baobá (0.0405),igualmente (0.0431),centenárias (0.0452)
3683,fotos (0.0456),esquina (0.0484),santa (0.0405),conheci (0.0431),moreno (0.0451)
3684,despretensiosas (0.0456),embaixo (0.0484),farpado (0.0405),iguais (0.0431),ásperas (0.0450)
3685,conecto (0.0456),respeitoso (0.0484),prédios (0.0405),academia (0.0431),chamava (0.0450)
3686,molha (0.0456),aventuras (0.0484),fincadas (0.0404),vizinhos (0.0431),cenário (0.0450)
3687,errar (0.0456),velado (0.0484),auto (0.0404),evocavam (0.0431),felicidade (0.0450)
3688,transcender (0.0456),político (0.0484),preta (0.0402),imperfeições (0.0431),rígidos (0.0450)
3689,fluentemente (0.0456),modão (0.0484),los (0.0402),madrugadas (0.0431),voo (0.0450)
3690,pensa (0.0456),costumava (0.0484),dona (0.0402),exposta (0.0431),tentando (0.0450)
3691,cordel (0.0456),incondicional (0.0484),diminuir (0.0401),laterais (0.0431),eduarda (0.0449)
3692,escutam (0.0456),perigosas (0.0484),imensamente (0.0401),processar (0.0431),cantou (0.0449)
3693,seguinte (0.0456),pronuncia (0.0484),expostos (0.0401),mula (0.0431),questionamentos (0.0449)
3694,incorporando (0.0456),sandália (0.0484),essenciais (0.0401),artesãos (0.0431),jericoacoara (0.0449)
3695,nervosa (0.0456),queimaduras (0.0484),andanças (0.0401),fortalecer (0.0431),maré (0.0449)
3696,suco (0.0456),reúne (0.0484),catarina (0.0401),dominação (0.0431),consiste (0.0449)
3697,recuso (0.0456),dores (0.0483),vejam (0.0401),carreguei (0.0431),prima (0.0449)
3698,cajueiros (0.0456),contrastes (0.0483),moldado (0.0401),pronunciava (0.0431),data (0.0449)
3699,prateados (0.0456),traz (0.0483),consciência (0.0401),acompanhando (0.0431),encaixe (0.0449)
3700,ornamentavam (0.0456),cultivando (0.0482),nessas (0.0401),afeição (0.0431),represente (0.0449)
3701,indicavam (0.0456),sobrancelhas (0.0482),silenciosos (0.0401),florescendo (0.0431),alegra (0.0449)
3702,superados (0.0456),paciente (0.0482),perfeito (0.0401),vergonha (0.0431),consegui (0.0449)
3703,apartamento (0.0456),promessa (0.0481),curiosos (0.0401),escondiam (0.0431),funcionam (0.0449)
3704,opiniões (0.0456),acompanhou (0.0481),moldura (0.0401),entendam (0.0431),imponência (0.0449)
3705,unida (0.0456),escolhido (0.0481),exatamente (0.0400),conseguir (0.0431),calçado (0.0449)
3706,pressão (0.0456),luzes (0.0481),pré (0.0400),iaro (0.0431),daquilo (0.0449)
3707,formava (0.0456),constelações (0.0481),mal (0.0400),acompanhavam (0.0431),multifacetado (0.0449)
3708,buscam (0.0456),preço (0.0481),pescador (0.0400),zabumba (0.0431),desabrocha (0.0449)
3709,informal (0.0456),vir (0.0481),encontradas (0.0400),ginga (0.0431),mini (0.0449)
3710,vastidão (0.0456),juntos (0.0481),sugere (0.0400),intensos (0.0431),centelha (0.0449)
3711,opressão (0.0455),colhido (0.0481),macia (0.0399),tucupi (0.0431),reconstruir (0.0449)
3712,chamem (0.0455),promover (0.0481),entremeada (0.0399),afirma (0.0431),tonhão (0.0449)
3713,portar (0.0454),peguei (0.0481),apelido (0.0399),quebra (0.0430),fincados (0.0449)
3714,fatores (0.0454),valorizam (0.0481),inerente (0.0399),devido (0.0430),opinião (0.0449)
3715,reciclados (0.0454),coroa (0.0481),presenteou (0.0399),tece (0.0429),iluminando (0.0449)
3716,bela (0.0454),humildade (0.0480),neste (0.0399),tecida (0.0428),fabricadas (0.0449)
3717,sujas (0.0454),ritmos (0.0480),duros (0.0399),específico (0.0428),afetivas (0.0449)
3718,batas (0.0454),descansa (0.0480),variando (0.0399),feliz (0.0428),entrelaçando (0.0449)
3719,salpicando (0.0454),necessária (0.0479),aproxima (0.0399),quebrar (0.0428),relaciono (0.0449)
3720,vidas (0.0454),bondade (0.0479),feições (0.0399),chorar (0.0428),brotavam (0.0449)
3721,pouca (0.0454),denotando (0.0479),indeléveis (0.0399),cinzas (0.0428),seguinte (0.0449)
3722,escuras (0.0454),ventos (0.0479),celebradas (0.0399),qualidades (0.0428),feminista (0.0449)
3723,pois (0.0454),impulsiona (0.0479),nelas (0.0399),maranhão (0.0428),opala (0.0449)
3724,corporal (0.0452),morena (0.0478),juba (0.0398),balança (0.0428),esperavam (0.0449)
3725,encontros (0.0452),recorrer (0.0478),criativa (0.0396),curvam (0.0428),secreta (0.0449)
3726,sobrinhos (0.0452),músicas (0.0478),temperamento (0.0396),leito (0.0428),retrata (0.0449)
3727,situação (0.0452),luiz (0.0478),perceber (0.0396),motor (0.0428),estuda (0.0449)
3728,evoca (0.0452),entendeu (0.0478),ribeirinha (0.0396),descontraído (0.0428),fones (0.0449)
3729,invisíveis (0.0452),representava (0.0478),infinito (0.0396),chamarem (0.0428),vicente (0.0449)
3730,opção (0.0451),óssea (0.0478),luzes (0.0396),evidencia (0.0428),comunicava (0.0449)
3731,expressivas (0.0451),revelar (0.0478),calmos (0.0396),sufoca (0.0428),explícita (0.0449)
3732,aguentar (0.0451),comunicativo (0.0478),incenso (0.0396),discussão (0.0428),impressionante (0.0449)
3733,vagas (0.0451),mantendo (0.0478),conciliar (0.0396),esquecida (0.0428),encontram (0.0449)
3734,saído (0.0451),infinitamente (0.0478),movimentar (0.0396),misturaram (0.0428),quebram (0.0449)
3735,preparam (0.0451),analítica (0.0476),promessa (0.0396),luana (0.0428),geográfica (0.0449)
3736,gíria (0.0451),tonalidades (0.0476),soa (0.0396),baobá (0.0428),respeitada (0.0449)
3737,interagir (0.0451),expediente (0.0476),musical (0.0395),tranco (0.0428),acredita (0.0448)
3738,aspirações (0.0451),encaixou (0.0476),chita (0.0395),encantados (0.0427),guiam (0.0448)
3739,invisibilizada (0.0451),sofisticados (0.0476),travessura (0.0394),contemporâneos (0.0426),acompanhado (0.0448)
3740,prendedor (0.0451),superficiais (0.0476),coado (0.0393),sabem (0.0425),participa (0.0448)
3741,paterna (0.0451),ufmg (0.0476),espelha (0.0393),entrelaçam (0.0425),séria (0.0448)
3742,encantador (0.0451),coleciona (0.0476),tremor (0.0393),merece (0.0424),sítio (0.0448)
3743,faziam (0.0451),enchiam (0.0476),encantos (0.0393),receber (0.0424),vivendo (0.0448)
3744,caótica (0.0451),conseguiria (0.0476),cortado (0.0393),vejam (0.0424),variações (0.0448)
3745,desalinhados (0.0451),gênio (0.0476),aspecto (0.0393),frescas (0.0424),lenta (0.0448)
3746,floridos (0.0451),jaquetas (0.0476),indica (0.0393),aromas (0.0424),informal (0.0448)
3747,notava (0.0451),sintam (0.0476),areia (0.0393),dormidas (0.0424),uniforme (0.0448)
3748,sofrido (0.0451),receptivo (0.0476),boné (0.0392),torrenciais (0.0424),soltinha (0.0446)
3749,convidava (0.0451),cochichos (0.0476),oversized (0.0392),cotidiana (0.0424),segredo (0.0446)
3750,movimenta (0.0451),adjetivos (0.0476),ir (0.0391),regras (0.0424),moro (0.0446)
3751,decepções (0.0451),socioeconômica (0.0476),amarrado (0.0391),trazer (0.0424),petróleo (0.0446)
3752,costura (0.0451),tido (0.0476),convívio (0.0391),equilibrada (0.0424),barulhenta (0.0446)
3753,adequado (0.0451),idealista (0.0476),balançavam (0.0391),silenciosos (0.0424),pronta (0.0446)
3754,apertada (0.0451),confundida (0.0476),aquece (0.0391),gato (0.0424),esculpidas (0.0445)
3755,sombreava (0.0451),socioeconômicos (0.0476),oportunidade (0.0391),amplos (0.0424),soava (0.0445)
3756,conservadoras (0.0451),navego (0.0476),assinatura (0.0391),essenciais (0.0424),sofre (0.0445)
3757,cantado (0.0451),paradoxo (0.0476),aveludada (0.0391),costumavam (0.0424),encontros (0.0445)
3758,caprichada (0.0451),simpática (0.0476),considera (0.0391),ônibus (0.0424),eventos (0.0445)
3759,sorridente (0.0451),caique (0.0476),embala (0.0391),medalha (0.0424),sugerindo (0.0445)
3760,iluminam (0.0451),gravata (0.0476),escutar (0.0391),parecer (0.0424),totalidade (0.0445)
3761,beijava (0.0451),absorve (0.0476),calos (0.0391),traduzir (0.0424),resignação (0.0445)
3762,artesãs (0.0451),acontece (0.0476),heranças (0.0391),prever (0.0424),bege (0.0444)
3763,superiores (0.0451),vizinho (0.0476),sabendo (0.0391),discutir (0.0424),permeado (0.0443)
3764,entonação (0.0451),importar (0.0476),denuncia (0.0391),saudável (0.0424),assentado (0.0443)
3765,podia (0.0451),empresária (0.0476),lascada (0.0390),jorge (0.0424),queimadura (0.0443)
3766,pintam (0.0451),gerou (0.0476),classificações (0.0390),maturidade (0.0424),afiada (0.0443)
3767,cálido (0.0451),universitária (0.0476),coleto (0.0390),expostos (0.0424),entrever (0.0443)
3768,repouso (0.0451),resultando (0.0476),decoram (0.0390),expectativa (0.0424),amorosa (0.0443)
3769,atmosfera (0.0451),boho (0.0476),clavículas (0.0390),humorado (0.0424),ocupadas (0.0443)
3770,borda (0.0451),bonecas (0.0476),ornados (0.0390),raspados (0.0424),frenética (0.0443)
3771,couve (0.0451),programar (0.0476),coletas (0.0390),perceptível (0.0424),diamantes (0.0443)
3772,grossense (0.0451),moldadas (0.0476),aratu (0.0390),trança (0.0424),uniformes (0.0443)
3773,labor (0.0451),estudado (0.0476),percebendo (0.0390),atividades (0.0423),borda (0.0443)
3774,surpresa (0.0451),excessivo (0.0476),ronco (0.0390),solar (0.0423),autoras (0.0443)
3775,costuro (0.0451),cítrico (0.0476),araucária (0.0390),existem (0.0423),variados (0.0443)
3776,torrentes (0.0451),siamês (0.0476),igapó (0.0390),perfeitos (0.0422),hostil (0.0443)
3777,optando (0.0451),comprar (0.0476),voltas (0.0390),lidando (0.0421),cantando (0.0443)
3778,neto (0.0450),libertadora (0.0476),ornamentadas (0.0390),pau (0.0421),compartilhado (0.0443)
3779,preferência (0.0450),burocracia (0.0476),apagá (0.0390),pairava (0.0421),sorridente (0.0443)
3780,colhe (0.0450),leituras (0.0476),clareira (0.0390),clareza (0.0421),intriga (0.0443)
3781,interesses (0.0450),categoria (0.0476),longevidade (0.0390),perdida (0.0421),oralidade (0.0443)
3782,próprios (0.0450),notebook (0.0476),arlindo (0.0390),corações (0.0421),herdadas (0.0443)
3783,áridas (0.0450),étnicos (0.0476),cerimônia (0.0390),aventuras (0.0421),explora (0.0443)
3784,mogno (0.0450),cercou (0.0476),sussurravam (0.0390),sagaz (0.0421),avental (0.0443)
3785,queda (0.0450),livrarias (0.0476),pras (0.0390),indeléveis (0.0421),comunicando (0.0443)
3786,bordar (0.0450),matutinas (0.0476),encaixavam (0.0390),estrelada (0.0421),desabrocham (0.0443)
3787,imagine (0.0450),pinho (0.0476),sustentando (0.0390),pronuncia (0.0421),composta (0.0443)
3788,negras (0.0450),comprado (0.0476),xavantes (0.0390),embaixo (0.0421),comunitário (0.0443)
3789,foco (0.0450),exerce (0.0476),permaneçam (0.0390),fardo (0.0421),repouso (0.0443)
3790,animais (0.0450),vinil (0.0476),curativas (0.0390),ilhéus (0.0421),contraditório (0.0443)
3791,avermelhada (0.0449),comparação (0.0476),permaneça (0.0390),abraços (0.0421),rodado (0.0443)
3792,trabalhados (0.0449),sarja (0.0476),encantamentos (0.0390),início (0.0421),dúvida (0.0443)
3793,impostas (0.0449),achei (0.0476),rupestre (0.0390),artística (0.0421),vagas (0.0443)
3794,cachoeira (0.0449),aprecie (0.0476),permanecemos (0.0390),respiração (0.0421),afetam (0.0443)
3795,bons (0.0447),caetano (0.0476),uníssono (0.0390),entremeada (0.0421),paterna (0.0443)
3796,adornada (0.0447),caiçara (0.0476),encontramos (0.0390),vielas (0.0421),resumem (0.0443)
3797,idioma (0.0445),terapia (0.0476),encostas (0.0390),gonzaga (0.0421),linguajar (0.0443)
3798,fartos (0.0445),incompleta (0.0476),ruídos (0.0390),saborosa (0.0421),fragilidade (0.0443)
3799,cortados (0.0445),cena (0.0476),sumir (0.0390),flui (0.0420),colhe (0.0443)
3800,acostuma (0.0445),dúvidas (0.0476),clamando (0.0390),compridos (0.0420),autores (0.0443)
3801,cacimba (0.0445),visões (0.0476),cicatrizadas (0.0390),trabalhar (0.0419),queda (0.0443)
3802,jeitinho (0.0445),chapéus (0.0476),incensário (0.0390),representação (0.0419),próprios (0.0443)
3803,luminosidade (0.0445),autodepreciativo (0.0476),roubar (0.0390),grupos (0.0419),conforme (0.0443)
3804,precioso (0.0445),ei (0.0476),apague (0.0390),domina (0.0418),ponderada (0.0443)
3805,signifique (0.0445),astronomia (0.0476),adaptados (0.0390),acompanhou (0.0418),permanece (0.0443)
3806,fã (0.0445),materiais (0.0476),agradecemos (0.0390),prendiam (0.0418),exuberantes (0.0443)
3807,formiga (0.0445),multifacetada (0.0475),lendário (0.0390),escolher (0.0418),respira (0.0443)
3808,caber (0.0445),afirmação (0.0475),potiguar (0.0390),calmos (0.0418),requer (0.0441)
3809,inseparável (0.0445),plantaram (0.0475),perdemos (0.0390),combina (0.0418),diversificada (0.0441)
3810,cabeludo (0.0445),apagar (0.0475),curandeiro (0.0390),mineiros (0.0418),sentia (0.0441)
3811,pinta (0.0445),aquece (0.0475),rudimentares (0.0390),forjado (0.0418),fins (0.0441)
3812,eletrônica (0.0445),pique (0.0475),veado (0.0390),promessa (0.0418),diferença (0.0441)
3813,traduzia (0.0445),tocam (0.0475),permitiam (0.0390),constelações (0.0418),superior (0.0441)
3814,manuseia (0.0445),reconfortante (0.0475),roçados (0.0390),juntos (0.0418),margens (0.0441)
3815,representar (0.0445),pensar (0.0475),curandeira (0.0390),vir (0.0418),cesta (0.0441)
3816,aguento (0.0445),amistoso (0.0475),garça (0.0390),tocava (0.0418),funcionais (0.0441)
3817,envolvem (0.0445),dualidade (0.0475),garras (0.0390),colhido (0.0418),aperto (0.0441)
3818,agrada (0.0445),oportunidade (0.0475),lamentos (0.0390),escolhido (0.0418),ativa (0.0439)
3819,amazônicos (0.0445),verdadeiro (0.0475),juruá (0.0390),joias (0.0418),estações (0.0438)
3820,filtro (0.0445),áspero (0.0475),distinção (0.0390),movimentar (0.0418),fresca (0.0438)
3821,acobreadas (0.0445),troco (0.0475),inseto (0.0390),culpa (0.0418),ensina (0.0438)
3822,raiar (0.0445),camadas (0.0475),parteiras (0.0390),preço (0.0418),enraizada (0.0438)
3823,truco (0.0445),significativo (0.0474),honrando (0.0390),galhos (0.0418),tocando (0.0438)
3824,defendem (0.0445),irradiavam (0.0474),paresi (0.0390),vestimenta (0.0416),sibilante (0.0438)
3825,improvisados (0.0445),rosados (0.0472),silvo (0.0390),interessante (0.0416),decididos (0.0438)
3826,gorda (0.0445),papéis (0.0472),seguirá (0.0390),musicais (0.0416),pontuando (0.0438)
3827,promovem (0.0445),arame (0.0472),encravada (0.0390),quebrando (0.0416),cobrir (0.0438)
3828,movendo (0.0445),ideais (0.0472),inseridas (0.0390),quebrada (0.0416),entenda (0.0438)
3829,terreiro (0.0445),macio (0.0472),ybyrá (0.0390),tremor (0.0416),rês (0.0438)
3830,grampo (0.0445),genérica (0.0472),dessana (0.0390),eloquente (0.0416),aguda (0.0438)
3831,catar (0.0445),testemunhou (0.0472),aplica (0.0390),fazendo (0.0416),representar (0.0438)
3832,vestígio (0.0445),perdas (0.0472),acreditariam (0.0390),sons (0.0416),limitada (0.0438)
3833,massa (0.0445),evocava (0.0472),vemos (0.0390),luiz (0.0416),nutrem (0.0438)
3834,descalça (0.0445),comunicar (0.0472),destroem (0.0390),grata (0.0416),rabos (0.0438)
3835,aparecendo (0.0445),inferior (0.0472),destruindo (0.0390),pulsante (0.0416),ângulos (0.0438)
3836,expressividade (0.0445),desenhar (0.0470),destrói (0.0390),mensagens (0.0416),moça (0.0438)
3837,perderam (0.0445),florida (0.0470),vales (0.0390),estranha (0.0416),rezar (0.0438)
3838,expansivo (0.0445),tingido (0.0470),guaçu (0.0390),sábia (0.0416),militante (0.0438)
3839,quadrado (0.0445),bordados (0.0470),hãe (0.0390),transparente (0.0416),gravados (0.0438)
3840,coletivo (0.0445),afiado (0.0470),guatá (0.0390),gravado (0.0416),acrescenta (0.0438)
3841,preparava (0.0445),dó (0.0470),valiosos (0.0390),princípios (0.0416),apresentou (0.0438)
3842,pretendo (0.0445),cercas (0.0470),considerada (0.0390),dita (0.0416),expressividade (0.0438)
3843,misturou (0.0445),enfrentando (0.0470),aculturação (0.0390),representava (0.0416),acelerado (0.0438)
3844,trancinhas (0.0445),fonte (0.0470),habitaram (0.0390),pontes (0.0416),dançam (0.0438)
3845,branquear (0.0445),desafiadora (0.0470),pinhão (0.0390),curvava (0.0416),cabeleira (0.0438)
3846,sustentabilidade (0.0445),meninas (0.0470),contempla (0.0390),mescla (0.0416),justamente (0.0438)
3847,tinge (0.0444),deram (0.0470),pinheiro (0.0390),desafiador (0.0416),fortaleceu (0.0438)
3848,narrativas (0.0444),pampa (0.0470),sermos (0.0390),aspecto (0.0416),fortalecem (0.0438)
3849,construí (0.0444),encarar (0.0470),interpretar (0.0390),revelar (0.0416),diziam (0.0438)
3850,absorver (0.0444),jogar (0.0470),inspirado (0.0390),músicas (0.0416),pescadores (0.0438)
3851,rios (0.0444),inflexões (0.0470),serranas (0.0390),síntese (0.0416),humildes (0.0438)
3852,coroa (0.0443),dormir (0.0470),retorcido (0.0390),empresa (0.0415),descalça (0.0438)
3853,crítico (0.0442),ocasional (0.0470),contaminação (0.0390),boné (0.0414),impregnado (0.0437)
3854,igreja (0.0441),ecoa (0.0469),retorcida (0.0390),ampla (0.0413),caipira (0.0437)
3855,caminhar (0.0441),poços (0.0468),servir (0.0390),querida (0.0413),passou (0.0437)
3856,teimou (0.0441),metal (0.0467),retomada (0.0390),aquece (0.0413),terracota (0.0437)
3857,relaxada (0.0441),repousa (0.0467),valorizados (0.0390),crua (0.0413),modo (0.0435)
3858,trilha (0.0441),apreciava (0.0467),harmonizavam (0.0390),atuais (0.0413),ascendência (0.0434)
3859,gesticulavam (0.0441),sai (0.0467),derrama (0.0390),inebriante (0.0413),perdido (0.0434)
3860,panelas (0.0441),cachoeiras (0.0467),seiva (0.0390),máquina (0.0413),rebeldia (0.0434)
3861,plástico (0.0441),equilibra (0.0467),yaraí (0.0390),enchem (0.0413),cansado (0.0434)
3862,percebia (0.0441),cansada (0.0467),parto (0.0390),inspirava (0.0413),expressava (0.0434)
3863,mágico (0.0441),adaptar (0.0467),invasores (0.0390),escutar (0.0413),notar (0.0434)
3864,lú (0.0441),repousava (0.0467),itamar (0.0390),crítica (0.0413),produção (0.0434)
3865,fresquinho (0.0441),caracteriza (0.0467),ivinhema (0.0390),material (0.0413),orgulhosamente (0.0434)
3866,prendendo (0.0441),gola (0.0467),distinguir (0.0390),sílaba (0.0413),refúgios (0.0434)
3867,exclusivamente (0.0441),inventando (0.0467),iaru (0.0390),dói (0.0413),orgânicas (0.0434)
3868,anda (0.0441),caxias (0.0467),iauaretê (0.0390),habilidades (0.0413),amplas (0.0434)
3869,otimismo (0.0441),código (0.0467),iauará (0.0390),maceió (0.0413),puxei (0.0434)
3870,humanas (0.0441),peço (0.0467),comprometida (0.0390),inicialmente (0.0413),bisneto (0.0434)
3871,agradeço (0.0441),grunge (0.0467),iaó (0.0390),pique (0.0413),limpos (0.0434)
3872,espalhados (0.0441),all (0.0467),juremir (0.0390),banhou (0.0413),orações (0.0434)
3873,segundo (0.0441),biblioteca (0.0467),iaô (0.0390),troco (0.0413),vencidas (0.0434)
3874,gratidão (0.0441),milagres (0.0467),desana (0.0390),transitar (0.0413),anda (0.0434)
3875,gesticula (0.0441),saí (0.0467),jânio (0.0390),lavou (0.0413),garoa (0.0434)
3876,estudando (0.0441),risca (0.0467),jão (0.0390),ademilson (0.0413),abertos (0.0434)
3877,vizinha (0.0441),laranjeira (0.0467),ibirama (0.0390),queridinhas (0.0413),ganha (0.0434)
3878,traçadas (0.0441),ramo (0.0467),ibirapitanga (0.0390),ensinam (0.0413),gratidão (0.0434)
3879,ateliê (0.0441),crônicas (0.0467),ibiá (0.0390),odds (0.0413),usados (0.0434)
3880,acompanharam (0.0441),lampião (0.0467),acolhendo (0.0390),afinco (0.0413),ixe (0.0434)
3881,trazendo (0.0441),atualizado (0.0467),gravam (0.0390),afagar (0.0413),traçadas (0.0434)
3882,refúgios (0.0441),ambiciosa (0.0467),amplia (0.0390),desestruturados (0.0413),guardado (0.0434)
3883,colhia (0.0441),refinada (0.0467),katu (0.0390),esgotada (0.0413),consideradas (0.0434)
3884,artesão (0.0440),cercar (0.0467),reparar (0.0390),insegura (0.0413),combinados (0.0434)
3885,olho (0.0440),paleta (0.0467),distingue (0.0390),espalhando (0.0413),manipulando (0.0434)
3886,preferindo (0.0440),manteiga (0.0467),defendemos (0.0390),choques (0.0413),cadeira (0.0434)
3887,confesso (0.0440),extroversão (0.0467),defumação (0.0390),mariquinha (0.0413),produto (0.0434)
3888,naquela (0.0438),boneca (0.0467),ritualística (0.0390),miguel (0.0413),todes (0.0434)
3889,mudanças (0.0438),leciono (0.0467),anciãs (0.0390),migração (0.0413),esquece (0.0434)
3890,brechó (0.0438),desafiadoras (0.0467),varrem (0.0390),ritualístico (0.0413),limitações (0.0434)
3891,claras (0.0438),desconhecido (0.0467),pendem (0.0390),craquela (0.0413),acolhia (0.0434)
3892,bisneta (0.0438),festivais (0.0467),aquilino (0.0390),fundiu (0.0413),impregnava (0.0434)
3893,finais (0.0437),começou (0.0467),iás (0.0390),fundiram (0.0413),encanto (0.0434)
3894,carregue (0.0437),reducionista (0.0467),jaguara (0.0390),fuga (0.0413),contados (0.0434)
3895,vestes (0.0437),arraigada (0.0467),devorada (0.0390),responderei (0.0413),vizinha (0.0434)
3896,quietas (0.0437),ensinado (0.0467),conferiu (0.0390),maleável (0.0413),danço (0.0434)
3897,ralinho (0.0437),indústria (0.0467),iaia (0.0390),sequela (0.0413),emoldurarem (0.0433)
3898,afetivos (0.0437),pensativo (0.0467),confeccionado (0.0390),pavimentado (0.0413),fica (0.0431)
3899,elástico (0.0437),aparar (0.0467),guardamos (0.0390),anotava (0.0413),mudanças (0.0431)
3900,crochê (0.0437),insisto (0.0467),reproduzem (0.0390),cafezinhos (0.0413),joelhos (0.0431)
3901,dada (0.0437),acentuado (0.0467),conecte (0.0390),aruá (0.0413),acham (0.0430)
3902,hábitos (0.0437),90 (0.0467),jivaro (0.0390),pintinha (0.0413),online (0.0430)
3903,recanto (0.0437),conversando (0.0467),sobrenatural (0.0390),sonhei (0.0413),vestes (0.0430)
3904,exibindo (0.0437),preparado (0.0467),sobrenome (0.0390),paraíso (0.0413),reinventar (0.0429)
3905,metais (0.0437),vívidas (0.0467),conduzindo (0.0390),subir (0.0413),instante (0.0429)
3906,cantiga (0.0437),duram (0.0467),sobreviva (0.0390),amarro (0.0413),joelho (0.0429)
3907,desconstruído (0.0437),grau (0.0467),ritos (0.0390),reinventando (0.0413),frequentes (0.0429)
3908,secos (0.0437),condição (0.0467),utilizo (0.0390),faísca (0.0413),traduz (0.0429)
3909,joelho (0.0437),faltando (0.0467),comunhão (0.0390),amando (0.0413),fronteiras (0.0429)
3910,raios (0.0437),nostálgica (0.0467),yby (0.0390),marquinha (0.0413),rente (0.0429)
3911,monte (0.0437),chiado (0.0467),acentuadas (0.0390),surpreendo (0.0413),superficial (0.0429)
3912,portuguesas (0.0437),alternativas (0.0467),esposo (0.0390),referirem (0.0413),ganham (0.0429)
3913,andamento (0.0437),questionadora (0.0467),vivemos (0.0390),cicatrizaram (0.0413),rezas (0.0429)
3914,preferida (0.0437),acolherá (0.0467),uaupés (0.0390),alcançou (0.0413),raios (0.0429)
3915,habilidosos (0.0437),fugir (0.0467),felina (0.0390),cansei (0.0413),amava (0.0429)
3916,rente (0.0437),chegado (0.0467),manualmente (0.0390),incomensurável (0.0413),tornando (0.0429)
3917,despojadas (0.0437),jornal (0.0467),pátio (0.0390),bonomia (0.0413),educada (0.0429)
3918,liga (0.0437),valioso (0.0467),preservam (0.0390),agrupavam (0.0413),caos (0.0429)
3919,arraigados (0.0437),observações (0.0467),túnica (0.0390),modéstia (0.0413),mexer (0.0429)
3920,geografia (0.0437),preza (0.0467),artefatos (0.0390),luanna (0.0413),reluzia (0.0429)
3921,instante (0.0437),empresas (0.0467),vindouras (0.0390),comportado (0.0413),dedicar (0.0429)
3922,proporciona (0.0437),descoloridas (0.0467),feltro (0.0390),compleição (0.0413),insaciável (0.0429)
3923,rude (0.0437),perdidas (0.0467),nasceres (0.0390),confortando (0.0413),lindamente (0.0429)
3924,gostam (0.0437),ufjf (0.0467),florestais (0.0390),celebrado (0.0413),apagadas (0.0429)
3925,escolho (0.0437),tentava (0.0467),boreal (0.0390),3c (0.0413),areias (0.0429)
3926,modismos (0.0437),frequenta (0.0467),tapuia (0.0390),baianos (0.0413),especificamente (0.0429)
3927,sentimental (0.0437),dispensa (0.0467),membros (0.0390),castigam (0.0413),banhara (0.0429)
3928,alimentam (0.0436),preocupa (0.0467),tórax (0.0390),elétrica (0.0413),cariocas (0.0429)
3929,durante (0.0436),acentuados (0.0467),exigida (0.0390),castigando (0.0413),entusiasmo (0.0429)
3930,desafia (0.0434),fascínio (0.0467),esculpira (0.0390),acelerada (0.0413),tendo (0.0429)
3931,buscar (0.0434),metrópole (0.0467),tapeba (0.0390),compreensivos (0.0413),certas (0.0429)
3932,balanço (0.0434),platinado (0.0467),viemos (0.0390),encostado (0.0413),assertiva (0.0429)
3933,carregados (0.0434),charmosa (0.0467),asas (0.0390),embaladas (0.0413),fogueiras (0.0429)
3934,plenamente (0.0433),visualmente (0.0467),escassos (0.0390),jussara (0.0413),primavera (0.0429)
3935,descansa (0.0433),menores (0.0467),existia (0.0390),resumo (0.0412),rodeado (0.0429)
3936,étnica (0.0433),demonstrado (0.0467),febre (0.0390),pessoais (0.0411),las (0.0429)
3937,permitir (0.0433),geométricas (0.0466),faltantes (0.0390),guardando (0.0411),crochê (0.0429)
3938,impregnada (0.0433),superação (0.0465),batata (0.0390),ricos (0.0411),despojadas (0.0429)
3939,composição (0.0433),erguida (0.0465),teme (0.0390),pretensões (0.0411),refletida (0.0429)
3940,afirma (0.0433),ambiental (0.0465),famosas (0.0390),oliva (0.0411),medalhão (0.0429)
3941,realizar (0.0433),bússola (0.0465),névoa (0.0390),indicava (0.0411),afetividade (0.0429)
3942,salpicam (0.0433),enxergar (0.0465),caroá (0.0390),insistia (0.0411),expressem (0.0429)
3943,raro (0.0433),estranho (0.0465),capta (0.0390),grudou (0.0411),famílias (0.0429)
3944,boto (0.0433),escassez (0.0465),abordada (0.0390),infernal (0.0411),flora (0.0428)
3945,acompanhada (0.0433),satisfação (0.0465),uirapuru (0.0390),rabiscado (0.0411),durante (0.0428)
3946,artesãos (0.0433),ninho (0.0465),fases (0.0390),top (0.0411),introspecção (0.0427)
3947,complementando (0.0433),silhueta (0.0465),mi (0.0390),mistérios (0.0411),identifico (0.0427)
3948,gostar (0.0433),gostosa (0.0465),manipulação (0.0390),embalava (0.0411),esmeralda (0.0427)
3949,troca (0.0433),adornos (0.0464),mantas (0.0390),entrelaçadas (0.0411),campos (0.0427)
3950,organização (0.0433),brota (0.0464),pregas (0.0390),humorada (0.0411),surradas (0.0427)
3951,insistiam (0.0433),resistir (0.0463),carregarem (0.0390),digno (0.0411),tarefas (0.0427)
3952,bota (0.0433),exibia (0.0463),tragédia (0.0390),diárias (0.0411),árido (0.0427)
3953,grão (0.0433),dedico (0.0462),reafirmando (0.0390),testemunhou (0.0411),tecer (0.0426)
3954,inclinação (0.0433),decidido (0.0462),tecelão (0.0390),herdeira (0.0411),doloroso (0.0426)
3955,cheira (0.0433),infinitas (0.0460),arão (0.0390),cidadezinha (0.0411),pleno (0.0426)
3956,espalhada (0.0433),animado (0.0460),tornozeleiras (0.0390),sério (0.0411),vício (0.0426)
3957,regionalismos (0.0433),mantinham (0.0460),oca (0.0390),delicioso (0.0411),pura (0.0426)
3958,pior (0.0433),carregou (0.0460),pupunha (0.0390),diversa (0.0411),lutava (0.0426)
3959,programador (0.0433),garganta (0.0460),figueira (0.0390),difícil (0.0411),decoradas (0.0426)
3960,cheiros (0.0433),short (0.0460),tiras (0.0390),tingidos (0.0411),quedas (0.0426)
3961,vergonha (0.0433),cercam (0.0460),espelhos (0.0390),irmãos (0.0409),brincalhão (0.0426)
3962,série (0.0433),exuberância (0.0460),ayelen (0.0390),traziam (0.0408),entendam (0.0426)
3963,guerreiras (0.0432),bronzeia (0.0460),têxtil (0.0390),fitas (0.0408),respeitam (0.0426)
3964,canta (0.0432),educar (0.0459),talismãs (0.0390),certos (0.0408),regionalismos (0.0426)
3965,cantar (0.0432),gel (0.0459),avança (0.0390),misturar (0.0408),processar (0.0426)
3966,representam (0.0431),começaram (0.0459),caipora (0.0390),descolados (0.0408),iguais (0.0426)
3967,mantendo (0.0431),garoto (0.0459),cacica (0.0390),ilustrações (0.0408),verdadeiramente (0.0426)
3968,aparado (0.0431),gargalhada (0.0459),tingimentos (0.0390),folgadas (0.0408),iaro (0.0426)
3969,imaginar (0.0431),percebem (0.0459),auxiliando (0.0390),comunidades (0.0408),cheiros (0.0426)
3970,injustiça (0.0430),luan (0.0459),pudessem (0.0390),conexões (0.0408),barra (0.0426)
3971,objetos (0.0430),históricas (0.0459),enfermidades (0.0390),autoaceitação (0.0408),ignorar (0.0426)
3972,kaique (0.0429),mocinha (0.0459),caingangue (0.0390),maracatu (0.0408),começo (0.0426)
3973,sabia (0.0429),fardos (0.0459),tal (0.0390),desafiadora (0.0408),valorização (0.0426)
3974,enfrentam (0.0429),brincavam (0.0459),caiam (0.0390),significativos (0.0408),poente (0.0426)
3975,potencialmente (0.0429),peitoral (0.0459),autoridade (0.0390),qualidade (0.0408),encanta (0.0426)
3976,litorânea (0.0429),apresentando (0.0459),filtrada (0.0390),enriquece (0.0408),ficava (0.0426)
3977,conscientização (0.0429),modelo (0.0459),filhote (0.0390),geográfica (0.0407),vergonha (0.0426)
3978,graças (0.0429),entregam (0.0459),ameaçados (0.0390),defesa (0.0407),derrete (0.0426)
3979,comunitária (0.0429),desenhadas (0.0459),vigiando (0.0390),queimava (0.0406),meninos (0.0426)
3980,coluna (0.0429),caprichos (0.0459),caçamos (0.0390),cachoeiras (0.0406),boto (0.0426)
3981,arregaçadas (0.0429),autonomia (0.0459),lutavam (0.0390),empatia (0.0406),acompanhando (0.0426)
3982,luana (0.0429),escapou (0.0459),tribos (0.0390),alongadas (0.0406),religiosas (0.0426)
3983,motor (0.0429),consigam (0.0459),testemunhavam (0.0390),primos (0.0406),alimentada (0.0426)
3984,robusta (0.0429),aposentada (0.0459),protegidos (0.0390),grafite (0.0406),camada (0.0426)
3985,nasce (0.0429),risco (0.0459),fixos (0.0390),garante (0.0406),estradas (0.0425)
3986,tarefa (0.0429),descendentes (0.0459),marinhas (0.0390),pano (0.0406),devido (0.0425)
3987,angústias (0.0429),guardasse (0.0459),calaremos (0.0390),ensinando (0.0406),arquiteta (0.0424)
3988,qualidades (0.0429),desconfiança (0.0459),abandonaremos (0.0390),liberta (0.0406),específico (0.0422)
3989,incomoda (0.0429),58 (0.0459),toka (0.0390),vasto (0.0406),cultivar (0.0422)
3990,compartilhando (0.0429),cremes (0.0459),nhamandu (0.0390),direta (0.0406),arqueadas (0.0422)
3991,fundir (0.0429),frustrações (0.0459),varia (0.0390),rara (0.0406),férteis (0.0422)
3992,religioso (0.0429),pensamento (0.0459),ficar (0.0390),mandíbula (0.0406),discussão (0.0422)
3993,sufoca (0.0429),grisalha (0.0459),espaços (0.0389),escapa (0.0406),cultivada (0.0422)
3994,mantêm (0.0429),der (0.0459),grudou (0.0389),lã (0.0406),compõem (0.0422)
3995,chamarem (0.0429),maldosos (0.0459),sério (0.0389),matriarca (0.0404),nasce (0.0422)
3996,interiorana (0.0429),ensolarados (0.0459),juca (0.0389),lex (0.0404),balança (0.0422)
3997,torno (0.0428),rígida (0.0459),generalização (0.0389),técnicas (0.0404),definido (0.0422)
3998,grito (0.0428),apoiar (0.0459),tempestades (0.0389),gostosa (0.0404),pores (0.0422)
3999,tinta (0.0427),paga (0.0459),relógio (0.0388),mix (0.0404),descontraída (0.0422)
4000,formação (0.0427),trabalhe (0.0459),opção (0.0388),luiza (0.0404),farto (0.0422)
4001,cordas (0.0426),descomplicado (0.0459),ama (0.0388),cargo (0.0404),compartilhando (0.0422)
4002,geral (0.0426),perfeição (0.0459),típicos (0.0387),criou (0.0404),conscientização (0.0422)
4003,consciência (0.0426),manha (0.0459),fonte (0.0386),resistindo (0.0404),fundir (0.0422)
4004,referência (0.0426),mudei (0.0459),definidas (0.0386),mapas (0.0404),descontraído (0.0422)
4005,silenciosos (0.0426),ambição (0.0459),fortemente (0.0386),cortava (0.0404),bater (0.0422)
4006,jorge (0.0426),sexualidade (0.0459),preferia (0.0386),frases (0.0404),cinzas (0.0422)
4007,personalidades (0.0426),famoso (0.0459),ajudou (0.0386),soja (0.0404),prédios (0.0422)
4008,estrela (0.0426),focada (0.0459),folgadas (0.0386),obra (0.0404),quebrar (0.0422)
4009,apurado (0.0426),impunham (0.0459),desafiadora (0.0386),prateada (0.0402),impressa (0.0422)
4010,adocicado (0.0426),descomplicada (0.0459),construo (0.0386),grisalhas (0.0402),casca (0.0421)
4011,terno (0.0426),favorito (0.0459),certos (0.0386),adiante (0.0402),escapam (0.0421)
4012,relacionados (0.0426),alimentação (0.0459),enfrento (0.0386),perspectivas (0.0402),tinta (0.0420)
4013,churrasquinho (0.0426),seguravam (0.0459),estrutura (0.0385),pendurado (0.0402),fluidas (0.0420)
4014,aventura (0.0426),chamou (0.0459),sensação (0.0385),significados (0.0402),desfiada (0.0420)
4015,lealdade (0.0426),explica (0.0459),grudando (0.0384),círculo (0.0402),época (0.0419)
4016,potente (0.0426),reuniões (0.0459),fadiga (0.0384),caixinha (0.0402),centenária (0.0419)
4017,lugarejo (0.0426),sugerem (0.0459),tapeçaria (0.0384),adora (0.0402),daquele (0.0419)
4018,receber (0.0426),abertas (0.0459),maiores (0.0384),enfrentei (0.0402),raspados (0.0419)
4019,andanças (0.0426),indicam (0.0459),ponta (0.0384),foco (0.0401),evento (0.0419)
4020,candomblé (0.0426),preferências (0.0459),acobreados (0.0384),negras (0.0401),lascado (0.0419)
4021,expostos (0.0426),solidariedade (0.0459),abraçar (0.0384),travessa (0.0400),encontrou (0.0419)
4022,trama (0.0425),terrosas (0.0459),brincadeira (0.0382),médio (0.0400),terno (0.0419)
4023,adversidade (0.0424),celebrar (0.0458),timidez (0.0382),trabalhada (0.0400),moldado (0.0419)
4024,trabalhadas (0.0423),musculatura (0.0458),viro (0.0382),costurar (0.0400),silenciosos (0.0419)
4025,aparados (0.0423),cá (0.0458),escassez (0.0382),ombro (0.0400),conquistada (0.0419)
4026,pecuária (0.0423),moldes (0.0458),específicas (0.0382),colhidas (0.0400),testemunham (0.0419)
4027,vó (0.0423),toca (0.0458),ultimamente (0.0382),comecei (0.0400),trabalhosa (0.0419)
4028,político (0.0423),afirmar (0.0458),perspicácia (0.0382),infinitas (0.0400),apreciar (0.0419)
4029,manaus (0.0423),cadenciado (0.0456),luxo (0.0382),paixões (0.0400),independentemente (0.0419)
4030,nelas (0.0423),nuvens (0.0456),amigos (0.0382),velocidade (0.0400),pensativa (0.0419)
4031,calçados (0.0423),vitória (0.0456),47 (0.0381),naquelas (0.0400),frescas (0.0419)
4032,tímida (0.0423),povoado (0.0456),generalizar (0.0380),entranhas (0.0400),acentuando (0.0419)
4033,more (0.0423),pintando (0.0455),carregasse (0.0380),acompanhados (0.0400),ruguinhas (0.0419)
4034,trabalhou (0.0423),belém (0.0455),ideia (0.0380),fragilidades (0.0400),perfeito (0.0419)
4035,neste (0.0423),oficina (0.0454),fazia (0.0380),reluzente (0.0400),relacionados (0.0419)
4036,variando (0.0423),ásperas (0.0454),caju (0.0380),relato (0.0400),procurando (0.0419)
4037,barreiras (0.0423),bicho (0.0454),lgbtqiap (0.0379),incomodam (0.0400),sobrevive (0.0419)
4038,aprendo (0.0423),cabo (0.0454),infinitas (0.0379),dialogam (0.0400),medalha (0.0419)
4039,colhem (0.0423),roxo (0.0454),envolvida (0.0379),consome (0.0400),essenciais (0.0419)
4040,firmemente (0.0423),deslizavam (0.0454),short (0.0379),acariciam (0.0400),saem (0.0419)
4041,embaixo (0.0423),homenagem (0.0454),jardim (0.0379),limito (0.0400),adocicado (0.0419)
4042,esquina (0.0423),desafiam (0.0454),engolido (0.0378),fervendo (0.0400),chega (0.0417)
4043,libertação (0.0423),grudenta (0.0453),ataque (0.0378),sincretismo (0.0400),árdua (0.0417)
4044,lata (0.0423),usadas (0.0453),expansão (0.0378),calosidade (0.0400),solar (0.0417)
4045,licença (0.0423),pensa (0.0453),desalinhado (0.0378),tique (0.0400),perfil (0.0416)
4046,confere (0.0423),cansativo (0.0453),aquecido (0.0378),dever (0.0400),basta (0.0416)
4047,inerente (0.0423),relaciono (0.0453),continuarei (0.0378),abraçá (0.0400),roças (0.0416)
4048,debates (0.0423),nordestinidade (0.0453),ilegal (0.0378),manoel (0.0400),sagaz (0.0416)
4049,fumegante (0.0423),quinze (0.0453),nobreza (0.0378),índia (0.0400),sandália (0.0416)
4050,conquistei (0.0423),grãos (0.0453),recontadas (0.0378),andróginos (0.0400),participo (0.0416)
4051,destino (0.0423),contador (0.0453),espalhado (0.0378),abandonada (0.0400),entremeada (0.0416)
4052,crescimento (0.0423),lentidão (0.0453),devemos (0.0378),herda (0.0400),papel (0.0416)
4053,queimaduras (0.0423),casamentos (0.0453),perpetua (0.0378),caladas (0.0400),artística (0.0416)
4054,sinfonia (0.0423),funcionam (0.0453),transitória (0.0378),alternavam (0.0400),embaixo (0.0416)
4055,encontrados (0.0423),absolutamente (0.0453),jaciara (0.0378),exclusão (0.0400),crescimento (0.0416)
4056,abraços (0.0423),pescaria (0.0453),conformidade (0.0378),instalava (0.0400),frescura (0.0416)
4057,fase (0.0423),frango (0.0453),chocalho (0.0378),bandeiras (0.0400),ajudaram (0.0416)
4058,funcionalidade (0.0423),nervosa (0.0453),exibiam (0.0378),liberava (0.0400),adornar (0.0416)
4059,pardo (0.0422),tradicionalmente (0.0453),garimpeiros (0.0378),taciturna (0.0400),queimaduras (0.0416)
4060,concreto (0.0421),eduarda (0.0453),franjas (0.0378),contagiosos (0.0400),perigosas (0.0416)
4061,estrutural (0.0420),ocupação (0.0453),jequitibá (0.0378),saíam (0.0400),gonzaga (0.0416)
4062,colhido (0.0420),quieta (0.0453),afastar (0.0378),taque (0.0400),inspiradora (0.0416)
4063,celebrando (0.0420),pede (0.0453),garantindo (0.0378),cumprido (0.0400),aproxima (0.0416)
4064,explicações (0.0420),intensifica (0.0453),chegarem (0.0378),forçado (0.0400),europeu (0.0416)
4065,ficando (0.0420),esforços (0.0453),lê (0.0378),incandescente (0.0400),conquistei (0.0416)
4066,escuta (0.0420),usem (0.0453),jatobá (0.0378),grelhado (0.0400),beirava (0.0416)
4067,luzes (0.0420),compreensiva (0.0453),abraçado (0.0378),bebida (0.0400),silenciar (0.0416)
4068,direitinho (0.0420),familiarizada (0.0453),situa (0.0378),morenas (0.0400),finalmente (0.0416)
4069,conter (0.0420),destaque (0.0453),nodosos (0.0378),terna (0.0400),lidando (0.0416)
4070,diferenças (0.0420),observo (0.0453),sussurrando (0.0378),acorda (0.0400),perdida (0.0416)
4071,juntos (0.0420),genuínos (0.0453),aprenderam (0.0378),amassado (0.0400),respiração (0.0416)
4072,joias (0.0420),suco (0.0453),devora (0.0378),erros (0.0400),colhem (0.0416)
4073,gostos (0.0420),histórico (0.0453),cajado (0.0378),ignoro (0.0400),indeléveis (0.0416)
4074,culpa (0.0420),poesias (0.0453),descansam (0.0378),rolando (0.0400),alecrim (0.0416)
4075,transformam (0.0420),ruins (0.0453),sobrepostas (0.0378),deslizes (0.0400),bandas (0.0415)
4076,usá (0.0420),sentem (0.0453),extrai (0.0378),hesita (0.0400),plantas (0.0415)
4077,soa (0.0420),jericoacoara (0.0453),sexismo (0.0378),conquistou (0.0400),inclemente (0.0414)
4078,consertando (0.0420),poeirentas (0.0453),ressaltando (0.0378),encardidas (0.0400),urbano (0.0414)
4079,contemplativo (0.0420),diga (0.0453),conquistam (0.0378),charuto (0.0400),soa (0.0413)
4080,preparo (0.0420),fervor (0.0453),provenientes (0.0378),ditado (0.0400),leais (0.0413)
4081,capixaba (0.0420),implica (0.0453),encarna (0.0378),ardor (0.0400),palpável (0.0413)
4082,afetiva (0.0420),relaxar (0.0453),extensões (0.0378),cabia (0.0400),infinito (0.0413)
4083,reunida (0.0420),indicavam (0.0453),impiedoso (0.0378),rapidamente (0.0400),escuta (0.0413)
4084,carregaram (0.0420),coral (0.0453),enfeitada (0.0378),diários (0.0400),vindo (0.0413)
4085,acompanhou (0.0420),respeitada (0.0453),ressignifica (0.0378),nutrida (0.0400),luxos (0.0413)
4086,ensino (0.0420),bordada (0.0452),tintas (0.0378),vier (0.0400),forjado (0.0413)
4087,sobreviveram (0.0419),cobria (0.0452),conseguimos (0.0378),dorzinha (0.0400),graciosos (0.0413)
4088,henna (0.0417),autoexpressão (0.0452),andiroba (0.0378),chapadão (0.0400),recursos (0.0413)
4089,vivido (0.0417),sincera (0.0452),ressignificando (0.0378),sabão (0.0400),transformam (0.0413)
4090,dita (0.0417),preenche (0.0452),deslizando (0.0378),desconcertante (0.0400),objeto (0.0413)
4091,acidentes (0.0417),formava (0.0452),aproximam (0.0378),desdobra (0.0400),vozes (0.0413)
4092,rasgadas (0.0417),unida (0.0452),fronteira (0.0378),escrito (0.0400),vir (0.0413)
4093,desafiador (0.0417),receita (0.0452),celebramos (0.0378),chapadões (0.0400),usá (0.0413)
4094,representava (0.0417),realçando (0.0452),matéria (0.0378),afasto (0.0400),dedica (0.0413)
4095,cotovelos (0.0417),deve (0.0452),impressionantes (0.0378),pragas (0.0400),espesso (0.0413)
4096,lágrimas (0.0417),luna (0.0451),frestas (0.0378),ondulações (0.0400),cura (0.0411)
4097,oestinas (0.0417),calejada (0.0450),açafrão (0.0378),doses (0.0400),mau (0.0410)
4098,musicais (0.0417),pronto (0.0450),ofícios (0.0378),ressignificar (0.0400),fusão (0.0410)
4099,mensagens (0.0417),fictícia (0.0450),respeitava (0.0378),ria (0.0400),rolo (0.0410)
4100,envergonho (0.0417),respiro (0.0450),negativas (0.0378),posses (0.0400),óssea (0.0410)
4101,fáceis (0.0417),esculpidas (0.0449),tocado (0.0378),inquietação (0.0400),músicas (0.0410)
4102,trabalhava (0.0417),sabores (0.0449),sábias (0.0378),ressequida (0.0400),neles (0.0410)
4103,comentários (0.0417),amazonas (0.0449),lutem (0.0378),joga (0.0400),diferenciar (0.0410)
4104,olhado (0.0417),defina (0.0449),oferendas (0.0378),boba (0.0400),castigava (0.0410)
4105,adequadas (0.0417),cria (0.0449),extraordinárias (0.0378),chamas (0.0400),respeitadas (0.0410)
4106,passei (0.0417),dente (0.0447),tingi (0.0378),contos (0.0398),adequadas (0.0410)
4107,revelar (0.0417),deixe (0.0447),acalentam (0.0378),passando (0.0398),aspecto (0.0410)
4108,mau (0.0417),multidão (0.0447),severa (0.0378),telas (0.0398),envergonho (0.0410)
4109,quilômetros (0.0417),caprichada (0.0447),decifrando (0.0378),questão (0.0398),revelar (0.0410)
4110,valorizando (0.0417),desconexão (0.0447),conduz (0.0378),cá (0.0398),olhado (0.0410)
4111,ocupar (0.0417),injusta (0.0447),remendadas (0.0378),artesanatos (0.0398),esperam (0.0410)
4112,apagada (0.0417),caótica (0.0447),cozida (0.0378),políticas (0.0397),eloquente (0.0410)
4113,gravado (0.0417),escolas (0.0447),pertença (0.0378),cantava (0.0397),apagada (0.0410)
4114,latente (0.0417),diminui (0.0447),legaram (0.0378),centenárias (0.0397),oestinas (0.0410)
4115,sussurro (0.0416),costura (0.0447),coberta (0.0378),ecoando (0.0397),estranha (0.0410)
4116,folhas (0.0416),pensam (0.0447),combate (0.0378),rodada (0.0397),gravado (0.0410)
4117,empresa (0.0416),infelizmente (0.0447),admirada (0.0378),diverso (0.0395),curvava (0.0410)
4118,tonho (0.0416),transparecer (0.0447),recebeu (0.0378),bicho (0.0395),ensinamentos (0.0410)
4119,aquece (0.0415),ocupadas (0.0447),preparando (0.0378),roxo (0.0395),sussurro (0.0410)
4120,movem (0.0415),pesam (0.0447),musculosas (0.0378),chamava (0.0395),contato (0.0409)
4121,dava (0.0415),trata (0.0447),campanha (0.0378),escondem (0.0395),ampla (0.0408)
4122,tocam (0.0415),avental (0.0447),entendido (0.0378),precederam (0.0395),considera (0.0408)
4123,sofisticação (0.0415),lira (0.0447),flutuando (0.0378),alcançar (0.0395),crítica (0.0408)
4124,inicialmente (0.0415),ambiguidade (0.0447),viam (0.0378),chá (0.0393),alegres (0.0408)
4125,prende (0.0415),lados (0.0447),influenciariam (0.0378),tecem (0.0393),crua (0.0408)
4126,material (0.0415),cumprem (0.0447),hostilidade (0.0378),informal (0.0393),pontuava (0.0408)
4127,turbantes (0.0415),elisa (0.0447),repousam (0.0378),uniforme (0.0393),marcam (0.0408)
4128,introspectivo (0.0415),coloquiais (0.0447),sonharam (0.0378),conservadora (0.0393),acha (0.0408)
4129,sucesso (0.0415),chegando (0.0447),graciosa (0.0378),aprendido (0.0393),esperando (0.0408)
4130,assinatura (0.0415),convidava (0.0447),criavam (0.0378),machismo (0.0393),misturo (0.0408)
4131,sabendo (0.0415),perdi (0.0447),tramas (0.0378),densos (0.0392),adereços (0.0408)
4132,altos (0.0415),permito (0.0447),ornamento (0.0378),salpicando (0.0392),lazer (0.0408)
4133,calos (0.0415),integrar (0.0447),indispensável (0.0378),resume (0.0392),reconfortante (0.0408)
4134,opções (0.0415),divertido (0.0447),genérico (0.0378),inseguranças (0.0392),extrovertido (0.0408)
4135,enchem (0.0415),grilos (0.0447),nutrir (0.0378),moro (0.0392),regra (0.0408)
4136,contou (0.0415),dito (0.0447),souberam (0.0378),desbotados (0.0392),tocam (0.0408)
4137,troco (0.0415),brigadeiro (0.0447),virou (0.0378),bela (0.0392),enchem (0.0408)
4138,embala (0.0415),vizinhança (0.0447),osso (0.0378),gratificante (0.0390),contou (0.0408)
4139,atenuada (0.0414),interrompida (0.0447),transformavam (0.0378),intensificar (0.0390),habilidades (0.0408)
4140,confortar (0.0414),ong (0.0447),mães (0.0378),enxadas (0.0390),mostrassem (0.0407)
4141,missô (0.0414),aguentar (0.0447),recantos (0.0378),sulcado (0.0390),mostrasse (0.0407)
4142,pós (0.0414),atentos (0.0447),anuncia (0.0378),beirara (0.0390),minúsculos (0.0407)
4143,acabo (0.0414),rocha (0.0447),criados (0.0378),apresentável (0.0390),periféricos (0.0407)
4144,biquini (0.0414),aguenta (0.0447),minúsculo (0.0378),periféricas (0.0390),moquecas (0.0407)
4145,cresciam (0.0414),cinco (0.0447),craquelava (0.0378),imensas (0.0390),perpetuação (0.0407)
4146,infortúnio (0.0414),contagiantes (0.0447),mitológica (0.0378),vocabular (0.0390),ontem (0.0407)
4147,universos (0.0414),desenvolvimento (0.0447),complementada (0.0378),reflita (0.0390),mova (0.0407)
4148,sobretudo (0.0414),prendedor (0.0447),inigualáveis (0.0378),intuição (0.0390),amante (0.0407)
4149,procuram (0.0414),enfatizar (0.0447),craquelado (0.0378),sujos (0.0390),operário (0.0407)
4150,conservação (0.0414),encontrado (0.0447),chorando (0.0378),libertar (0.0390),olodum (0.0407)
4151,prosperidade (0.0414),ligadas (0.0447),rompe (0.0378),esboçar (0.0390),zoraide (0.0407)
4152,compras (0.0414),demorei (0.0447),identificando (0.0378),coloriam (0.0390),achava (0.0407)
4153,controlado (0.0414),explosão (0.0447),aprendemos (0.0378),iarê (0.0390),ocupo (0.0407)
4154,ótima (0.0414),reluz (0.0447),anoitecer (0.0378),cútis (0.0390),acordava (0.0407)
4155,abençoe (0.0414),observadores (0.0447),visitou (0.0378),percorrer (0.0390),nylon (0.0407)
4156,convém (0.0414),sombreava (0.0447),carreguem (0.0378),questiono (0.0390),acrescentando (0.0407)
4157,concentravam (0.0414),experimentar (0.0447),grosseira (0.0378),fininhas (0.0390),admirados (0.0407)
4158,prometem (0.0414),neto (0.0447),levasse (0.0378),contrapõe (0.0390),aprisionem (0.0407)
4159,ima (0.0414),permanece (0.0447),decorados (0.0378),direções (0.0390),nortistas (0.0407)
4160,imigrou (0.0414),farta (0.0447),trançá (0.0378),paraty (0.0390),afastado (0.0407)
4161,ufmt (0.0414),fragilidade (0.0447),sucumbir (0.0378),rendem (0.0390),manifestação (0.0407)
4162,picardia (0.0414),imagine (0.0446),estrangeiro (0.0378),machucados (0.0390),pedreira (0.0407)
4163,impacto (0.0414),pende (0.0445),poluído (0.0378),sobriedade (0.0390),zê (0.0407)
4164,hummm (0.0414),ambos (0.0445),recomeço (0.0378),verso (0.0390),alisamentos (0.0407)
4165,avôs (0.0414),avermelhada (0.0445),diminuindo (0.0378),ensinadas (0.0390),alisar (0.0407)
4166,bagagem (0.0414),continuo (0.0445),nascerem (0.0378),marco (0.0390),acalanto (0.0407)
4167,indelicadas (0.0414),superior (0.0445),identifique (0.0378),dignifica (0.0390),rítmica (0.0407)
4168,cozinhando (0.0414),fizeram (0.0445),tatuadas (0.0378),sucessivas (0.0390),comunicadora (0.0407)
4169,bagunçados (0.0414),lábio (0.0445),utilizam (0.0378),influenciam (0.0390),desabrochavam (0.0407)
4170,trazido (0.0414),materna (0.0444),piedade (0.0378),irregulares (0.0390),quadra (0.0407)
4171,imaginavam (0.0414),gêneros (0.0444),derramado (0.0378),lindas (0.0390),transbordo (0.0407)
4172,imigraram (0.0414),identificar (0.0444),modernidades (0.0378),entenderiam (0.0390),desaprendendo (0.0407)
4173,seguida (0.0414),agricultores (0.0444),aderia (0.0378),veja (0.0390),resumidas (0.0407)
4174,cruéis (0.0414),kai (0.0442),machuca (0.0378),moreninho (0.0390),kika (0.0407)
4175,agarro (0.0414),presa (0.0442),diminuía (0.0378),exaustivo (0.0390),buscava (0.0407)
4176,amadeu (0.0414),ensina (0.0442),ondas (0.0378),poeirenta (0.0390),hop (0.0407)
4177,novela (0.0414),acumuladas (0.0442),queimado (0.0378),domésticas (0.0390),kênia (0.0407)
4178,alceu (0.0414),bagunçado (0.0442),60 (0.0377),preocupada (0.0390),clarão (0.0407)
4179,emitia (0.0414),transmitiam (0.0442),bruta (0.0377),poeirentos (0.0390),salitre (0.0407)
4180,rima (0.0414),desfaz (0.0442),protetor (0.0377),confiar (0.0390),disponíveis (0.0407)
4181,relembrando (0.0414),revolução (0.0442),nodosas (0.0377),enchendo (0.0390),ladeiras (0.0407)
4182,ocultava (0.0414),pareceu (0.0442),logo (0.0377),estético (0.0390),transparecendo (0.0407)
4183,remexia (0.0414),pros (0.0442),toca (0.0377),traga (0.0390),cida (0.0407)
4184,agronômica (0.0414),olhinhos (0.0442),crucifixo (0.0377),emoldurando (0.0390),claudicação (0.0407)
4185,oito (0.0414),acelerado (0.0442),sofrida (0.0377),deslavada (0.0390),hip (0.0407)
4186,okinawa (0.0414),psicodélica (0.0442),perpetuar (0.0377),quantidade (0.0390),escorrido (0.0407)
4187,engatinhando (0.0414),luminosidade (0.0442),escudo (0.0377),inegociável (0.0390),precedeu (0.0407)
4188,evolui (0.0414),baseadas (0.0442),aspectos (0.0375),apagado (0.0390),come (0.0407)
4189,esticam (0.0414),amarelado (0.0442),humano (0.0375),bronzear (0.0390),sóbrios (0.0407)
4190,quartzo (0.0414),pilares (0.0442),únicos (0.0375),desgrenhado (0.0390),praqueles (0.0407)
4191,estará (0.0414),transformava (0.0442),seguraram (0.0375),desafiava (0.0390),gospel (0.0407)
4192,restrições (0.0414),consertava (0.0442),sede (0.0375),xícaras (0.0390),pretão (0.0407)
4193,papão (0.0414),exterior (0.0442),neutro (0.0375),mestiços (0.0390),levem (0.0407)
4194,resenha (0.0414),transbordar (0.0442),cercada (0.0375),habituadas (0.0390),binárie (0.0407)
4195,panturrilha (0.0414),manipulavam (0.0442),parar (0.0375),realizados (0.0390),rapidez (0.0407)
4196,admirando (0.0414),esforçado (0.0442),vitória (0.0375),burburinho (0.0390),teclas (0.0407)
4197,esquenta (0.0414),bondoso (0.0442),fundos (0.0375),bebendo (0.0390),igrejas (0.0407)
4198,ademir (0.0414),descrita (0.0442),arrebitado (0.0374),perfumado (0.0390),confluência (0.0407)
4199,adaptável (0.0414),pontuando (0.0442),difíceis (0.0374),pendurada (0.0390),emocional (0.0407)
4200,escreve (0.0414),deveria (0.0442),negra (0.0374),oferecem (0.0390),deveriam (0.0407)
4201,xispa (0.0414),quadrado (0.0442),carne (0.0374),sertanejas (0.0390),capacitismo (0.0407)
4202,xuxa (0.0414),estéticas (0.0442),deslizavam (0.0374),afeta (0.0390),capão (0.0407)
4203,yakissoba (0.0414),retraído (0.0442),agricultor (0.0374),faces (0.0390),encaixotam (0.0407)
4204,amanhece (0.0414),entregava (0.0442),chamava (0.0374),genes (0.0390),caracóis (0.0407)
4205,redescobrindo (0.0414),choque (0.0442),buscam (0.0372),cafeteira (0.0390),enfrentava (0.0407)
4206,amazônida (0.0414),misturavam (0.0442),toma (0.0372),patchouli (0.0390),carregariam (0.0407)
4207,nervosismo (0.0414),signifique (0.0442),quietinha (0.0372),miúdas (0.0390),desmantelado (0.0407)
4208,hein (0.0414),tentavam (0.0442),chá (0.0372),ruguinha (0.0390),projetam (0.0407)
4209,cuiabana (0.0414),mesclado (0.0442),iemanjá (0.0372),agradável (0.0390),empodera (0.0407)
4210,uva (0.0414),aguento (0.0442),medos (0.0372),permeadas (0.0390),designs (0.0407)
4211,armazém (0.0414),amálgama (0.0442),bonita (0.0372),portava (0.0390),impressionam (0.0407)
4212,guioza (0.0414),imigração (0.0442),acolheu (0.0372),sólido (0.0390),provar (0.0407)
4213,armaduras (0.0414),costume (0.0442),feiras (0.0372),retratar (0.0390),igualar (0.0407)
4214,arigato (0.0414),alcançam (0.0442),pronta (0.0371),cadenciadas (0.0390),entardeceres (0.0407)
4215,ariel (0.0414),jeitinho (0.0442),portar (0.0371),contagiava (0.0390),camila (0.0407)
4216,valença (0.0414),compreendido (0.0442),manchas (0.0371),brigas (0.0390),irrepetível (0.0407)
4217,servindo (0.0414),ensolarado (0.0442),barulhenta (0.0371),expresse (0.0390),próspero (0.0407)
4218,sergipe (0.0414),cresce (0.0442),lutam (0.0371),criançada (0.0390),traduzida (0.0407)
4219,ralar (0.0414),falavam (0.0442),pegada (0.0369),pausa (0.0390),jandi (0.0407)
4220,galinha (0.0414),desigualdade (0.0442),colhi (0.0369),explícitos (0.0390),pude (0.0407)
4221,surfe (0.0414),fio (0.0441),vende (0.0369),vastos (0.0390),trai (0.0407)
4222,apaixonados (0.0414),transborda (0.0441),beirara (0.0369),recuar (0.0390),embalaram (0.0407)
4223,futuros (0.0414),defensora (0.0440),quebradas (0.0369),bordando (0.0390),temática (0.0407)
4224,descobrirem (0.0414),impregnado (0.0440),pescarias (0.0369),confortavelmente (0.0390),descartados (0.0407)
4225,mínimos (0.0414),narrativas (0.0440),individualidades (0.0369),fabricados (0.0390),iluminado (0.0407)
4226,músculo (0.0414),deliciosa (0.0439),equilibram (0.0369),hobbies (0.0390),gasta (0.0407)
4227,antero (0.0414),entonações (0.0438),ultrapassa (0.0369),racial (0.0390),encantavam (0.0407)
4228,realçam (0.0414),expressava (0.0438),sopram (0.0369),sugerindo (0.0390),silenciou (0.0407)
4229,descombinados (0.0414),ensinar (0.0438),tintura (0.0369),brilhante (0.0390),banca (0.0407)
4230,frito (0.0414),limita (0.0438),compartilhamos (0.0369),alice (0.0390),eurocêntricos (0.0407)
4231,amêndoados (0.0414),desigual (0.0437),cravejando (0.0369),colhe (0.0389),sonharem (0.0407)
4232,forcei (0.0414),marés (0.0437),mútua (0.0369),rosa (0.0389),dobro (0.0407)
4233,ásia (0.0414),horizontes (0.0437),rigorosos (0.0369),faculdade (0.0389),soraya (0.0407)
4234,florir (0.0414),humanas (0.0437),remédio (0.0369),molda (0.0387),redondeza (0.0407)
4235,problemática (0.0414),responsabilidades (0.0437),cantam (0.0369),avermelhada (0.0387),frondosa (0.0407)
4236,perfumada (0.0414),aprendidas (0.0437),minguar (0.0369),frequente (0.0387),unindo (0.0407)
4237,lascar (0.0414),casado (0.0437),rendo (0.0369),impostas (0.0387),substituir (0.0407)
4238,prestativo (0.0414),inerentemente (0.0437),grandiosidade (0.0369),atualmente (0.0387),consertei (0.0407)
4239,braba (0.0414),despachado (0.0437),complementar (0.0369),ambos (0.0387),aventurava (0.0407)
4240,luciana (0.0414),consequência (0.0437),abordagem (0.0369),compartilho (0.0387),contagem (0.0407)
4241,índole (0.0414),inesperadas (0.0437),batismo (0.0369),possivelmente (0.0387),ufg (0.0407)
4242,positivas (0.0414),ficou (0.0437),percorridos (0.0369),específicos (0.0386),recebo (0.0407)
4243,praças (0.0414),aliás (0.0437),adequada (0.0369),enfatizando (0.0386),rzo (0.0407)
4244,irma (0.0414),distantes (0.0437),impacta (0.0369),escaldava (0.0384),ayan (0.0407)
4245,labuto (0.0414),grudam (0.0437),enfeitavam (0.0369),idioma (0.0384),portas (0.0407)
4246,ipanema (0.0414),envolvido (0.0437),fundia (0.0369),traje (0.0384),costureiras (0.0407)
4247,canjica (0.0414),transparecem (0.0437),encantamento (0.0369),cobre (0.0383),recheada (0.0407)
4248,primo (0.0414),federal (0.0437),protetores (0.0369),tinge (0.0383),twists (0.0407)
4249,prancha (0.0414),aceita (0.0437),mostraram (0.0369),cesto (0.0383),exercer (0.0407)
4250,caninha (0.0414),57 (0.0437),trilhado (0.0369),quadradinhos (0.0383),curtinhos (0.0407)
4251,preparada (0.0414),bagunça (0.0437),cema (0.0369),nostálgica (0.0383),customizados (0.0407)
4252,poéticas (0.0414),vero (0.0437),recordação (0.0369),poro (0.0383),explicando (0.0407)
4253,capricho (0.0414),espontâneos (0.0437),inadequada (0.0369),encaro (0.0383),atabaques (0.0407)
4254,transportando (0.0414),exclusivamente (0.0437),cerrada (0.0369),modesto (0.0383),rícino (0.0407)
4255,mandalas (0.0414),lótus (0.0437),viveram (0.0369),conservam (0.0383),conhecerem (0.0407)
4256,zézé (0.0414),escapava (0.0437),vastos (0.0369),domésticos (0.0383),curte (0.0407)
4257,cachacinha (0.0414),consideradas (0.0437),banhada (0.0369),maduras (0.0383),cuidadosas (0.0407)
4258,mandarim (0.0414),compor (0.0437),cruza (0.0369),austeridade (0.0383),reaprendendo (0.0407)
4259,lívia (0.0414),segundo (0.0437),sufocar (0.0369),tornou (0.0383),silas (0.0407)
4260,maduros (0.0414),amplas (0.0437),sufocando (0.0369),aumentava (0.0383),fuma (0.0407)
4261,tocavam (0.0414),individualizada (0.0437),fortalecendo (0.0369),mesclados (0.0383),sobrinha (0.0407)
4262,bossa (0.0414),casinha (0.0437),cisterna (0.0369),covinhas (0.0383),twist (0.0407)
4263,aceno (0.0414),produção (0.0437),carregaria (0.0369),grafismos (0.0383),macramê (0.0407)
4264,vitórias (0.0412),poderosa (0.0436),meses (0.0369),pesados (0.0383),estilizados (0.0407)
4265,imprecisa (0.0412),complementam (0.0436),agosto (0.0369),incorporam (0.0383),terrosas (0.0407)
4266,mistérios (0.0412),abriga (0.0436),mitologia (0.0369),boneca (0.0383),arco (0.0406)
4267,sorriem (0.0412),estrelado (0.0436),gritando (0.0369),segurando (0.0383),solidão (0.0405)
4268,testemunhou (0.0412),proteção (0.0435),missão (0.0369),vinham (0.0383),pedaços (0.0405)
4269,abater (0.0412),inspirados (0.0435),vêm (0.0369),mergulhar (0.0383),sério (0.0405)
4270,imediatamente (0.0412),expressivo (0.0434),respirava (0.0369),permanecem (0.0383),imediatamente (0.0405)
4271,papéis (0.0412),habita (0.0433),manuseio (0.0369),completando (0.0383),rabiscado (0.0405)
4272,entrelaçadas (0.0412),vivos (0.0433),contradizia (0.0369),sentirem (0.0383),janela (0.0405)
4273,permeiam (0.0412),percepção (0.0433),manuseava (0.0369),visitantes (0.0383),figuras (0.0405)
4274,dedicados (0.0412),tendo (0.0433),valentes (0.0369),recarregar (0.0383),mistérios (0.0405)
4275,generalizada (0.0412),sugeriam (0.0433),calculados (0.0369),transbordando (0.0383),colo (0.0405)
4276,jogando (0.0412),las (0.0433),marcaram (0.0369),saiba (0.0383),entrelaçadas (0.0405)
4277,diárias (0.0412),insaciável (0.0433),aplicações (0.0369),quadrados (0.0383),incríveis (0.0405)
4278,amplamente (0.0412),contrário (0.0433),compreendo (0.0369),oferecendo (0.0383),sorte (0.0405)
4279,talento (0.0412),espero (0.0433),esqueço (0.0369),designers (0.0383),plantação (0.0405)
4280,superou (0.0412),dançavam (0.0433),ajustavam (0.0369),romântico (0.0383),chegar (0.0405)
4281,chegar (0.0412),abandonar (0.0433),insistam (0.0369),cervejinha (0.0383),generalização (0.0405)
4282,tingidos (0.0412),saborosos (0.0433),integrado (0.0369),poças (0.0383),papéis (0.0405)
4283,afiado (0.0410),sentimental (0.0433),amarra (0.0369),erra (0.0383),dedicados (0.0405)
4284,inclui (0.0410),ansiosa (0.0433),poderosos (0.0369),rolava (0.0383),aliança (0.0405)
4285,chegam (0.0410),frequentes (0.0433),pedem (0.0369),rudeza (0.0383),criação (0.0405)
4286,entretanto (0.0410),ativo (0.0433),representadas (0.0369),queridos (0.0383),fogo (0.0404)
4287,certos (0.0410),famílias (0.0433),espetáculo (0.0369),musculosa (0.0383),dó (0.0403)
4288,razão (0.0410),estabelecidos (0.0433),pisa (0.0369),desenhado (0.0383),comunidades (0.0403)
4289,enfrentando (0.0410),preferida (0.0433),plantadas (0.0369),precisando (0.0383),máquinas (0.0403)
4290,antecederam (0.0410),ganham (0.0433),plataformas (0.0369),achatado (0.0383),atlética (0.0403)
4291,transformando (0.0410),sofreu (0.0433),parente (0.0369),venceram (0.0383),definidas (0.0403)
4292,acostumou (0.0410),exibindo (0.0433),mantido (0.0369),gole (0.0383),seguros (0.0403)
4293,glamouroso (0.0410),geografia (0.0433),assolam (0.0369),escolhendo (0.0383),fortemente (0.0403)
4294,estereotipada (0.0410),desconstruído (0.0433),associada (0.0369),vendia (0.0383),certos (0.0403)
4295,europeias (0.0410),vivia (0.0433),bonito (0.0369),verbalmente (0.0383),dormir (0.0403)
4296,abraçava (0.0410),vizinhas (0.0433),vivência (0.0369),choraram (0.0383),estereotipada (0.0403)
4297,qualidade (0.0410),inegavelmente (0.0433),turbante (0.0368),acontecimento (0.0383),ocasional (0.0403)
4298,conexões (0.0410),inquebrantável (0.0432),preferência (0.0368),protetora (0.0383),tanta (0.0403)
4299,escondido (0.0410),desafia (0.0431),adiciona (0.0368),rabiscos (0.0383),entretanto (0.0403)
4300,fiada (0.0410),teia (0.0430),rosa (0.0368),caracterizava (0.0383),deram (0.0403)
4301,cercas (0.0410),intensos (0.0429),habitual (0.0368),moleza (0.0383),esculpiram (0.0403)
4302,comunidades (0.0410),verdadeiramente (0.0429),áridas (0.0368),ardente (0.0383),escapar (0.0402)
4303,amanhã (0.0410),testemunhava (0.0429),neutras (0.0366),sonhador (0.0383),gaúcha (0.0402)
4304,moldando (0.0410),bode (0.0429),podendo (0.0366),dispensa (0.0383),ensinando (0.0401)
4305,clássicos (0.0410),inteiramente (0.0429),comportamento (0.0365),ferida (0.0383),adolescência (0.0401)
4306,curva (0.0410),iguais (0.0429),tô (0.0364),reproduzir (0.0383),repousa (0.0401)
4307,gaúcha (0.0409),servem (0.0429),transmitiam (0.0364),forjar (0.0383),propriedade (0.0401)
4308,fogueira (0.0408),ignorância (0.0429),precisamente (0.0364),sussurrar (0.0383),adicionava (0.0401)
4309,indo (0.0408),bordadas (0.0429),estereótipo (0.0364),bandeja (0.0383),clássico (0.0401)
4310,mandíbula (0.0408),companheiras (0.0429),raramente (0.0364),defensor (0.0383),sustentam (0.0401)
4311,jurandir (0.0408),microagressões (0.0429),tranquilo (0.0364),eletrônico (0.0383),penso (0.0401)
4312,escapa (0.0408),batido (0.0429),absorver (0.0362),limpeza (0.0383),garante (0.0401)
4313,boas (0.0408),troca (0.0429),abrir (0.0362),surgia (0.0383),fragrância (0.0401)
4314,persiste (0.0408),realçar (0.0429),trás (0.0362),vá (0.0383),alongadas (0.0401)
4315,fadiga (0.0408),transpira (0.0429),referências (0.0362),dedicado (0.0383),vibrar (0.0401)
4316,regiões (0.0408),prontas (0.0429),humanidade (0.0362),palmo (0.0383),luar (0.0401)
4317,maiores (0.0408),panamá (0.0429),trema (0.0362),convite (0.0383),aparecida (0.0401)
4318,liberta (0.0408),continha (0.0429),roxa (0.0362),esvoaçando (0.0383),apertadas (0.0401)
4319,vasto (0.0408),insistiam (0.0429),pulsava (0.0362),fartas (0.0383),laura (0.0401)
4320,panos (0.0408),madrugadas (0.0429),mantidos (0.0362),amaram (0.0383),rápido (0.0400)
4321,adolescência (0.0408),heróis (0.0429),bagunçar (0.0362),registradas (0.0383),despenteados (0.0399)
4322,abaixo (0.0408),salpicam (0.0429),vazio (0.0362),convenções (0.0383),ultimamente (0.0399)
4323,intenção (0.0408),conseguir (0.0429),extravagantes (0.0362),calorenta (0.0383),sinceridade (0.0399)
4324,diário (0.0408),limites (0.0429),rigor (0.0362),brega (0.0383),ninho (0.0399)
4325,correr (0.0406),borracha (0.0429),inaudível (0.0362),artrite (0.0383),nascimento (0.0399)
4326,visíveis (0.0406),amargo (0.0427),invadir (0.0362),manteiga (0.0383),soltinho (0.0399)
4327,acalmar (0.0406),fartura (0.0426),olhe (0.0362),flutua (0.0383),pedacinho (0.0399)
4328,serem (0.0406),farpado (0.0426),montanha (0.0362),vulnerável (0.0383),área (0.0399)
4329,zefa (0.0406),criava (0.0426),incessantemente (0.0362),calmaria (0.0383),jurema (0.0398)
4330,ambiental (0.0406),enfrentam (0.0426),cheirava (0.0362),conversando (0.0383),pesa (0.0397)
4331,chave (0.0406),sorria (0.0426),ergue (0.0362),econômicos (0.0383),estranhamento (0.0397)
4332,descolada (0.0406),farofa (0.0426),empresas (0.0362),dançante (0.0383),seguindo (0.0397)
4333,estranho (0.0406),bateu (0.0426),inspiradoras (0.0362),rendeiras (0.0383),sessenta (0.0397)
4334,adaptação (0.0406),entorno (0.0426),respeitosas (0.0362),temperatura (0.0383),árvore (0.0396)
4335,otimista (0.0406),emanar (0.0426),presas (0.0362),expressada (0.0383),honesta (0.0395)
4336,mapas (0.0406),comportamental (0.0426),rudeza (0.0362),vícios (0.0383),contraste (0.0395)
4337,timidez (0.0406),vila (0.0426),invisibilização (0.0362),poeirento (0.0383),cercam (0.0395)
4338,esculpidos (0.0406),misterioso (0.0426),prá (0.0362),preocupa (0.0383),curtida (0.0395)
4339,limitadas (0.0406),sementes (0.0425),sóbrias (0.0362),evidenciava (0.0383),paixões (0.0395)
4340,problemas (0.0406),estrelas (0.0425),curupiras (0.0362),inventar (0.0383),denunciando (0.0395)
4341,chamativos (0.0404),inspiram (0.0425),riacho (0.0362),reclamar (0.0383),mantinham (0.0395)
4342,mil (0.0404),pintou (0.0424),constelação (0.0362),eterna (0.0383),forrós (0.0395)
4343,selvagem (0.0404),conchas (0.0423),perfumando (0.0362),incerto (0.0383),compondo (0.0395)
4344,avelã (0.0404),insinuava (0.0423),gritam (0.0362),levando (0.0383),manifestações (0.0395)
4345,sessenta (0.0404),maturidade (0.0423),novamente (0.0362),mangaba (0.0383),silenciá (0.0395)
4346,enfrentei (0.0404),centenária (0.0423),frescor (0.0362),embalando (0.0383),retêm (0.0395)
4347,vivências (0.0404),expostos (0.0423),harmoniosa (0.0362),descoberta (0.0382),químicas (0.0395)
4348,estranhamento (0.0404),companheiro (0.0423),desculpas (0.0362),rabo (0.0382),alunas (0.0395)
4349,praticando (0.0404),nessas (0.0423),abundante (0.0362),mente (0.0381),sonham (0.0395)
4350,exposição (0.0403),atribuir (0.0423),encaixá (0.0362),escorria (0.0381),dócil (0.0395)
4351,território (0.0403),paralelepípedos (0.0423),acolherá (0.0362),matas (0.0381),geográficas (0.0395)
4352,jenipapo (0.0402),ajudo (0.0423),ausência (0.0362),pernambucano (0.0379),joana (0.0395)
4353,trabalhada (0.0402),herdou (0.0423),engloba (0.0362),trabalhavam (0.0379),abraçada (0.0395)
4354,cercam (0.0402),impregna (0.0423),simbolismo (0.0362),olho (0.0379),entrelinhas (0.0395)
4355,índio (0.0402),conquistada (0.0423),parecida (0.0362),observam (0.0377),urgência (0.0395)
4356,viajar (0.0402),arranhões (0.0423),ilustração (0.0362),despojada (0.0377),tensão (0.0395)
4357,adaptadas (0.0402),curvado (0.0423),barco (0.0362),desgrenhados (0.0377),contagiosas (0.0395)
4358,colhidas (0.0402),pedro (0.0423),respeitem (0.0362),velados (0.0377),macaxeira (0.0395)
4359,incansável (0.0402),realidades (0.0423),marginalizados (0.0362),socialmente (0.0377),repetir (0.0395)
4360,médio (0.0402),dormidas (0.0423),definia (0.0362),cravaram (0.0377),evangélica (0.0395)
4361,lgbtqiap (0.0402),sustentável (0.0423),entranhada (0.0362),danada (0.0377),cerco (0.0395)
4362,pende (0.0402),vulnerabilidade (0.0423),lagoa (0.0362),abrigo (0.0377),descritas (0.0395)
4363,comidinha (0.0401),ouvido (0.0423),fartas (0.0362),adaptavam (0.0377),parafusos (0.0395)
4364,cyberpunk (0.0401),ato (0.0422),musculosa (0.0362),despercebidos (0.0377),reduzidas (0.0395)
4365,areião (0.0401),lida (0.0422),madeixas (0.0362),caruru (0.0377),esvoaçava (0.0395)
4366,disposto (0.0401),trança (0.0422),remendada (0.0362),gesticulando (0.0377),substitui (0.0395)
4367,sexual (0.0401),extensão (0.0421),manifestava (0.0362),ôxe (0.0377),zaira (0.0395)
4368,referir (0.0401),árdua (0.0421),representações (0.0362),cremes (0.0377),escritos (0.0395)
4369,paterno (0.0401),ecoam (0.0421),amores (0.0362),goiabada (0.0377),folhagens (0.0395)
4370,tingindo (0.0401),masculina (0.0421),descalças (0.0362),ensolarados (0.0377),escritoras (0.0395)
4371,intransferível (0.0401),silenciar (0.0419),artrite (0.0362),abra (0.0377),handmade (0.0395)
4372,diverte (0.0401),papel (0.0419),laranjeira (0.0362),romântica (0.0377),mostro (0.0395)
4373,clichês (0.0401),perdida (0.0419),esvoaçavam (0.0362),céus (0.0377),zyan (0.0395)
4374,centenário (0.0401),rasgados (0.0419),calejado (0.0362),luminoso (0.0377),ambulante (0.0395)
4375,note (0.0401),neste (0.0419),mangaba (0.0362),rodadas (0.0377),quilombolas (0.0395)
4376,espontânea (0.0401),beirava (0.0419),membro (0.0362),mocinha (0.0377),recusava (0.0395)
4377,coentro (0.0401),inerente (0.0419),vermelhos (0.0362),usual (0.0377),cobalto (0.0395)
4378,habituou (0.0401),companheira (0.0419),belos (0.0362),peculiares (0.0377),repentistas (0.0395)
4379,confeitaria (0.0401),variando (0.0419),colhiam (0.0362),técnico (0.0377),precisem (0.0395)
4380,dominguinhos (0.0401),sulcada (0.0419),observaram (0.0362),manha (0.0377),cliente (0.0395)
4381,esplendor (0.0401),inspiradora (0.0419),pro (0.0361),cruel (0.0377),estratégico (0.0395)
4382,arrisco (0.0401),firmemente (0.0419),artistas (0.0360),formalidade (0.0377),quintais (0.0395)
4383,rr (0.0401),gonzaga (0.0419),rebeldia (0.0360),mestiçagem (0.0377),aviso (0.0395)
4384,resposta (0.0401),sagaz (0.0419),rústica (0.0360),vime (0.0377),lutarem (0.0395)
4385,contentamento (0.0401),aproxima (0.0419),ajudar (0.0360),tombo (0.0377),preencher (0.0395)
4386,cuidadosos (0.0401),planto (0.0419),ajudando (0.0360),damião (0.0377),dançava (0.0395)
4387,jangadas (0.0401),dunas (0.0419),ativismo (0.0359),deliciosas (0.0377),escutavam (0.0395)
4388,amarelada (0.0401),paraense (0.0419),robusto (0.0359),galera (0.0377),enérgico (0.0395)
4389,mariinha (0.0401),oferece (0.0419),roda (0.0358),delícias (0.0377),craquelada (0.0395)
4390,isa (0.0401),cravou (0.0419),mudam (0.0358),moído (0.0377),olhadas (0.0395)
4391,arraigado (0.0401),responsabilidade (0.0419),continuam (0.0356),mamona (0.0377),banquetes (0.0395)
4392,americanos (0.0401),ciclo (0.0418),berrante (0.0356),mandala (0.0377),vaga (0.0395)
4393,ouviu (0.0401),acobreada (0.0417),abelhas (0.0356),luan (0.0377),acalorados (0.0395)
4394,biscoito (0.0401),representação (0.0417),percebem (0.0356),ecléticos (0.0377),barbeiro (0.0395)
4395,júlio (0.0401),irradiava (0.0417),captar (0.0356),trabalhe (0.0377),articuladas (0.0395)
4396,surfar (0.0401),calmos (0.0417),inquestionável (0.0356),abordam (0.0377),invisibiliza (0.0395)
4397,últimas (0.0401),escuta (0.0417),opacas (0.0356),sobra (0.0377),tomates (0.0395)
4398,descobertas (0.0401),habilidosa (0.0417),tostada (0.0356),saboreando (0.0377),encurvado (0.0395)
4399,mágicas (0.0401),galhos (0.0417),superfície (0.0356),curupira (0.0377),antenada (0.0395)
4400,frequentam (0.0401),claridade (0.0417),abundantes (0.0356),admirável (0.0377),relembrar (0.0395)
4401,achavam (0.0401),consertando (0.0417),carvão (0.0356),mistos (0.0377),inunda (0.0395)
4402,acontecem (0.0401),bandeira (0.0417),somente (0.0356),aprendem (0.0377),manhoso (0.0395)
4403,deslumbrantes (0.0401),gostos (0.0417),cruel (0.0356),rígida (0.0377),metálico (0.0395)
4404,nato (0.0401),sílabas (0.0417),simbolismos (0.0356),sudestino (0.0377),energiza (0.0395)
4405,salve (0.0401),soa (0.0417),manchados (0.0356),decora (0.0377),rebelião (0.0395)
4406,rapaziada (0.0401),ensino (0.0417),indicam (0.0356),paga (0.0377),orixás (0.0395)
4407,borbulhando (0.0401),escolhi (0.0417),adaptada (0.0356),cafés (0.0377),empreendedor (0.0395)
4408,comprada (0.0401),afetiva (0.0417),assemelha (0.0356),marítima (0.0377),miniatura (0.0395)
4409,rainha (0.0401),conecta (0.0416),ouvia (0.0356),superfície (0.0377),oscila (0.0395)
4410,morre (0.0401),argila (0.0416),calar (0.0356),saco (0.0377),apegada (0.0395)
4411,salpicar (0.0401),poço (0.0415),julgadores (0.0356),afetuosa (0.0377),anápolis (0.0395)
4412,nazaré (0.0401),escrevo (0.0414),morada (0.0356),anima (0.0377),carinhosas (0.0395)
4413,vestem (0.0401),sons (0.0414),cravaram (0.0356),farinha (0.0377),anônimos (0.0395)
4414,inspirações (0.0401),tear (0.0414),influenciadas (0.0356),municipal (0.0377),campinho (0.0395)
4415,defeito (0.0401),timbre (0.0414),alimentação (0.0356),largar (0.0377),incomparável (0.0395)
4416,inspiro (0.0401),amável (0.0414),respeite (0.0356),protestos (0.0377),doméstica (0.0395)
4417,decote (0.0401),lágrimas (0.0414),permeada (0.0356),pudesse (0.0377),intensidades (0.0395)
4418,negociar (0.0401),musicais (0.0414),visito (0.0356),impunham (0.0377),existências (0.0395)
4419,decente (0.0401),encantos (0.0414),pudesse (0.0356),guardasse (0.0377),crina (0.0395)
4420,tantinho (0.0401),neles (0.0414),formou (0.0356),pulmões (0.0377),desenhava (0.0395)
4421,tanque (0.0401),espontaneidade (0.0414),primeiros (0.0356),quentinha (0.0377),batalhadoras (0.0395)
4422,intencionados (0.0401),gravado (0.0414),protestos (0.0356),brincavam (0.0377),imprevisíveis (0.0395)
4423,dinâmica (0.0401),dita (0.0414),encantam (0.0356),assemelha (0.0377),invisibilizados (0.0395)
4424,inextinguível (0.0401),manejar (0.0414),fria (0.0356),queimando (0.0377),altivo (0.0395)
4425,peão (0.0401),descanso (0.0414),encontrada (0.0356),grisalha (0.0377),lições (0.0395)
4426,juninho (0.0401),trabalhava (0.0414),polido (0.0356),consigam (0.0377),expandindo (0.0395)
4427,prontos (0.0401),dinheiro (0.0414),identificam (0.0356),raio (0.0377),intacta (0.0395)
4428,remo (0.0401),insistiu (0.0413),rodadas (0.0356),recusam (0.0377),posicionado (0.0395)
4429,sorviam (0.0401),sussurro (0.0413),alaranjados (0.0356),refletidos (0.0377),cercava (0.0394)
4430,pêssego (0.0401),indígena (0.0413),farinha (0.0356),costurando (0.0377),leal (0.0394)
4431,botar (0.0401),alagoas (0.0411),vibrava (0.0356),compartilham (0.0377),mora (0.0393)
4432,barraca (0.0401),silêncios (0.0411),preferem (0.0356),atropelando (0.0377),querem (0.0393)
4433,pérola (0.0401),sílaba (0.0411),fita (0.0356),bento (0.0377),morei (0.0393)
4434,vívido (0.0401),misturo (0.0411),fazendeiros (0.0356),batalhador (0.0377),musculatura (0.0393)
4435,pesquisas (0.0401),altos (0.0411),fato (0.0356),botões (0.0377),joãozinho (0.0393)
4436,restam (0.0401),transita (0.0411),focar (0.0356),bandana (0.0377),nodosas (0.0393)
4437,caruaru (0.0401),formando (0.0411),paulo (0.0355),intercalado (0.0377),gelado (0.0393)
4438,enigmático (0.0401),sacos (0.0411),desafia (0.0355),regado (0.0377),peste (0.0391)
4439,baseada (0.0401),adereços (0.0411),pesadas (0.0355),insistência (0.0377),próximas (0.0391)
4440,castigada (0.0401),sete (0.0411),combinado (0.0354),continuam (0.0377),ações (0.0391)
4441,inusitados (0.0401),fome (0.0411),rock (0.0353),primas (0.0377),saber (0.0391)
4442,chance (0.0401),boi (0.0411),processo (0.0352),beijou (0.0377),mole (0.0391)
4443,rigores (0.0401),enriquecem (0.0411),turbilhão (0.0352),durante (0.0376),rurais (0.0391)
4444,abrigar (0.0401),dói (0.0411),particular (0.0352),inquebrantável (0.0376),astúcia (0.0391)
4445,coletividade (0.0401),maceió (0.0411),influências (0.0352),relativamente (0.0375),cinza (0.0391)
4446,barzinho (0.0401),lindo (0.0411),país (0.0352),verdes (0.0374),rios (0.0391)
4447,ativos (0.0401),entrelaçados (0.0411),adaptado (0.0351),imigrantes (0.0374),crio (0.0390)
4448,barrenta (0.0401),habilidades (0.0411),variada (0.0351),cantar (0.0373),encaixei (0.0390)
4449,tênue (0.0401),esperando (0.0411),vistas (0.0351),mantendo (0.0372),anelar (0.0390)
4450,reunidos (0.0401),aridez (0.0411),rodeiam (0.0351),acaloradas (0.0371),ostentava (0.0390)
4451,esvoaçantes (0.0401),máquina (0.0411),poeirentas (0.0351),mercado (0.0371),caracterizam (0.0390)
4452,alheio (0.0401),inebriante (0.0411),variáveis (0.0351),pairando (0.0371),bonita (0.0388)
4453,caros (0.0401),nerd (0.0411),poderoso (0.0351),vistas (0.0371),inquieta (0.0388)
4454,brandos (0.0401),cama (0.0411),conflitos (0.0351),chopp (0.0371),íris (0.0388)
4455,reservar (0.0401),encontrasse (0.0411),sacola (0.0351),grudenta (0.0371),vastidão (0.0388)
4456,quaisquer (0.0401),tricotando (0.0411),entrelaçando (0.0351),emolduradas (0.0371),sincera (0.0388)
4457,onças (0.0401),analógica (0.0411),olha (0.0351),familiarizada (0.0371),pastel (0.0388)
4458,visitar (0.0401),louros (0.0411),pairando (0.0351),brincalhona (0.0371),curso (0.0388)
4459,cristão (0.0401),louro (0.0411),sufocantes (0.0351),calçado (0.0371),brincar (0.0388)
4460,camurça (0.0401),cascalho (0.0411),refletidas (0.0351),cobrem (0.0371),opiniões (0.0388)
4461,enrugava (0.0401),demonstrações (0.0411),juazeiros (0.0351),cantinho (0.0371),apartamento (0.0388)
4462,agir (0.0401),fascinada (0.0411),sair (0.0351),iluminando (0.0371),ceci (0.0388)
4463,imigrante (0.0401),doméstico (0.0411),braçais (0.0351),sufocantes (0.0371),fauna (0.0388)
4464,erro (0.0401),ampliar (0.0411),comunicam (0.0351),cantou (0.0371),fictícia (0.0387)
4465,cola (0.0401),demonstre (0.0411),assusta (0.0351),opala (0.0371),cafezinho (0.0387)
4466,sorriam (0.0401),thor (0.0411),precisas (0.0351),fluído (0.0371),lentos (0.0387)
4467,tesouro (0.0400),casar (0.0411),entendia (0.0351),pontuadas (0.0371),pouca (0.0387)
4468,escritório (0.0400),trecho (0.0411),cobrem (0.0351),assusta (0.0371),opta (0.0387)
4469,escudo (0.0400),dizerem (0.0411),virão (0.0351),grãos (0.0371),salpicando (0.0387)
4470,tirar (0.0400),dividido (0.0411),incorporando (0.0351),prima (0.0371),confusão (0.0387)
4471,alicerce (0.0400),cafona (0.0411),voar (0.0351),data (0.0371),multiplicidade (0.0387)
4472,saga (0.0400),observou (0.0411),tecnologias (0.0351),explícita (0.0371),missa (0.0387)
4473,adaptando (0.0400),assíduo (0.0411),conecto (0.0351),virtudes (0.0371),tingidas (0.0387)
4474,irmã (0.0400),falador (0.0411),universal (0.0351),mecânica (0.0371),acolhido (0.0385)
4475,desigualdade (0.0398),rabiscadas (0.0411),cajueiros (0.0351),pareça (0.0371),viveram (0.0385)
4476,únicos (0.0398),derretem (0.0411),castanha (0.0351),teceram (0.0371),fortalecendo (0.0385)
4477,séculos (0.0398),campeira (0.0411),retrata (0.0351),bordava (0.0371),sulcado (0.0385)
4478,seguraram (0.0398),palácio (0.0411),extrair (0.0351),jumenta (0.0371),palco (0.0385)
4479,medida (0.0398),desgrenhada (0.0411),tradicionalmente (0.0351),armadura (0.0371),lotados (0.0385)
4480,sento (0.0398),duradouras (0.0411),prima (0.0351),fincados (0.0371),sufocar (0.0385)
4481,saber (0.0398),pampas (0.0411),lama (0.0351),experientes (0.0371),armas (0.0385)
4482,ações (0.0398),educacional (0.0411),traduzem (0.0351),pintado (0.0371),doer (0.0385)
4483,homens (0.0397),pálida (0.0411),angústia (0.0351),lentidão (0.0371),maravilhosos (0.0385)
4484,âmbar (0.0396),atualizada (0.0411),estreitas (0.0351),aproximava (0.0371),silenciado (0.0385)
4485,deslizavam (0.0396),resistiam (0.0411),superados (0.0351),daquilo (0.0371),internas (0.0385)
4486,transmitida (0.0396),latim (0.0411),íntimos (0.0351),fabricadas (0.0371),pontinhos (0.0385)
4487,precederam (0.0396),decidi (0.0411),contemplar (0.0351),trabalhadoras (0.0371),poeirenta (0.0385)
4488,leão (0.0396),pacote (0.0411),imponência (0.0351),voar (0.0371),curvar (0.0385)
4489,crio (0.0396),ocupado (0.0411),autônoma (0.0351),nordestinidade (0.0371),mamão (0.0385)
4490,emoldura (0.0396),ficado (0.0411),mercado (0.0351),turbulentas (0.0371),experimentando (0.0385)
4491,trabalhos (0.0396),cavalgadas (0.0411),colcha (0.0351),multifacetado (0.0371),remetiam (0.0385)
4492,completo (0.0395),economizar (0.0411),pareça (0.0351),divide (0.0371),atarracada (0.0385)
4493,emanam (0.0395),cauteloso (0.0411),doem (0.0351),bibliotecária (0.0371),explícitos (0.0385)
4494,aparece (0.0395),nica (0.0411),reconstruir (0.0351),genuinamente (0.0371),pautas (0.0385)
4495,aro (0.0395),tche (0.0411),equitativo (0.0351),genuínas (0.0371),exaustivo (0.0385)
4496,desiste (0.0395),tchê (0.0411),mantenho (0.0351),complementava (0.0371),cumprida (0.0385)
4497,recusa (0.0395),feriados (0.0411),ondulação (0.0351),arretado (0.0371),sobreposição (0.0385)
4498,cinema (0.0395),resolvi (0.0411),avistar (0.0351),quinze (0.0371),extra (0.0385)
4499,broche (0.0395),saltos (0.0411),representatividade (0.0351),possuem (0.0371),poderosos (0.0385)
4500,respiro (0.0393),definitiva (0.0411),brasileiros (0.0351),fones (0.0371),norma (0.0385)
4501,lutam (0.0393),eletrônicos (0.0411),termos (0.0351),quebram (0.0371),sobreviveu (0.0385)
4502,permanente (0.0393),castigou (0.0411),experiências (0.0351),desejos (0.0371),rédeas (0.0385)
4503,missa (0.0393),paquerador (0.0411),intensa (0.0350),esboçam (0.0371),contagiava (0.0385)
4504,multiplicidade (0.0393),enrugamento (0.0411),tortos (0.0350),lona (0.0371),ninar (0.0385)
4505,vivas (0.0393),tijolinho (0.0411),inspiram (0.0350),potencial (0.0371),pegada (0.0385)
4506,moro (0.0393),elevado (0.0411),veio (0.0350),xilogravura (0.0371),cortar (0.0385)
4507,segredo (0.0393),resultou (0.0411),complicado (0.0350),glamour (0.0371),corridas (0.0385)
4508,agosto (0.0392),remoto (0.0411),três (0.0349),rigoroso (0.0371),frágil (0.0385)
4509,franzida (0.0392),descuidar (0.0411),característico (0.0349),colcha (0.0371),reflectindo (0.0385)
4510,revelada (0.0392),ribeirão (0.0411),formação (0.0349),caracterizavam (0.0371),arrumo (0.0385)
4511,andrógeno (0.0392),pasta (0.0411),inferior (0.0347),molha (0.0371),unir (0.0385)
4512,desenhados (0.0392),realista (0.0411),articulada (0.0347),nadar (0.0371),silva (0.0385)
4513,cema (0.0392),lis (0.0411),penteado (0.0347),movimentava (0.0371),recorte (0.0385)
4514,deslavada (0.0392),destoam (0.0411),deixe (0.0347),puxam (0.0371),unido (0.0385)
4515,leãozinho (0.0392),namorada (0.0411),faziam (0.0347),agarram (0.0371),voam (0.0385)
4516,deserto (0.0392),rosada (0.0411),beijava (0.0347),formar (0.0371),alaranjado (0.0385)
4517,admitir (0.0392),descrevendo (0.0411),banho (0.0347),prazer (0.0371),reconhecidas (0.0385)
4518,reparos (0.0392),rigorosa (0.0411),número (0.0347),rochas (0.0371),baianas (0.0385)
4519,favor (0.0392),vestiria (0.0411),ligadas (0.0347),compradas (0.0371),rendem (0.0385)
4520,anjo (0.0392),rondônia (0.0411),atentos (0.0347),lampejo (0.0371),jujuba (0.0385)
4521,acolá (0.0392),murmurava (0.0411),gentes (0.0347),bar (0.0371),imaginário (0.0385)
4522,fascinantes (0.0392),acompanho (0.0411),ressecada (0.0347),luís (0.0371),questiona (0.0385)
4523,novidades (0.0392),aniversário (0.0411),múltiplos (0.0347),honra (0.0371),ambições (0.0385)
4524,estratégicos (0.0392),médica (0.0411),consiga (0.0347),angústia (0.0371),motores (0.0385)
4525,santana (0.0392),desordem (0.0411),plantei (0.0347),enrugados (0.0371),indicador (0.0385)
4526,relaxado (0.0392),desenvolvendo (0.0411),pasto (0.0347),entrelaçando (0.0371),promissor (0.0385)
4527,formei (0.0392),roer (0.0411),evidenciam (0.0347),nublados (0.0371),engajamento (0.0385)
4528,aceso (0.0392),esportivas (0.0411),interagir (0.0347),queridas (0.0371),incompreensões (0.0385)
4529,fincada (0.0392),espreguiço (0.0411),oralidade (0.0347),objetos (0.0371),testemunhos (0.0385)
4530,acaricio (0.0392),espírita (0.0411),demonstrar (0.0347),equilíbrio (0.0371),brincado (0.0385)
4531,ladeira (0.0392),tinturas (0.0411),inovação (0.0347),apagar (0.0370),deserto (0.0385)
4532,ouça (0.0392),desligado (0.0411),barbante (0.0347),rústico (0.0369),morna (0.0385)
4533,àquela (0.0392),desleixada (0.0411),estreitos (0.0347),inglês (0.0368),predileto (0.0385)
4534,ocupando (0.0392),estadual (0.0411),chegando (0.0347),cordas (0.0368),rotular (0.0385)
4535,remetiam (0.0392),limitante (0.0411),costuro (0.0347),sagrado (0.0368),improvisada (0.0385)
4536,rumo (0.0392),trato (0.0411),hostil (0.0347),opção (0.0367),santana (0.0385)
4537,dilema (0.0392),diferencia (0.0411),herdadas (0.0347),invisibilidade (0.0367),dignifica (0.0385)
4538,oferecem (0.0392),canetas (0.0411),constitui (0.0347),pinturas (0.0367),aplicações (0.0385)
4539,enfrentado (0.0392),escalava (0.0411),imposto (0.0347),invisibilizada (0.0367),julgam (0.0385)
4540,fervoroso (0.0392),reclamando (0.0411),observadores (0.0347),foca (0.0367),temperadas (0.0385)
4541,reflectindo (0.0392),manezinha (0.0411),rodado (0.0347),andrógina (0.0367),emocionais (0.0385)
4542,fabricados (0.0392),necessidades (0.0411),afiada (0.0347),floridos (0.0367),descrevê (0.0385)
4543,testada (0.0392),loira (0.0411),catolicismo (0.0347),coloquiais (0.0367),trabalhão (0.0385)
4544,textos (0.0392),distancie (0.0411),moradora (0.0347),sobreposto (0.0367),enxadas (0.0385)
4545,temperadas (0.0392),entradas (0.0411),cálido (0.0347),animadamente (0.0367),iluminadas (0.0385)
4546,livrar (0.0392),relacionamento (0.0411),masculinos (0.0347),absorvendo (0.0367),chamaremos (0.0385)
4547,vocabular (0.0392),explorado (0.0411),ponderado (0.0347),pasto (0.0367),ouça (0.0385)
4548,tirava (0.0392),discutindo (0.0411),castanhas (0.0347),beijava (0.0367),sinhá (0.0385)
4549,preciosos (0.0392),baladas (0.0411),absorvendo (0.0347),reluz (0.0367),imaculado (0.0385)
4550,li (0.0392),experimenta (0.0411),movimenta (0.0347),cumprem (0.0367),piada (0.0385)
4551,levei (0.0392),34 (0.0411),afetam (0.0347),movimenta (0.0367),rimas (0.0385)
4552,verá (0.0392),rpg (0.0411),rendas (0.0346),faziam (0.0367),combater (0.0385)
4553,acontecendo (0.0392),carol (0.0411),vontade (0.0346),silenciados (0.0367),indignação (0.0385)
4554,fincado (0.0392),rapazes (0.0411),afeto (0.0346),prendedor (0.0367),alvoradas (0.0385)
4555,ousado (0.0392),reveladas (0.0411),puxa (0.0345),arrepiado (0.0367),intensificar (0.0385)
4556,entreaberta (0.0392),reformada (0.0411),bochechas (0.0345),concentrada (0.0367),cantoria (0.0385)
4557,alaranjado (0.0392),banquete (0.0411),curta (0.0344),acabou (0.0367),esqueço (0.0385)
4558,dna (0.0392),revelem (0.0411),frenético (0.0344),contraditório (0.0367),banhada (0.0385)
4559,tio (0.0392),revista (0.0411),especialmente (0.0343),regada (0.0367),dobrar (0.0385)
4560,baianas (0.0392),uberaba (0.0411),pulsando (0.0343),lavrador (0.0367),saraus (0.0385)
4561,imbatível (0.0392),caroço (0.0411),pareço (0.0343),espetado (0.0367),ardendo (0.0385)
4562,imersa (0.0392),desconectada (0.0411),intercalada (0.0343),lavouras (0.0367),múltipla (0.0385)
4563,somem (0.0392),literários (0.0411),caminhando (0.0343),milagre (0.0367),limitar (0.0385)
4564,aventuro (0.0392),pastoral (0.0411),comunica (0.0343),desconexão (0.0367),ousado (0.0385)
4565,culinárias (0.0392),tendem (0.0411),coletivo (0.0343),afetam (0.0367),comunitários (0.0385)
4566,mangabeiras (0.0392),burocrático (0.0411),demonstração (0.0343),autoras (0.0367),tombos (0.0385)
4567,curvar (0.0392),folclore (0.0411),pretendo (0.0343),transparecer (0.0367),esperançosa (0.0385)
4568,impactantes (0.0392),financeiras (0.0411),sustentabilidade (0.0343),conseguiu (0.0367),benzedeiras (0.0385)
4569,gritantes (0.0392),horário (0.0411),aguda (0.0343),possuir (0.0367),esforça (0.0385)
4570,melodiosas (0.0392),arraigadas (0.0411),nutrem (0.0343),engole (0.0367),povoam (0.0385)
4571,moreninho (0.0392),atléticas (0.0411),estéticas (0.0343),aventureira (0.0367),diamante (0.0385)
4572,piscar (0.0392),aglomerações (0.0411),padre (0.0343),observadores (0.0367),infinidade (0.0385)
4573,machucado (0.0392),interiores (0.0411),levava (0.0343),desenvolvimento (0.0367),gesticulam (0.0385)
4574,construímos (0.0392),homogêneo (0.0411),misturou (0.0343),inovação (0.0367),minutos (0.0385)
4575,percorrido (0.0392),sociologia (0.0411),sozinho (0.0343),adequado (0.0367),deliciosos (0.0385)
4576,setenta (0.0392),voltei (0.0411),dançam (0.0343),queimadura (0.0367),carroça (0.0385)
4577,motores (0.0392),opostos (0.0411),ocasionalmente (0.0343),compartilhado (0.0367),amarra (0.0385)
4578,aprofundar (0.0392),atenuado (0.0411),misturavam (0.0343),aconchegantes (0.0367),espada (0.0385)
4579,impulsionava (0.0392),considere (0.0411),rústicos (0.0343),bolso (0.0367),missão (0.0385)
4580,jardins (0.0392),hospitaleira (0.0411),bordas (0.0343),deságua (0.0367),rachados (0.0385)
4581,abacaxi (0.0392),hospitaleiro (0.0411),etiqueta (0.0343),torrentes (0.0367),mergulhos (0.0385)
4582,mergulho (0.0392),opressor (0.0411),nacional (0.0343),experimento (0.0367),esforçar (0.0385)
4583,jeitão (0.0392),afetivo (0.0411),risquinhos (0.0343),alternando (0.0367),janaina (0.0385)
4584,portava (0.0392),conhecidas (0.0411),ferro (0.0343),diamantina (0.0367),serpenteia (0.0385)
4585,plantadas (0.0392),turismo (0.0411),amarrotada (0.0343),intriga (0.0367),joia (0.0385)
4586,inventadas (0.0392),voluntária (0.0411),caso (0.0343),sustentavam (0.0367),senhor (0.0385)
4587,minutos (0.0392),apática (0.0411),maxilar (0.0343),camomila (0.0367),ondulado (0.0385)
4588,crescidos (0.0392),praticada (0.0411),gravados (0.0343),expressivas (0.0367),rosa (0.0384)
4589,poderíamos (0.0392),clarinhos (0.0411),mesmos (0.0343),deixe (0.0367),interesses (0.0384)
4590,criançada (0.0392),coexistem (0.0411),desfaz (0.0343),explosivo (0.0367),belezas (0.0384)
4591,sustos (0.0392),irrita (0.0411),exterior (0.0343),castanhas (0.0367),consciente (0.0384)
4592,sobriedade (0.0392),apresentarei (0.0411),limitada (0.0343),opaco (0.0367),comunicação (0.0384)
4593,heteronormativo (0.0392),simplificar (0.0411),entenda (0.0343),interrompida (0.0367),áridas (0.0384)
4594,hesitar (0.0392),goiabas (0.0411),consertava (0.0343),cangaceiros (0.0367),falante (0.0384)
4595,assertivo (0.0392),boêmia (0.0411),lentamente (0.0343),alcança (0.0367),fizeram (0.0382)
4596,colhi (0.0392),boêmio (0.0411),ouve (0.0343),reciclado (0.0367),consumo (0.0382)
4597,sinhá (0.0392),gonçalves (0.0411),vestígio (0.0343),encantador (0.0367),gostaria (0.0382)
4598,ímpar (0.0392),adjetivo (0.0411),preparava (0.0343),consolo (0.0367),apoiam (0.0382)
4599,igarassu (0.0392),gordo (0.0411),acessório (0.0342),vigor (0.0367),podendo (0.0382)
4600,irregulares (0.0392),gostei (0.0411),mosaico (0.0341),oralidade (0.0367),atualmente (0.0382)
4601,mestiços (0.0392),considerável (0.0411),conquista (0.0341),constitui (0.0367),lisos (0.0381)
4602,sofrência (0.0392),gradual (0.0411),jaqueta (0.0341),labor (0.0367),bons (0.0381)
4603,sólida (0.0392),abraçaram (0.0411),insistiu (0.0340),grossense (0.0367),adornada (0.0381)
4604,baratos (0.0392),predominante (0.0411),transformar (0.0340),frenética (0.0367),ritual (0.0381)
4605,cravejando (0.0392),soavam (0.0411),beijada (0.0339),corpos (0.0367),provavelmente (0.0379)
4606,conceder (0.0392),sobe (0.0411),escapava (0.0339),pensam (0.0367),etnias (0.0379)
4607,mudo (0.0392),bolha (0.0411),distantes (0.0339),costuro (0.0367),estereótipo (0.0379)
4608,bebendo (0.0392),aproveito (0.0411),estudando (0.0339),couve (0.0367),independentes (0.0379)
4609,desabrochar (0.0392),tomado (0.0411),perna (0.0339),70m (0.0367),idioma (0.0379)
4610,preze (0.0392),aquarelas (0.0411),aprisionar (0.0339),linguajar (0.0367),realmente (0.0378)
4611,conciliando (0.0392),populacional (0.0411),usados (0.0339),cuiabano (0.0367),frequência (0.0378)
4612,deliciosos (0.0392),global (0.0411),aprendizados (0.0339),preparam (0.0367),cobre (0.0378)
4613,mastigando (0.0392),sugestões (0.0411),consideradas (0.0339),divertido (0.0367),efêmera (0.0378)
4614,desbota (0.0392),sorvete (0.0411),mágico (0.0339),caótica (0.0367),escondo (0.0378)
4615,benzedeiras (0.0392),colocadas (0.0411),interseccionalidade (0.0339),multidão (0.0367),acentuados (0.0378)
4616,mantido (0.0392),sorveteria (0.0411),vencidas (0.0339),perdi (0.0367),evidência (0.0378)
4617,sumidos (0.0392),planejado (0.0411),exigem (0.0339),perigos (0.0367),debater (0.0378)
4618,infinidade (0.0392),sujeitas (0.0411),taipa (0.0339),ressecada (0.0367),roxa (0.0378)
4619,surpreende (0.0392),piscina (0.0411),paranaense (0.0339),fragmento (0.0367),código (0.0378)
4620,juntar (0.0392),star (0.0411),conviver (0.0339),saído (0.0367),palmas (0.0378)
4621,derreter (0.0392),pese (0.0411),determinadas (0.0339),extensão (0.0366),saindo (0.0378)
4622,segui (0.0392),incômodo (0.0411),orgânicas (0.0339),linguagem (0.0365),desculpas (0.0378)
4623,complementar (0.0392),incentivados (0.0411),subtropical (0.0339),enfrentaram (0.0362),destacam (0.0378)
4624,manú (0.0392),pipoca (0.0411),transparecem (0.0339),assis (0.0362),saiba (0.0378)
4625,subindo (0.0392),turbulência (0.0411),anda (0.0339),esforçado (0.0362),rindo (0.0378)
4626,complicada (0.0392),abrigando (0.0411),abarcar (0.0339),decididos (0.0362),deixá (0.0378)
4627,pincel (0.0392),pessimista (0.0411),rasgos (0.0339),roçado (0.0362),discurso (0.0378)
4628,travada (0.0392),indiquem (0.0411),crença (0.0339),amazônicos (0.0362),célula (0.0378)
4629,chegados (0.0392),coloquialismo (0.0411),abstratos (0.0339),ângulos (0.0362),eleva (0.0378)
4630,sofre (0.0391),começado (0.0411),convivência (0.0339),ferro (0.0362),girassol (0.0378)
4631,sugerindo (0.0391),influenciou (0.0411),prejudicial (0.0339),apresentou (0.0362),paulistanas (0.0378)
4632,lateral (0.0391),incentivaram (0.0411),acesso (0.0339),psicodélica (0.0362),mostrou (0.0378)
4633,transcendem (0.0391),broches (0.0411),acolhia (0.0339),regatas (0.0362),caracterizava (0.0378)
4634,cuidando (0.0391),adolescente (0.0411),viola (0.0339),rezar (0.0362),inimiga (0.0378)
4635,helena (0.0391),concentrado (0.0411),manu (0.0337),ocasionalmente (0.0362),carismática (0.0378)
4636,respirar (0.0390),coitada (0.0411),traduz (0.0336),sonhar (0.0362),carros (0.0378)
4637,acidente (0.0390),intelecto (0.0411),superficial (0.0336),pareceu (0.0362),vermelhos (0.0378)
4638,conservador (0.0390),toninho (0.0411),permissão (0.0336),aparecendo (0.0362),persistem (0.0378)
4639,ponderada (0.0390),meto (0.0411),gravidade (0.0336),gravados (0.0362),testemunharam (0.0378)
4640,consciente (0.0390),condicionado (0.0411),artísticas (0.0336),limitada (0.0362),caçula (0.0378)
4641,diversificada (0.0389),concordo (0.0411),proximidade (0.0336),curvavam (0.0362),tesouros (0.0378)
4642,frequente (0.0389),polonesa (0.0411),motivo (0.0336),misturavam (0.0362),imprimir (0.0378)
4643,reconhecimento (0.0389),metalúrgica (0.0411),balançar (0.0336),conversava (0.0362),celebro (0.0378)
4644,neutras (0.0389),impecáveis (0.0411),amarras (0.0336),grato (0.0362),importam (0.0378)
4645,ritual (0.0387),compreenda (0.0411),primavera (0.0336),perderam (0.0362),anedota (0.0378)
4646,enfatizando (0.0387),marketing (0.0411),raios (0.0336),interage (0.0362),impingir (0.0378)
4647,trajes (0.0387),podcasts (0.0411),arrancando (0.0336),conservadas (0.0362),acumulado (0.0378)
4648,tingido (0.0387),ater (0.0411),variação (0.0336),ofuscante (0.0362),pulsava (0.0378)
4649,caderno (0.0386),imprecisos (0.0411),quietas (0.0336),estéticas (0.0362),chapinha (0.0378)
4650,existindo (0.0386),inserida (0.0411),espero (0.0336),retorcidas (0.0362),ampara (0.0378)
4651,dançando (0.0384),adoram (0.0411),hesitante (0.0336),atraía (0.0362),permanecem (0.0378)
4652,pinto (0.0384),platinadas (0.0411),medalhão (0.0336),aguento (0.0362),moleza (0.0378)
4653,decorado (0.0384),orgânicos (0.0411),equilibrar (0.0336),construções (0.0362),cigarras (0.0378)
4654,assistir (0.0384),itália (0.0411),contrário (0.0336),acelerado (0.0362),humanidade (0.0378)
4655,cobre (0.0384),prazos (0.0411),dançavam (0.0336),expansivo (0.0362),cintilar (0.0378)
4656,religião (0.0384),chique (0.0411),envolver (0.0336),tocando (0.0362),vendia (0.0378)
4657,tendências (0.0384),sóbria (0.0411),mangue (0.0336),pomada (0.0362),vender (0.0378)
4658,inúmeros (0.0384),cruzava (0.0411),sofreu (0.0336),caber (0.0362),invadir (0.0378)
4659,enxergam (0.0384),fortunas (0.0411),elástico (0.0336),rastas (0.0362),borbulhante (0.0378)
4660,consistia (0.0384),aplique (0.0411),saborosos (0.0336),deliberados (0.0362),valiosa (0.0378)
4661,ofensivas (0.0384),sensíveis (0.0411),renda (0.0336),maxilar (0.0362),aumentava (0.0378)
4662,inclusive (0.0384),moldados (0.0411),regata (0.0335),rústicos (0.0362),ausência (0.0378)
4663,explicação (0.0384),prolongada (0.0411),paulista (0.0335),75m (0.0362),ponderados (0.0378)
4664,pirenópolis (0.0384),mantive (0.0411),atrás (0.0334),expressividade (0.0362),pitadas (0.0378)
4665,completar (0.0384),penteando (0.0411),gaúcha (0.0334),tabaco (0.0362),ufjf (0.0378)
4666,pernambucana (0.0384),visitas (0.0411),origens (0.0333),exterior (0.0362),maravilhoso (0.0378)
4667,impressão (0.0384),professores (0.0411),correria (0.0333),promovem (0.0362),bandeja (0.0378)
4668,pinceladas (0.0384),alberto (0.0411),gracioso (0.0333),extremamente (0.0362),linguística (0.0378)
4669,maxi (0.0384),julga (0.0411),mesmas (0.0333),pontuando (0.0362),biblioteca (0.0378)
4670,cozido (0.0384),frustrada (0.0411),escondiam (0.0333),interessantes (0.0362),lembre (0.0378)
4671,linguística (0.0384),taciturno (0.0411),vergonha (0.0333),assuntos (0.0362),invasivas (0.0378)
4672,manifestava (0.0384),procurei (0.0411),acompanhando (0.0333),crespa (0.0362),lavradores (0.0378)
4673,carismática (0.0384),princesas (0.0411),zabumba (0.0333),surgem (0.0362),brilhar (0.0378)
4674,inaudível (0.0384),moderado (0.0411),quilombola (0.0333),misturou (0.0362),precisei (0.0378)
4675,corto (0.0384),proporcionam (0.0411),navegando (0.0333),superações (0.0362),maxi (0.0378)
4676,resulta (0.0384),semi (0.0411),conseguir (0.0333),berço (0.0362),preconceituoso (0.0378)
4677,banco (0.0384),propriamente (0.0411),sombras (0.0333),cresce (0.0362),jornal (0.0378)
4678,ignora (0.0384),variado (0.0411),ficam (0.0333),lembretes (0.0362),jeitos (0.0378)
4679,acreditem (0.0384),vinhedos (0.0411),abandona (0.0333),bicicleta (0.0362),veia (0.0378)
4680,comprei (0.0384),saídas (0.0411),grisalhar (0.0333),jeitinho (0.0362),invés (0.0378)
4681,reunião (0.0384),atual (0.0411),testemunhava (0.0333),nutrem (0.0362),memorável (0.0378)
4682,aflora (0.0384),pudim (0.0411),computador (0.0333),rigidez (0.0362),colagens (0.0378)
4683,imperfeita (0.0384),flamengo (0.0411),complementando (0.0333),sibilante (0.0362),cercar (0.0378)
4684,achatado (0.0384),cut (0.0411),escolhe (0.0333),formiga (0.0362),queridos (0.0378)
4685,azulejos (0.0384),monótona (0.0411),boto (0.0333),nacional (0.0362),sussurram (0.0378)
4686,colhiam (0.0384),alinhado (0.0411),bordadas (0.0333),ensolarado (0.0362),percebida (0.0378)
4687,memorável (0.0384),formalidades (0.0411),laterais (0.0333),pausas (0.0362),fátima (0.0378)
4688,ergue (0.0384),cursando (0.0411),junção (0.0333),unidos (0.0362),conquistado (0.0378)
4689,tiro (0.0384),monotonia (0.0411),fisicamente (0.0333),moderna (0.0361),mútuo (0.0378)
4690,têmpora (0.0384),cumprimento (0.0411),cultivaram (0.0333),óculos (0.0361),recompensa (0.0378)
4691,peço (0.0384),focado (0.0411),servem (0.0333),variedade (0.0359),reconhecido (0.0378)
4692,inteiras (0.0384),ofendido (0.0411),entendam (0.0333),rádio (0.0359),folgada (0.0378)
4693,sobrevivente (0.0384),pilha (0.0411),continha (0.0333),alternativo (0.0359),fluem (0.0378)
4694,aventurar (0.0384),formadas (0.0411),experiente (0.0333),mandacaru (0.0359),contusão (0.0378)
4695,voltar (0.0384),garantido (0.0411),autoafirmação (0.0333),autênticas (0.0359),convite (0.0378)
4696,prá (0.0384),apoiaram (0.0411),transpira (0.0333),puxei (0.0359),reduzir (0.0378)
4697,entranhada (0.0384),geminadas (0.0411),tucupi (0.0333),funciona (0.0359),vá (0.0378)
4698,preza (0.0384),adicionais (0.0411),exposta (0.0333),pobre (0.0359),cospe (0.0378)
4699,incorporam (0.0384),adicionar (0.0411),carreguei (0.0333),aprendizados (0.0359),façam (0.0378)
4700,lispector (0.0384),botão (0.0411),extravagâncias (0.0333),aceita (0.0359),refugio (0.0378)
4701,metrópole (0.0384),contraditórias (0.0411),ignorar (0.0333),grudento (0.0359),fatos (0.0378)
4702,pitadas (0.0384),traiçoeiro (0.0411),deixado (0.0333),histórica (0.0359),registrar (0.0378)
4703,experimental (0.0384),contribuiriam (0.0411),contextos (0.0333),abóbora (0.0359),falada (0.0378)
4704,múltiplo (0.0384),contextualização (0.0411),cultivava (0.0333),astro (0.0359),notável (0.0378)
4705,extravagantes (0.0384),olhavam (0.0411),contagia (0.0333),horizontes (0.0359),alê (0.0378)
4706,dançante (0.0384),vacas (0.0411),iguais (0.0333),testemunhando (0.0359),constelação (0.0378)
4707,sentirem (0.0384),desafiando (0.0411),curvatura (0.0333),colhia (0.0359),ambiciosa (0.0378)
4708,flutua (0.0384),crianças (0.0411),cheiros (0.0333),casinha (0.0359),amazonense (0.0378)
4709,saindo (0.0384),superou (0.0409),igualmente (0.0333),mágico (0.0359),companheiros (0.0378)
4710,debater (0.0384),modas (0.0409),pintadas (0.0332),espontâneos (0.0359),manda (0.0378)
4711,diluída (0.0384),acalmam (0.0409),brasileiras (0.0331),filhas (0.0359),quiabo (0.0378)
4712,apropriadas (0.0384),grudou (0.0409),agreste (0.0330),facetas (0.0359),comportamentais (0.0378)
4713,relaxamento (0.0384),entrelaçadas (0.0409),evidentes (0.0330),coqueiro (0.0359),facilmente (0.0377)
4714,cintilar (0.0384),compreendem (0.0409),misturaram (0.0330),vizinha (0.0359),hábito (0.0377)
4715,arada (0.0384),sorriem (0.0409),chamarem (0.0330),inusitadas (0.0359),erva (0.0377)
4716,lago (0.0384),quiser (0.0409),residia (0.0330),lú (0.0359),intrínseca (0.0377)
4717,valiosa (0.0384),insistia (0.0409),tipos (0.0330),notar (0.0359),caminhar (0.0376)
4718,discrição (0.0384),delicioso (0.0409),compartilhando (0.0330),grudam (0.0359),mundos (0.0376)
4719,célula (0.0384),iara (0.0408),conscientização (0.0330),frevo (0.0359),mente (0.0376)
4720,disseram (0.0384),cinzento (0.0407),férteis (0.0330),limitações (0.0359),magros (0.0376)
4721,customizada (0.0384),ousadas (0.0407),aurora (0.0330),encanto (0.0359),confesso (0.0374)
4722,clarice (0.0384),sintonia (0.0407),robusta (0.0330),cansa (0.0359),maciez (0.0374)
4723,amareladas (0.0384),atlética (0.0407),clarear (0.0330),interiorzão (0.0359),pop (0.0374)
4724,abstrata (0.0384),abraçava (0.0407),sabia (0.0330),folga (0.0359),chamada (0.0374)
4725,gole (0.0384),moldando (0.0407),costa (0.0330),gratidão (0.0359),preferindo (0.0374)
4726,ampara (0.0384),superar (0.0407),tentaram (0.0330),deparo (0.0359),habitam (0.0374)
4727,simpático (0.0384),artísticos (0.0407),quebrar (0.0330),coube (0.0359),medicinais (0.0374)
4728,forjar (0.0384),definidas (0.0407),bocado (0.0330),ação (0.0359),animais (0.0374)
4729,chapinha (0.0384),sotaques (0.0407),infantis (0.0330),segundo (0.0359),carregue (0.0372)
4730,precisei (0.0384),favorita (0.0407),rei (0.0330),despachado (0.0359),finais (0.0372)
4731,anseio (0.0384),conhecido (0.0407),curvam (0.0330),todes (0.0359),queijo (0.0372)
4732,realização (0.0384),descolados (0.0407),tia (0.0330),esperar (0.0359),tecendo (0.0372)
4733,precisando (0.0384),une (0.0407),arroz (0.0330),justas (0.0359),capim (0.0372)
4734,desenhado (0.0384),disposição (0.0407),contrastam (0.0329),distantes (0.0359),criaram (0.0372)
4735,fátima (0.0384),significativos (0.0407),dureza (0.0328),contados (0.0359),labirinto (0.0372)
4736,verbalmente (0.0384),petrolina (0.0407),sal (0.0328),determinadas (0.0359),justificativas (0.0372)
4737,aparar (0.0384),mata (0.0405),amplos (0.0328),formada (0.0359),abelhas (0.0372)
4738,insisto (0.0384),contraditória (0.0404),ônibus (0.0328),lindamente (0.0355),abra (0.0372)
4739,desistem (0.0384),grafite (0.0404),laço (0.0328),tentei (0.0355),fixo (0.0372)
4740,descalças (0.0384),queimava (0.0404),adocicado (0.0328),jacarandá (0.0355),acentua (0.0372)
4741,deslizam (0.0384),templo (0.0404),receber (0.0328),afetivos (0.0355),céus (0.0372)
4742,veia (0.0384),adicionava (0.0404),relacionados (0.0328),inegavelmente (0.0355),amistosa (0.0372)
4743,forçar (0.0384),definida (0.0404),independentemente (0.0328),lavar (0.0355),educar (0.0372)
4744,pensativo (0.0384),fragrância (0.0404),procurando (0.0328),revolto (0.0355),ecléticos (0.0372)
4745,geométrica (0.0384),repetidas (0.0404),cortes (0.0328),vizinhas (0.0355),escolheu (0.0372)
4746,dizendo (0.0384),escova (0.0404),meia (0.0328),transpareciam (0.0355),marítima (0.0372)
4747,surgia (0.0384),zeca (0.0404),iari (0.0328),arrancando (0.0355),bonitas (0.0372)
4748,amaram (0.0384),binários (0.0403),compartilha (0.0328),permissão (0.0355),continuam (0.0372)
4749,quatro (0.0384),visíveis (0.0402),merece (0.0328),contradição (0.0355),maresia (0.0372)
4750,econômicos (0.0384),brotar (0.0402),gato (0.0328),especificamente (0.0355),históricas (0.0372)
4751,alterna (0.0384),plástica (0.0402),ostentam (0.0328),encontrava (0.0355),lição (0.0372)
4752,fascínio (0.0384),resistindo (0.0402),curvado (0.0328),transbordam (0.0355),fascina (0.0372)
4753,romântico (0.0384),amplo (0.0402),melodioso (0.0326),palidez (0.0355),desabrochando (0.0372)
4754,crônicas (0.0384),domá (0.0402),inerentes (0.0325),compreendida (0.0355),explica (0.0372)
4755,faltando (0.0384),obra (0.0402),aventuras (0.0325),hesitante (0.0355),dom (0.0372)
4756,elétrico (0.0384),mapas (0.0402),barreiras (0.0325),medalhão (0.0355),maldosos (0.0372)
4757,perguntar (0.0384),humanos (0.0402),licença (0.0325),combustível (0.0355),amazônicas (0.0372)
4758,celebro (0.0384),brincadeira (0.0402),52 (0.0325),monte (0.0355),necessariamente (0.0372)
4759,leciono (0.0384),digo (0.0402),galinhas (0.0325),agricultora (0.0355),calar (0.0372)
4760,calorenta (0.0384),tropicais (0.0402),calçava (0.0325),mangue (0.0355),inegáveis (0.0372)
4761,fatos (0.0384),correr (0.0402),artística (0.0325),deixei (0.0355),envolvendo (0.0372)
4762,quadradinhos (0.0384),terrosa (0.0402),veem (0.0325),expressem (0.0355),carvalho (0.0372)
4763,platinado (0.0384),fibra (0.0401),gama (0.0325),apagadas (0.0355),gramática (0.0372)
4764,alê (0.0384),cabem (0.0400),reúne (0.0325),modos (0.0355),mistos (0.0372)
4765,religiosidade (0.0383),cajueiro (0.0400),lidando (0.0325),importe (0.0355),engenho (0.0372)
4766,leitura (0.0383),caírem (0.0400),mudando (0.0325),metais (0.0355),desconfiança (0.0372)
4767,artesanalmente (0.0383),chamativos (0.0400),crescimento (0.0325),afável (0.0355),anima (0.0372)
4768,intrincado (0.0382),fluência (0.0400),perdida (0.0325),refletida (0.0355),galera (0.0372)
4769,observar (0.0382),elaborados (0.0400),embaixo (0.0325),vivem (0.0355),esperto (0.0372)
4770,sala (0.0382),tijolos (0.0400),sandália (0.0325),dedicando (0.0355),chamou (0.0372)
4771,escondida (0.0382),plantou (0.0400),sinfonia (0.0325),percepção (0.0355),ente (0.0372)
4772,adorno (0.0382),bisavó (0.0400),dourados (0.0324),trans (0.0355),deliciosas (0.0372)
4773,abriga (0.0381),necessário (0.0400),preferir (0.0323),volume (0.0355),entra (0.0372)
4774,maciez (0.0381),ouvi (0.0400),forjado (0.0323),informalidade (0.0355),imaginária (0.0372)
4775,sagrada (0.0381),árvore (0.0399),tocava (0.0323),concentram (0.0355),opto (0.0372)
4776,medicinais (0.0380),cigarros (0.0398),desgaste (0.0323),artísticas (0.0355),fria (0.0372)
4777,balançando (0.0380),defende (0.0398),espesso (0.0323),contrário (0.0355),inesperado (0.0372)
4778,habita (0.0378),emoção (0.0398),bandeira (0.0323),cotidianas (0.0355),apoiar (0.0372)
4779,acariciaram (0.0378),comidas (0.0398),contemplativo (0.0323),escape (0.0355),carregarei (0.0372)
4780,começaram (0.0378),fechada (0.0398),diferenças (0.0323),reluzia (0.0355),negar (0.0372)
4781,galera (0.0378),ombro (0.0398),elegantes (0.0323),las (0.0355),moído (0.0372)
4782,manchados (0.0378),objetivas (0.0398),envelhecido (0.0323),soma (0.0355),invisibilizadas (0.0372)
4783,calar (0.0378),odeio (0.0398),acompanhou (0.0323),dada (0.0355),moldam (0.0372)
4784,carvalho (0.0378),abrindo (0.0398),direitinho (0.0323),banhara (0.0355),emprego (0.0372)
4785,customizadas (0.0378),beber (0.0398),escolhi (0.0323),motivo (0.0355),charutos (0.0372)
4786,der (0.0378),ache (0.0398),aprendida (0.0323),assertiva (0.0355),abrigo (0.0372)
4787,formalidade (0.0378),19 (0.0398),base (0.0323),parcialmente (0.0355),caneta (0.0372)
4788,ouvia (0.0378),baseados (0.0398),coroa (0.0323),digitais (0.0355),intermináveis (0.0372)
4789,gargalhada (0.0378),museus (0.0398),salpicadas (0.0322),cariocas (0.0355),formalidade (0.0372)
4790,abundantes (0.0378),acendia (0.0398),garra (0.0322),tecelagem (0.0354),inquestionável (0.0372)
4791,entra (0.0378),opaca (0.0398),amar (0.0322),possibilidade (0.0354),estereotipar (0.0372)
4792,herdando (0.0378),mineirês (0.0398),juninas (0.0321),pescar (0.0353),influenciadas (0.0372)
4793,adaptada (0.0378),médico (0.0398),abraçam (0.0321),pleno (0.0352),carisma (0.0372)
4794,informática (0.0378),tratamentos (0.0398),vivido (0.0321),pairar (0.0352),conserto (0.0372)
4795,morada (0.0378),militar (0.0398),esperam (0.0321),furioso (0.0352),mandala (0.0372)
4796,anima (0.0378),minuto (0.0398),pontes (0.0321),pigmentação (0.0352),10 (0.0372)
4797,carvão (0.0378),mudou (0.0398),dinheiro (0.0321),nota (0.0352),sexualidade (0.0372)
4798,atropelando (0.0378),acaba (0.0398),adequadas (0.0321),cultivava (0.0352),plantado (0.0372)
4799,evita (0.0378),aborda (0.0398),timbre (0.0321),altiva (0.0352),tostada (0.0372)
4800,comportamentos (0.0378),bagunçada (0.0398),complexas (0.0321),cheiros (0.0352),vindos (0.0372)
4801,colagem (0.0378),abraçavam (0.0398),lágrimas (0.0321),sombras (0.0352),protestos (0.0372)
4802,charutos (0.0378),breves (0.0398),acidentes (0.0321),gracioso (0.0352),some (0.0372)
4803,captar (0.0378),médios (0.0398),amável (0.0321),apreço (0.0352),regadas (0.0372)
4804,elx (0.0378),brandas (0.0398),quilômetros (0.0321),grisalhar (0.0352),religiões (0.0372)
4805,escapou (0.0378),torresmo (0.0398),fazendo (0.0321),instrumentos (0.0352),primas (0.0372)
4806,costurando (0.0378),brinquedos (0.0398),trabalhava (0.0321),angu (0.0352),velados (0.0372)
4807,abertura (0.0378),azuladas (0.0398),oestinas (0.0321),navegando (0.0352),posicionar (0.0372)
4808,autonomia (0.0378),econômica (0.0398),mensagens (0.0321),cheira (0.0352),soltando (0.0372)
4809,estereotipar (0.0378),diversificado (0.0398),canela (0.0321),cravejada (0.0352),tentativas (0.0372)
4810,ambição (0.0378),apegado (0.0398),passei (0.0321),pintas (0.0352),vendo (0.0372)
4811,mandala (0.0378),delu (0.0398),quebrando (0.0321),deixado (0.0352),vendendo (0.0372)
4812,agrícola (0.0378),sucedida (0.0398),mescla (0.0321),microagressões (0.0352),pedrarias (0.0372)
4813,fita (0.0378),saiu (0.0398),leite (0.0321),vinte (0.0352),transbordava (0.0372)
4814,arcaico (0.0378),começasse (0.0398),limpo (0.0320),escolhe (0.0352),saboreando (0.0372)
4815,caneta (0.0378),indireta (0.0398),aparentemente (0.0319),encontraram (0.0352),socialmente (0.0372)
4816,apresentam (0.0378),salões (0.0398),pino (0.0319),solares (0.0352),sábados (0.0372)
4817,cooperativa (0.0378),alternativa (0.0398),sacos (0.0319),realçar (0.0352),rafael (0.0372)
4818,amistosa (0.0378),arestas (0.0398),pique (0.0319),cadenciada (0.0352),tombo (0.0372)
4819,abordam (0.0378),incomuns (0.0398),enigma (0.0319),manuais (0.0352),pudesse (0.0372)
4820,opacas (0.0378),esquentar (0.0398),ambientais (0.0319),desengonçado (0.0352),sofisticadas (0.0372)
4821,ereto (0.0378),incomodada (0.0398),dar (0.0318),restante (0.0352),variavam (0.0372)
4822,devia (0.0378),ficaram (0.0398),ricos (0.0317),tambor (0.0352),salientes (0.0372)
4823,negar (0.0378),composto (0.0398),imprevisível (0.0317),curvatura (0.0352),eterno (0.0371)
4824,libertador (0.0378),alpargatas (0.0398),tricô (0.0317),mesmas (0.0352),rodeios (0.0370)
4825,cuidaram (0.0378),inchados (0.0398),evocava (0.0317),contagia (0.0352),tecnologia (0.0370)
4826,intercalado (0.0378),decidir (0.0398),generalizada (0.0317),ficam (0.0352),preocupação (0.0369)
4827,aprendem (0.0378),compreendidas (0.0398),abater (0.0317),prontas (0.0352),gado (0.0368)
4828,enfeitam (0.0378),compreendê (0.0398),solidão (0.0317),continha (0.0352),convive (0.0368)
4829,mudei (0.0378),vastas (0.0398),aliança (0.0317),passeio (0.0352),tece (0.0367)
4830,necessariamente (0.0378),coloquialismos (0.0398),janela (0.0317),bode (0.0352),sufocantes (0.0366)
4831,conheça (0.0378),informação (0.0398),imprecisa (0.0317),bordadas (0.0352),frescuras (0.0366)
4832,aposentada (0.0378),dependem (0.0398),permeiam (0.0317),retalhos (0.0352),avistar (0.0366)
4833,apertos (0.0378),estereotipado (0.0398),organizada (0.0317),piadas (0.0352),rochas (0.0366)
4834,elaborada (0.0378),desertas (0.0398),ajudava (0.0317),permitir (0.0352),goianas (0.0366)
4835,mestiçagem (0.0378),estresse (0.0398),talento (0.0317),panamá (0.0352),variáveis (0.0366)
4836,incerteza (0.0378),clientes (0.0398),conversar (0.0316),escrevendo (0.0352),cansativo (0.0366)
4837,10 (0.0378),estéticos (0.0398),lia (0.0315),composição (0.0352),lentidão (0.0366)
4838,plissada (0.0378),descuidado (0.0398),pontas (0.0315),testemunhava (0.0352),relacionamentos (0.0366)
4839,passava (0.0378),evite (0.0398),veadeiros (0.0315),quilombola (0.0352),racista (0.0366)
4840,quarto (0.0378),exigiria (0.0398),mutável (0.0315),impôs (0.0352),rodeiam (0.0366)
4841,saboreando (0.0378),existiam (0.0398),tanta (0.0315),cordões (0.0352),apresento (0.0366)
4842,pensamento (0.0378),vôlei (0.0398),conhecido (0.0315),optar (0.0352),complementava (0.0366)
4843,posicionar (0.0378),desbotou (0.0398),abraçava (0.0315),começo (0.0352),armadura (0.0366)
4844,resumida (0.0378),desaprender (0.0398),conexões (0.0315),dose (0.0352),compreensiva (0.0366)
4845,vaso (0.0378),coletes (0.0398),cotidiano (0.0315),indivíduo (0.0352),diga (0.0366)
4846,reuniões (0.0378),coleção (0.0398),áreas (0.0314),menos (0.0350),movimentava (0.0366)
4847,tombo (0.0378),insista (0.0398),adaptar (0.0314),férteis (0.0349),nublados (0.0366)
4848,pulmões (0.0378),goste (0.0398),frondosas (0.0314),rei (0.0349),turbulentas (0.0366)
4849,áfrica (0.0378),colonizadores (0.0398),sai (0.0314),quilinhos (0.0349),compradas (0.0366)
4850,peitoral (0.0378),página (0.0398),raspado (0.0314),compõem (0.0349),molha (0.0366)
4851,plantado (0.0378),variariam (0.0398),estilizada (0.0314),interiorana (0.0349),sustentáveis (0.0366)
4852,primas (0.0378),sonhava (0.0398),curvada (0.0314),farto (0.0349),conecto (0.0366)
4853,usual (0.0378),aproxime (0.0398),abaixo (0.0314),vestígios (0.0349),abelha (0.0366)
4854,transbordava (0.0378),agradam (0.0398),confiante (0.0313),angústias (0.0349),encontravam (0.0366)
4855,relaciona (0.0378),siamesa (0.0398),cuidadas (0.0313),coluna (0.0349),canavial (0.0366)
4856,perfeição (0.0378),gata (0.0398),cara (0.0313),entrelaçada (0.0349),quieta (0.0366)
4857,servia (0.0378),gatos (0.0398),valorizar (0.0313),outrora (0.0349),bar (0.0366)
4858,pesar (0.0378),precoce (0.0398),problemas (0.0312),graças (0.0349),unem (0.0366)
4859,respondo (0.0378),skinny (0.0398),soja (0.0312),capítulo (0.0349),brincalhona (0.0366)
4860,tostada (0.0378),pressões (0.0398),ninho (0.0312),foice (0.0349),esboçam (0.0366)
4861,sábados (0.0378),agropecuária (0.0398),misturadas (0.0312),narram (0.0349),vistas (0.0366)
4862,transporta (0.0378),contraponto (0.0398),bússola (0.0312),olinda (0.0349),transpirava (0.0366)
4863,rosado (0.0378),genéticos (0.0398),indicando (0.0312),pimenta (0.0349),coral (0.0366)
4864,perene (0.0378),consultoria (0.0398),chave (0.0312),começavam (0.0349),desconfortável (0.0366)
4865,produzir (0.0378),contrapondo (0.0398),digo (0.0312),infantis (0.0349),implica (0.0366)
4866,sinônimo (0.0378),girar (0.0398),pedacinho (0.0312),tarefa (0.0349),casamentos (0.0366)
4867,velados (0.0378),preenchidas (0.0398),área (0.0312),reconhece (0.0349),entoação (0.0366)
4868,sobra (0.0378),preferidos (0.0398),cajueiro (0.0311),prédios (0.0349),divide (0.0366)
4869,regionalismo (0.0378),goles (0.0398),chamativos (0.0311),nasce (0.0349),partilha (0.0366)
4870,reafirmação (0.0378),preguiçosas (0.0398),sapatos (0.0311),delicadamente (0.0349),ecoe (0.0366)
4871,regadas (0.0378),apreciam (0.0398),ouvi (0.0311),ajustadas (0.0349),destaque (0.0366)
4872,ruim (0.0378),frisar (0.0398),ligo (0.0311),criava (0.0349),quinze (0.0366)
4873,preferências (0.0378),publicações (0.0398),aconchego (0.0311),admito (0.0349),mancha (0.0366)
4874,seguravam (0.0378),volto (0.0398),bisavó (0.0311),enfrentam (0.0349),luzia (0.0366)
4875,rodadas (0.0378),vovó (0.0398),contraste (0.0309),religioso (0.0349),anunciam (0.0366)
4876,curvas (0.0377),alinhada (0.0398),carregou (0.0309),obstáculo (0.0349),ile (0.0366)
4877,pente (0.0377),floreios (0.0398),escolhida (0.0309),mantêm (0.0349),sês (0.0366)
4878,estreladas (0.0377),concentrar (0.0398),mantinham (0.0309),iago (0.0349),jumenta (0.0366)
4879,protegem (0.0376),cumplicidade (0.0398),explorar (0.0309),azuis (0.0349),observo (0.0366)
4880,igualitário (0.0375),seguiu (0.0398),emoção (0.0309),exposição (0.0348),escutam (0.0366)
4881,conto (0.0375),polos (0.0398),denunciando (0.0309),alimento (0.0346),íntimo (0.0366)
4882,permitem (0.0375),imaginários (0.0398),molde (0.0309),laço (0.0346),choro (0.0366)
4883,admiração (0.0374),conferindo (0.0398),telas (0.0308),potente (0.0346),influenciados (0.0366)
4884,evidenciando (0.0373),fofoca (0.0398),sorri (0.0308),impregna (0.0346),representante (0.0366)
4885,agilidade (0.0373),conflito (0.0398),malícia (0.0306),brilhando (0.0346),escuridão (0.0366)
4886,amargo (0.0373),propositalmente (0.0398),doces (0.0306),blazer (0.0346),atitude (0.0366)
4887,tente (0.0373),solidária (0.0398),rodada (0.0306),churrasquinho (0.0346),mantenho (0.0366)
4888,real (0.0373),confrontar (0.0398),ruga (0.0306),eloquência (0.0346),produzindo (0.0366)
4889,mesclam (0.0373),voluntário (0.0398),concha (0.0306),desconstruir (0.0346),idosa (0.0366)
4890,formar (0.0373),valorizava (0.0398),astúcia (0.0306),calção (0.0346),bibliotecária (0.0366)
4891,pouquinho (0.0373),crato (0.0398),ajudam (0.0306),cortes (0.0346),enraizadas (0.0366)
4892,madrugada (0.0373),estabanado (0.0398),cinza (0.0306),referência (0.0346),despretensiosas (0.0366)
4893,destaque (0.0373),gostinho (0.0398),belém (0.0305),diminuir (0.0346),familiarizado (0.0366)
4894,alegra (0.0373),distancia (0.0398),rígidos (0.0305),maranhense (0.0346),grampos (0.0366)
4895,genuínos (0.0373),responsável (0.0398),leão (0.0305),paralelepípedos (0.0346),inesgotável (0.0366)
4896,opinião (0.0373),localidade (0.0398),tornava (0.0305),moldado (0.0346),apertar (0.0366)
4897,turbulentas (0.0373),acompanhadas (0.0398),encaixei (0.0305),trabalhadores (0.0346),convicta (0.0366)
4898,pegou (0.0373),tabuleiro (0.0398),capturar (0.0305),candomblé (0.0346),poesias (0.0366)
4899,contemplar (0.0373),empática (0.0398),goiano (0.0305),apreciar (0.0346),úmidos (0.0366)
4900,davam (0.0373),esforcei (0.0398),sertaneja (0.0304),nomear (0.0346),sentem (0.0366)
4901,debate (0.0373),devo (0.0398),escuto (0.0304),flexibilidade (0.0344),abundância (0.0366)
4902,ganhavam (0.0373),representado (0.0398),lenta (0.0304),político (0.0344),especiarias (0.0366)
4903,estreitas (0.0373),resultados (0.0398),receita (0.0304),celebradas (0.0344),mercado (0.0366)
4904,aproximava (0.0373),esconda (0.0398),genuína (0.0304),firmemente (0.0344),inesperados (0.0366)
4905,doem (0.0373),lisas (0.0398),uniforme (0.0304),conquistei (0.0344),mudas (0.0366)
4906,divide (0.0373),enchentes (0.0398),caráter (0.0304),machado (0.0344),lampejo (0.0366)
4907,coral (0.0373),penduradas (0.0398),variações (0.0304),impuseram (0.0344),baru (0.0366)
4908,decisões (0.0373),reiterar (0.0398),acredita (0.0304),papel (0.0344),desenhando (0.0366)
4909,pintado (0.0373),amplitude (0.0398),parda (0.0304),velado (0.0344),estreitas (0.0366)
4910,inesgotável (0.0373),respostas (0.0398),bigode (0.0303),araucárias (0.0344),maquiagem (0.0366)
4911,armadura (0.0373),envergonha (0.0398),professor (0.0303),confere (0.0344),objetos (0.0366)
4912,afetivas (0.0373),relacionado (0.0398),desbotados (0.0303),presenteou (0.0344),40 (0.0364)
4913,inesperados (0.0373),dogmas (0.0398),sozinha (0.0303),inerentes (0.0344),serra (0.0363)
4914,maré (0.0373),carlos (0.0398),confusão (0.0303),calçados (0.0344),salpicados (0.0363)
4915,autônoma (0.0373),engajados (0.0398),chamavam (0.0303),respeitoso (0.0344),geral (0.0363)
4916,infinita (0.0373),pautada (0.0398),combinava (0.0303),patches (0.0344),pantanal (0.0362)
4917,choro (0.0373),tendendo (0.0398),binaridade (0.0303),crescimento (0.0344),invisibilizada (0.0362)
4918,ondulação (0.0373),casacos (0.0398),eventos (0.0301),planto (0.0344),moradora (0.0362)
4919,cuidava (0.0373),televisão (0.0398),sustentava (0.0301),terreno (0.0344),rocha (0.0362)
4920,ocupação (0.0373),carrinhos (0.0398),sugerindo (0.0301),assunto (0.0344),imposto (0.0362)
4921,apertar (0.0373),resultantes (0.0398),mesclando (0.0301),pertenço (0.0344),orgulhar (0.0362)
4922,pérolas (0.0373),redonda (0.0398),pratos (0.0301),vestiam (0.0344),rabinhos (0.0362)
4923,diga (0.0373),tailleur (0.0398),frase (0.0301),neste (0.0344),preparam (0.0362)
4924,frescuras (0.0373),cheguei (0.0398),digital (0.0300),trabalhou (0.0344),barbante (0.0362)
4925,contador (0.0373),espalharam (0.0398),grudado (0.0300),esportes (0.0344),maravilhosamente (0.0362)
4926,contribui (0.0373),parcela (0.0398),fiel (0.0300),parentes (0.0344),consolo (0.0362)
4927,pareça (0.0373),veterinária (0.0398),consciente (0.0300),frescura (0.0344),infelizmente (0.0362)
4928,realizado (0.0373),izabel (0.0398),mogno (0.0300),rasgados (0.0344),múltiplos (0.0362)
4929,traduzem (0.0373),cangaço (0.0398),conforme (0.0300),roças (0.0344),constitui (0.0362)
4930,sair (0.0373),resgato (0.0398),atualmente (0.0299),vó (0.0344),catolicismo (0.0362)
4931,patos (0.0373),efervescência (0.0398),ingredientes (0.0299),finalmente (0.0344),colarinho (0.0362)
4932,verdadeiras (0.0373),cla (0.0398),feminilidade (0.0299),reúne (0.0344),ambiguidade (0.0362)
4933,posiciona (0.0373),durar (0.0398),cuidados (0.0299),licença (0.0344),artesãs (0.0362)
4934,chegaram (0.0373),redefine (0.0398),preocupar (0.0299),esquina (0.0344),saído (0.0362)
4935,glamour (0.0373),espirituosa (0.0398),orgulha (0.0298),costumava (0.0344),looks (0.0362)
4936,emolduradas (0.0373),efeito (0.0398),sonho (0.0298),aspectos (0.0344),sóis (0.0362)
4937,esperavam (0.0373),aracy (0.0397),esguia (0.0297),fluxo (0.0342),multidão (0.0362)
4938,esperava (0.0373),sopra (0.0397),gráfica (0.0297),puro (0.0342),acadêmica (0.0362)
4939,extrair (0.0373),sorri (0.0397),fartos (0.0297),adereço (0.0342),rebelar (0.0362)
4940,quieta (0.0373),inabaláveis (0.0397),realça (0.0297),promover (0.0342),masculinos (0.0362)
4941,questionamentos (0.0373),sincero (0.0397),frequência (0.0296),exibem (0.0342),vigor (0.0362)
4942,nadar (0.0373),logo (0.0397),religião (0.0296),jogos (0.0342),central (0.0362)
4943,razoavelmente (0.0373),artesanatos (0.0397),construí (0.0296),infinito (0.0342),encantador (0.0362)
4944,implica (0.0373),agradecer (0.0395),aparecia (0.0295),bandeira (0.0342),tutu (0.0362)
4945,lampejo (0.0373),azulado (0.0395),crítico (0.0295),engajado (0.0342),revelaria (0.0362)
4946,ditados (0.0373),declaração (0.0395),descoberta (0.0295),diferenças (0.0342),banho (0.0362)
4947,apresento (0.0373),cabe (0.0395),apoio (0.0295),universidade (0.0342),diamantina (0.0362)
4948,lama (0.0373),pernambuco (0.0395),rap (0.0295),luzes (0.0342),optando (0.0362)
4949,nordestinidade (0.0373),desta (0.0395),acolhimento (0.0295),conter (0.0342),contagiantes (0.0362)
4950,multifacetado (0.0373),júlia (0.0393),calado (0.0294),escolhi (0.0342),propósito (0.0362)
4951,compradas (0.0373),elaborado (0.0393),perdido (0.0294),tempero (0.0342),cálido (0.0362)
4952,secular (0.0373),perspectiva (0.0393),rasgado (0.0294),graciosos (0.0342),prosperar (0.0362)
4953,refletidas (0.0373),cativante (0.0393),acalma (0.0293),ficando (0.0342),intrinsecamente (0.0362)
4954,seguras (0.0373),voo (0.0393),realçava (0.0293),objeto (0.0342),antepassadas (0.0362)
4955,perdidos (0.0373),frutos (0.0393),guri (0.0293),imposições (0.0342),imposta (0.0362)
4956,retrata (0.0373),machismo (0.0392),barulho (0.0292),expansiva (0.0342),originalidade (0.0362)
4957,compreensiva (0.0373),bonita (0.0392),naquela (0.0292),peguei (0.0342),milagre (0.0362)
4958,planos (0.0373),apertados (0.0392),porta (0.0291),iarã (0.0342),numerosa (0.0362)
4959,xilogravura (0.0373),segredo (0.0390),pó (0.0291),sílabas (0.0342),couve (0.0362)
4960,fale (0.0373),lutam (0.0390),praia (0.0291),timbre (0.0339),decidida (0.0362)
4961,comunicava (0.0373),binaridade (0.0390),tentar (0.0290),enraizado (0.0339),estiloso (0.0362)
4962,brincalhona (0.0373),bela (0.0390),tecnologia (0.0290),nomes (0.0339),gíria (0.0362)
4963,abundância (0.0373),guardavam (0.0390),balanço (0.0290),inigualável (0.0339),creio (0.0362)
4964,trabalhadoras (0.0373),fértil (0.0390),agitado (0.0290),trabalhava (0.0339),enfeitadas (0.0362)
4965,ousada (0.0373),22 (0.0389),mitológicos (0.0289),entendeu (0.0339),permito (0.0362)
4966,absolutamente (0.0373),goiaba (0.0389),barragem (0.0289),baixinho (0.0339),habitantes (0.0362)
4967,prenda (0.0373),trânsito (0.0389),barragens (0.0289),óssea (0.0339),enfeitava (0.0362)
4968,sustentáveis (0.0373),protetores (0.0389),estéril (0.0289),adequadas (0.0339),sarcasmo (0.0362)
4969,conceito (0.0373),valentes (0.0389),cantaremos (0.0289),tios (0.0339),reconhecida (0.0362)
4970,apagar (0.0371),prezo (0.0389),barrada (0.0289),indica (0.0339),ri (0.0362)
4971,europeia (0.0371),respirava (0.0389),faminta (0.0289),manejar (0.0339),danado (0.0362)
4972,rústico (0.0370),abordagem (0.0389),manejado (0.0289),canela (0.0339),normal (0.0362)
4973,ostentação (0.0370),funerais (0.0389),faminto (0.0289),colonização (0.0339),iluminam (0.0362)
4974,sustentavam (0.0368),miúdas (0.0389),bengala (0.0289),dendê (0.0339),selecionadas (0.0362)
4975,permito (0.0368),enfeitavam (0.0389),equivocada (0.0289),curioso (0.0339),estreitos (0.0362)
4976,dúvida (0.0368),procurar (0.0389),esverdeada (0.0289),respeitadas (0.0339),interagir (0.0362)
4977,imposto (0.0368),formei (0.0389),bebe (0.0289),exata (0.0339),pesam (0.0362)
4978,coloca (0.0368),fugindo (0.0389),evidenciariam (0.0289),cintilava (0.0339),fluía (0.0362)
4979,estreitos (0.0368),emolduar (0.0389),falasse (0.0289),comunicativo (0.0339),convidava (0.0362)
4980,perigos (0.0368),fortuna (0.0389),falarem (0.0289),repletas (0.0339),decepções (0.0362)
4981,ambiguidade (0.0368),trilhado (0.0389),eucalipto (0.0289),ecoar (0.0339),disposta (0.0362)
4982,lados (0.0368),nisso (0.0389),evaporava (0.0289),recente (0.0339),estórias (0.0362)
4983,intercaladas (0.0368),enfrente (0.0389),barulhos (0.0289),apagada (0.0339),ponderado (0.0362)
4984,aliada (0.0368),programação (0.0389),envenena (0.0289),oportunidade (0.0337),inovação (0.0362)
4985,fragmento (0.0368),representativo (0.0389),capins (0.0289),camadas (0.0337),selvagens (0.0362)
4986,integrar (0.0368),crescidos (0.0389),atravessava (0.0289),transita (0.0337),cinco (0.0362)
4987,netas (0.0368),enquadrada (0.0389),enxuta (0.0289),movem (0.0337),engole (0.0362)
4988,funde (0.0368),reconheça (0.0389),entretenimento (0.0289),acha (0.0337),estudos (0.0362)
4989,número (0.0368),culturalmente (0.0389),envolta (0.0289),lazer (0.0337),distância (0.0361)
4990,coloquiais (0.0368),desbota (0.0389),bastava (0.0289),sofisticação (0.0337),companhia (0.0361)
4991,franca (0.0368),revistas (0.0389),falarei (0.0289),boi (0.0337),crescido (0.0360)
4992,comer (0.0368),alvoradas (0.0389),entrelaçar (0.0289),esperando (0.0337),carnaúba (0.0358)
4993,prato (0.0368),novidades (0.0389),carcará (0.0289),silêncios (0.0337),crente (0.0358)
4994,castanhas (0.0368),rabiscada (0.0389),mosquitos (0.0289),aparentemente (0.0337),regatas (0.0358)
4995,fundem (0.0368),rápidos (0.0389),moradias (0.0289),adereços (0.0337),perderam (0.0358)
4996,banho (0.0368),tropeços (0.0389),carregará (0.0289),lindo (0.0337),entregava (0.0358)
4997,reluz (0.0368),antebraços (0.0389),magérrimas (0.0289),altos (0.0337),misturou (0.0358)
4998,entrever (0.0368),bens (0.0389),açoitavam (0.0289),intrincada (0.0337),transbordar (0.0358)
4999,midi (0.0368),rigorosos (0.0389),morrerem (0.0289),inusitada (0.0335),rigidez (0.0358)
5000,heteronormativa (0.0368),tropeiros (0.0389),morro (0.0289),aroeira (0.0335),preparava (0.0358)
5001,rodado (0.0368),desaforo (0.0389),morta (0.0289),plantação (0.0335),esforçado (0.0358)
5002,lavrador (0.0368),amarrada (0.0389),explicitamente (0.0289),sorte (0.0335),tilintar (0.0358)
5003,milagre (0.0368),questionando (0.0389),extrativistas (0.0289),arquitetura (0.0335),pausas (0.0358)
5004,perdi (0.0368),vibram (0.0389),extrativismo (0.0289),garantir (0.0335),expressavam (0.0358)
5005,central (0.0368),obrigado (0.0389),extraordinária (0.0289),amizades (0.0335),maxilar (0.0358)
5006,andam (0.0368),anterior (0.0389),avidamente (0.0289),frios (0.0335),bicicleta (0.0358)
5007,vaidosa (0.0368),excessos (0.0389),extraída (0.0289),necessárias (0.0335),ocasionalmente (0.0358)
5008,participação (0.0368),desconfiado (0.0389),avanço (0.0289),tricô (0.0335),intercalada (0.0358)
5009,constitui (0.0368),recuar (0.0389),avançando (0.0289),volumes (0.0335),comunica (0.0358)
5010,diamantes (0.0368),mínimo (0.0389),fortaleça (0.0289),abater (0.0335),fanático (0.0358)
5011,cumprem (0.0368),esperançosa (0.0389),expressas (0.0289),ambas (0.0335),conversava (0.0358)
5012,desconexão (0.0368),estudei (0.0389),entalhado (0.0289),católica (0.0335),leio (0.0358)
5013,prosperar (0.0368),estruturado (0.0389),entalhadas (0.0289),guerreiro (0.0335),retorcidas (0.0358)
5014,contagiantes (0.0368),rolavam (0.0389),madeireiras (0.0289),ousadia (0.0335),trago (0.0358)
5015,frenética (0.0368),fantásticas (0.0389),extinta (0.0289),lavoura (0.0333),regularmente (0.0358)
5016,andrógina (0.0368),escondê (0.0389),madeiras (0.0289),jogar (0.0333),mesclado (0.0358)
5017,assentado (0.0368),religiosos (0.0389),alivia (0.0289),clássicos (0.0333),curvavam (0.0358)
5018,transparecer (0.0368),dispenso (0.0389),autodeterminação (0.0289),artísticos (0.0333),estando (0.0358)
5019,encontrado (0.0368),curitiba (0.0389),moradia (0.0289),fortemente (0.0333),baseadas (0.0358)
5020,ornamentam (0.0368),segui (0.0389),aíltona (0.0289),rastro (0.0333),pretendo (0.0358)
5021,rocha (0.0368),flexível (0.0389),entremear (0.0289),preferia (0.0333),mexia (0.0358)
5022,looks (0.0368),cútis (0.0389),executados (0.0289),meninas (0.0333),mesmos (0.0358)
5023,possuir (0.0368),religiosamente (0.0389),forasteiros (0.0289),deram (0.0333),oferecia (0.0358)
5024,bolso (0.0368),saía (0.0389),mandiocas (0.0289),esculpiram (0.0333),aparecendo (0.0358)
5025,consolo (0.0368),filtros (0.0389),carnaubais (0.0289),conheceu (0.0333),contemplativa (0.0358)
5026,pegaram (0.0368),entendi (0.0389),mandacarus (0.0289),orla (0.0333),defendendo (0.0358)
5027,ressecada (0.0368),deslocado (0.0389),atualizados (0.0289),escravizados (0.0333),defendem (0.0358)
5028,infelizmente (0.0368),relaxado (0.0389),estudarem (0.0289),lúcia (0.0333),aulas (0.0358)
5029,atrai (0.0368),saraus (0.0389),carpintaria (0.0289),boas (0.0332),casuais (0.0358)
5030,cinco (0.0368),fico (0.0389),alvorada (0.0289),repousava (0.0332),catar (0.0358)
5031,escravos (0.0368),fascinantes (0.0389),moinhos (0.0289),sustentam (0.0332),pareceu (0.0358)
5032,70m (0.0368),morna (0.0389),examina (0.0289),enfrentadas (0.0332),amálgama (0.0358)
5033,maravilhosamente (0.0368),discute (0.0389),excessivos (0.0289),soube (0.0332),produtos (0.0358)
5034,regada (0.0368),andrógeno (0.0389),baleia (0.0289),definida (0.0332),bondoso (0.0358)
5035,aguenta (0.0368),vertical (0.0389),aĩ (0.0289),azulados (0.0332),consertava (0.0358)
5036,gingado (0.0368),fervoroso (0.0389),moldo (0.0289),católico (0.0332),graciosamente (0.0358)
5037,característicos (0.0368),notas (0.0389),malha (0.0289),persiste (0.0332),desfaz (0.0358)
5038,ordem (0.0368),definhar (0.0389),existi (0.0289),penso (0.0332),sampa (0.0358)
5039,sentiu (0.0368),esboçar (0.0389),entrelaçamento (0.0289),vibrar (0.0332),expansivo (0.0358)
5040,sarcasmo (0.0368),escolaridade (0.0389),fabricação (0.0289),celebra (0.0332),vencida (0.0358)
5041,desenvolvimento (0.0368),salpicavam (0.0389),existiram (0.0289),panos (0.0332),acredite (0.0358)
5042,divertido (0.0368),favor (0.0389),montado (0.0289),aparecida (0.0332),dramas (0.0358)
5043,contraditório (0.0368),benção (0.0389),enterram (0.0289),raspado (0.0332),surgem (0.0358)
5044,pronunciar (0.0368),contribuição (0.0389),montados (0.0289),regiões (0.0332),manipulavam (0.0358)
5045,streetwear (0.0368),advogada (0.0389),babaçu (0.0289),tropicais (0.0330),rodeava (0.0358)
5046,autoras (0.0368),brigas (0.0389),montar (0.0289),destaca (0.0330),pomada (0.0358)
5047,evolução (0.0368),janelas (0.0389),misteriosos (0.0289),saúde (0.0330),ferro (0.0358)
5048,escassa (0.0368),jardins (0.0389),flutuava (0.0289),copo (0.0330),vínculo (0.0358)
5049,ficção (0.0367),percorrer (0.0389),mirim (0.0289),correr (0.0330),cresce (0.0358)
5050,árdua (0.0367),permitindo (0.0389),assalariado (0.0289),assimétrico (0.0330),classificação (0.0358)
5051,rachou (0.0366),calculados (0.0389),esgueira (0.0289),ambiental (0.0330),precioso (0.0358)
5052,trinta (0.0366),imperturbável (0.0389),esgotá (0.0289),indicando (0.0330),caber (0.0358)
5053,oferece (0.0366),usavam (0.0389),esgarçada (0.0289),perspicácia (0.0330),roçado (0.0358)
5054,medula (0.0364),cadenciadas (0.0389),cachimba (0.0289),limitadas (0.0330),extremamente (0.0358)
5055,caso (0.0364),outono (0.0389),cacei (0.0289),encaixam (0.0330),escultura (0.0358)
5056,justamente (0.0364),adulto (0.0389),florada (0.0289),bússola (0.0330),limitantes (0.0358)
5057,conservadas (0.0364),adequada (0.0389),calem (0.0289),viro (0.0330),pilares (0.0358)
5058,ângulos (0.0364),conciliando (0.0389),calendário (0.0289),zefa (0.0330),fundamentais (0.0358)
5059,decididos (0.0364),imaginam (0.0389),esquecimentos (0.0289),claros (0.0329),femininos (0.0358)
5060,aulas (0.0364),paladar (0.0389),assegure (0.0289),rodas (0.0328),aberta (0.0357)
5061,ouve (0.0364),super (0.0389),esquecê (0.0289),mil (0.0328),conhecimentos (0.0355)
5062,centros (0.0364),carreira (0.0389),assolava (0.0289),moreninha (0.0328),palma (0.0355)
5063,ocasionalmente (0.0364),interrompido (0.0389),esparramado (0.0289),seguindo (0.0328),desfeito (0.0354)
5064,fundamentais (0.0364),parecendo (0.0389),assumirem (0.0289),mandioca (0.0328),mágico (0.0354)
5065,consideravelmente (0.0364),usaria (0.0389),festiva (0.0289),compreende (0.0327),simboliza (0.0354)
5066,estando (0.0364),chope (0.0389),florescente (0.0289),administração (0.0327),funciona (0.0354)
5067,adornando (0.0364),superadas (0.0389),astros (0.0289),imagino (0.0327),percebia (0.0354)
5068,apresentou (0.0364),matinais (0.0389),al (0.0289),honesta (0.0327),estudando (0.0354)
5069,dividida (0.0364),teoria (0.0389),caarapó (0.0289),carregamos (0.0327),aceita (0.0354)
5070,consertava (0.0364),burro (0.0389),escritura (0.0289),manias (0.0327),trazendo (0.0354)
5071,regularmente (0.0364),legal (0.0389),básicos (0.0289),ativista (0.0327),esperar (0.0354)
5072,comunica (0.0364),influenciam (0.0389),floresça (0.0289),aproveitar (0.0327),segundo (0.0354)
5073,cuidam (0.0364),tintura (0.0389),byá (0.0289),aparências (0.0327),engolir (0.0354)
5074,envolvente (0.0364),infinitos (0.0389),bya (0.0289),esquecer (0.0327),profissionalmente (0.0354)
5075,retraído (0.0364),inventadas (0.0389),flautas (0.0289),toca (0.0325),superado (0.0354)
5076,compreendido (0.0364),termina (0.0389),abranger (0.0289),contaram (0.0325),rebela (0.0354)
5077,humildes (0.0364),surpreende (0.0389),cantados (0.0289),inabaláveis (0.0325),conviver (0.0354)
5078,diretas (0.0364),menininha (0.0389),amarrados (0.0289),escritório (0.0325),discriminação (0.0354)
5079,transbordar (0.0364),surrados (0.0389),firmo (0.0289),comprido (0.0325),descobri (0.0354)
5080,índios (0.0364),xícaras (0.0389),maroto (0.0289),protetor (0.0325),agulha (0.0354)
5081,pareceu (0.0364),melancólico (0.0389),ajudem (0.0289),morei (0.0325),astro (0.0354)
5082,assado (0.0364),carregaria (0.0389),espelhando (0.0289),musculatura (0.0325),esmaecido (0.0354)
5083,meter (0.0364),inconstante (0.0389),fixadas (0.0289),impecável (0.0325),espalhados (0.0354)
5084,estéticas (0.0364),cidadã (0.0389),assimiladas (0.0289),irmã (0.0325),aliás (0.0354)
5085,chora (0.0364),complicada (0.0389),fininha (0.0289),casual (0.0325),parede (0.0354)
5086,julgamento (0.0364),torrado (0.0389),assimilação (0.0289),lutamos (0.0324),colhidos (0.0354)
5087,revolução (0.0364),brevemente (0.0389),espingarda (0.0289),nuvens (0.0324),deparo (0.0354)
5088,esforçado (0.0364),colônia (0.0389),espinha (0.0289),cabe (0.0324),desce (0.0354)
5089,grato (0.0364),mexo (0.0389),marcos (0.0289),concha (0.0324),agradeço (0.0354)
5090,dançam (0.0364),internas (0.0389),fizer (0.0289),sento (0.0324),prejudicial (0.0354)
5091,padre (0.0364),lareira (0.0389),cacilda (0.0289),25 (0.0322),rostos (0.0354)
5092,etiquetas (0.0364),manifestar (0.0389),espinhaço (0.0289),antirracista (0.0322),afazeres (0.0354)
5093,descrita (0.0364),líquido (0.0389),filtra (0.0289),lendo (0.0322),grudam (0.0354)
5094,pausas (0.0364),atos (0.0389),espiritualmente (0.0289),jamais (0.0322),cano (0.0354)
5095,acolheram (0.0364),admitir (0.0389),mastigaram (0.0289),perspectiva (0.0322),colheu (0.0354)
5096,tornar (0.0364),confortavelmente (0.0389),espreita (0.0289),elaborado (0.0322),bagunça (0.0354)
5097,sonhar (0.0364),calçando (0.0389),figurativos (0.0289),felicidade (0.0322),autênticas (0.0354)
5098,mesclado (0.0364),pausadamente (0.0389),esparsa (0.0289),lisa (0.0322),convivência (0.0354)
5099,moça (0.0364),toalhas (0.0389),assobiando (0.0289),parque (0.0322),distantes (0.0354)
5100,assis (0.0364),hesitar (0.0389),flacidez (0.0289),apartamento (0.0321),travadas (0.0354)
5101,nutrem (0.0364),atrapalha (0.0389),espreitando (0.0289),incluindo (0.0321),caminhão (0.0354)
5102,suspiro (0.0364),heteronormativo (0.0389),cadeia (0.0289),robustos (0.0321),rasgos (0.0354)
5103,metáforas (0.0364),predominantemente (0.0389),butiá (0.0289),fauna (0.0321),envolvido (0.0354)
5104,deliberados (0.0364),tombos (0.0389),manuseando (0.0289),estrada (0.0321),coqueiro (0.0354)
5105,conhecendo (0.0364),precisava (0.0389),calosos (0.0289),cinema (0.0321),destacando (0.0354)
5106,carnaúba (0.0364),instalaram (0.0389),estrelados (0.0289),vivendo (0.0321),despachado (0.0354)
5107,incorporar (0.0364),inspirou (0.0389),alcançando (0.0289),guiam (0.0321),incompreensão (0.0354)
5108,engraçado (0.0364),preferirem (0.0389),estio (0.0289),pastel (0.0321),folga (0.0354)
5109,nacional (0.0364),preferido (0.0389),meros (0.0289),permitam (0.0321),gráfico (0.0354)
5110,tecnobrega (0.0364),associada (0.0389),alerta (0.0289),apertados (0.0321),terroso (0.0353)
5111,tribo (0.0363),aprofundar (0.0389),fecha (0.0289),preta (0.0321),buriti (0.0352)
5112,preservar (0.0363),arrumo (0.0389),bombástica (0.0289),missa (0.0320),ficar (0.0352)
5113,cura (0.0362),sofrência (0.0389),arílton (0.0289),cafezinho (0.0320),onça (0.0352)
5114,urubu (0.0362),turma (0.0389),mestra (0.0289),cafezais (0.0320),cantamos (0.0351)
5115,reserva (0.0361),sofre (0.0388),mestras (0.0289),design (0.0320),caminhavam (0.0351)
5116,testemunhando (0.0360),cadências (0.0388),amadeirado (0.0289),lentos (0.0320),filosofia (0.0351)
5117,funk (0.0360),pobreza (0.0388),mantem (0.0289),sentido (0.0320),recanto (0.0351)
5118,consequência (0.0360),transcendem (0.0388),algodãozinho (0.0289),tingidas (0.0320),frias (0.0351)
5119,rasgos (0.0360),tristeza (0.0388),medido (0.0289),amazonas (0.0319),pensamentos (0.0351)
5120,rímel (0.0360),gravada (0.0387),escapamento (0.0289),pratos (0.0319),situações (0.0351)
5121,bagunça (0.0360),irmãs (0.0387),fascinava (0.0289),sustentava (0.0319),rude (0.0351)
5122,crença (0.0360),tonalidade (0.0387),camuflado (0.0289),respeitosa (0.0319),ativo (0.0351)
5123,perna (0.0360),cuida (0.0387),canoas (0.0289),atlântica (0.0319),intelectual (0.0351)
5124,notar (0.0360),margens (0.0386),erroneamente (0.0289),sinta (0.0319),lavar (0.0351)
5125,ação (0.0360),milhares (0.0386),flutuo (0.0289),digital (0.0317),contrário (0.0351)
5126,casado (0.0360),mecânico (0.0386),bifurca (0.0289),conservador (0.0317),agricultora (0.0351)
5127,diálogo (0.0360),jovialidade (0.0386),manipulava (0.0289),neto (0.0317),amarras (0.0351)
5128,ganha (0.0360),adornadas (0.0384),minério (0.0289),interesses (0.0317),diretamente (0.0351)
5129,grudam (0.0360),teciam (0.0384),minúcia (0.0289),sarcástico (0.0317),reinventa (0.0351)
5130,rádio (0.0360),forças (0.0384),farinhenta (0.0289),escolhidos (0.0316),envolver (0.0351)
5131,tinem (0.0360),orgulha (0.0384),caminham (0.0289),milhares (0.0316),celebrações (0.0351)
5132,grudento (0.0360),etnias (0.0383),bordadeira (0.0289),editora (0.0316),herdamos (0.0351)
5133,solange (0.0360),idioma (0.0383),felino (0.0289),encaixava (0.0316),transpareciam (0.0351)
5134,esquece (0.0360),esperanças (0.0383),escasso (0.0289),magia (0.0316),afetivos (0.0351)
5135,contemplação (0.0360),velhas (0.0383),floresçam (0.0289),margens (0.0316),safra (0.0351)
5136,subtropical (0.0360),estações (0.0383),esquivar (0.0289),vale (0.0315),entremeadas (0.0351)
5137,taipa (0.0360),pertinho (0.0383),ferviam (0.0289),trajes (0.0315),descobrem (0.0351)
5138,interesso (0.0360),apoia (0.0381),floridas (0.0289),adornada (0.0315),orgânico (0.0351)
5139,facetas (0.0360),pinto (0.0381),feroz (0.0289),possível (0.0314),abrasador (0.0351)
5140,mancar (0.0360),terracota (0.0381),brilhoso (0.0289),perfeita (0.0313),apropriado (0.0351)
5141,brilharem (0.0360),neta (0.0381),ferido (0.0289),tendências (0.0313),moqueca (0.0351)
5142,vero (0.0360),enigmática (0.0381),ataques (0.0289),religião (0.0313),saborosos (0.0351)
5143,subúrbio (0.0360),clarice (0.0381),brigar (0.0289),umas (0.0313),imediato (0.0351)
5144,charmoso (0.0360),surgir (0.0381),amadurecem (0.0289),apoio (0.0312),monte (0.0351)
5145,despachado (0.0360),eterna (0.0381),bravas (0.0289),recife (0.0312),concentram (0.0351)
5146,afazeres (0.0360),rosário (0.0381),abandonam (0.0289),adorno (0.0311),última (0.0351)
5147,aceita (0.0360),descontração (0.0381),melódico (0.0289),maciez (0.0310),desconstruído (0.0351)
5148,esmaecido (0.0360),desestruturado (0.0381),fere (0.0289),toques (0.0310),esvoaçante (0.0351)
5149,freelance (0.0360),realização (0.0381),estatística (0.0289),jogo (0.0309),secos (0.0351)
5150,conviver (0.0360),percebida (0.0381),braseiro (0.0289),generalizações (0.0308),haviam (0.0351)
5151,ficou (0.0360),abstrata (0.0381),florzinha (0.0289),tecendo (0.0308),chinelo (0.0351)
5152,impossibilidade (0.0360),banco (0.0381),mendigar (0.0289),levar (0.0308),misturados (0.0351)
5153,integrando (0.0360),acumulado (0.0381),estendidos (0.0289),online (0.0308),papas (0.0351)
5154,filhas (0.0360),bagunçar (0.0381),borra (0.0289),arara (0.0307),inegavelmente (0.0351)
5155,inesperadas (0.0360),caçula (0.0381),estereotipações (0.0289),novos (0.0306),compreendida (0.0351)
5156,sentimento (0.0360),discurso (0.0381),abafada (0.0289),entremeados (0.0306),digitais (0.0351)
5157,rostos (0.0360),discrição (0.0381),esclarecimentos (0.0289),clássicas (0.0306),portanto (0.0351)
5158,produção (0.0360),lagoa (0.0381),custo (0.0289),klein (0.0305),designer (0.0349)
5159,rebela (0.0360),registrar (0.0381),cinta (0.0289),compra (0.0305),espalhada (0.0348)
5160,desigual (0.0360),erra (0.0381),cascas (0.0289),itapemirim (0.0305),esboçavam (0.0348)
5161,todes (0.0360),registradas (0.0381),habituado (0.0289),movimentada (0.0305),escrevendo (0.0348)
5162,orgânicas (0.0360),paulistanas (0.0381),contado (0.0289),irradiar (0.0305),exposta (0.0348)
5163,abóbora (0.0360),reunião (0.0381),descendo (0.0289),kaue (0.0305),cordões (0.0348)
5164,escapava (0.0360),cervejinha (0.0381),invadida (0.0289),ecletismo (0.0305),intimidade (0.0348)
5165,compor (0.0360),robustas (0.0381),apresso (0.0289),instantes (0.0305),junção (0.0348)
5166,adulta (0.0360),notável (0.0381),invasor (0.0289),intactas (0.0305),insistiam (0.0348)
5167,pobre (0.0360),diluída (0.0381),adornaram (0.0289),krahô (0.0305),cheira (0.0348)
5168,absorvido (0.0360),novamente (0.0381),descobertos (0.0289),desmintam (0.0305),bronzeadas (0.0348)
5169,frevo (0.0360),pentear (0.0381),desconhecia (0.0289),movesse (0.0305),paulistano (0.0348)
5170,lenço (0.0359),anseios (0.0381),descubro (0.0289),instigar (0.0305),simpatia (0.0348)
5171,onça (0.0358),temperatura (0.0381),desdobrar (0.0289),compunham (0.0305),evocavam (0.0348)
5172,informalidade (0.0356),choraram (0.0381),desempenhar (0.0289),desmistificar (0.0305),harmoniza (0.0348)
5173,acolher (0.0356),performance (0.0381),introduzida (0.0289),divindades (0.0305),permitir (0.0348)
5174,medalhão (0.0356),dizendo (0.0381),invejável (0.0289),ecobag (0.0305),cultivava (0.0348)
5175,soma (0.0356),abundante (0.0381),inventados (0.0289),ipiranga (0.0305),primeiro (0.0348)
5176,motivo (0.0356),reconhecido (0.0381),desempenhasse (0.0289),enrugando (0.0305),pragmática (0.0348)
5177,traduz (0.0356),razoável (0.0381),aprisioná (0.0289),comê (0.0305),conseguir (0.0348)
5178,jacarandá (0.0356),relaxamento (0.0381),invertidas (0.0289),invisibilizar (0.0305),fisicamente (0.0348)
5179,contrário (0.0356),amazonense (0.0381),investidas (0.0289),enrolo (0.0305),instrumentos (0.0348)
5180,correnteza (0.0356),concebidos (0.0381),considerações (0.0289),duráveis (0.0305),bruto (0.0348)
5181,orgânico (0.0356),ofensivas (0.0381),desenvolveu (0.0289),movessem (0.0305),ensolaradas (0.0348)
5182,cozinheira (0.0356),confiabilidade (0.0381),desfeita (0.0289),juro (0.0305),intensos (0.0348)
5183,rezo (0.0356),segurando (0.0381),ande (0.0289),jornais (0.0305),afirma (0.0348)
5184,transformador (0.0356),respeitem (0.0381),contadores (0.0289),integradas (0.0305),bermudas (0.0348)
5185,mangue (0.0356),respeitosas (0.0381),contaminado (0.0289),empoeiradas (0.0305),indiscretas (0.0348)
5186,yara (0.0356),sonhador (0.0381),hipnotizava (0.0289),endurecidas (0.0305),heróis (0.0348)
5187,caminha (0.0356),impingir (0.0381),interagiu (0.0289),embrulho (0.0305),mesmas (0.0348)
5188,inquietude (0.0356),literalmente (0.0381),contribuía (0.0289),emociona (0.0305),baixos (0.0348)
5189,descobrem (0.0356),poeirento (0.0381),insuficientes (0.0289),instalei (0.0305),pior (0.0348)
5190,ganham (0.0356),importam (0.0381),derrubando (0.0289),morenitude (0.0305),ficam (0.0348)
5191,filosofia (0.0356),interessa (0.0381),desabrochada (0.0289),desviam (0.0305),curvatura (0.0348)
5192,reinventar (0.0356),puxada (0.0381),contornando (0.0289),compreendi (0.0305),mineiras (0.0348)
5193,exibir (0.0356),palmas (0.0381),aninham (0.0289),intrigaria (0.0305),realçar (0.0348)
5194,assertiva (0.0356),impressão (0.0381),desaparecem (0.0289),conduzem (0.0305),manuais (0.0348)
5195,frias (0.0356),oferecendo (0.0381),continuadora (0.0289),conduzi (0.0305),gostar (0.0348)
5196,mexer (0.0356),forçar (0.0381),desaparecendo (0.0289),intimidou (0.0305),cáqui (0.0348)
5197,frequentes (0.0356),fracamente (0.0381),desaprendido (0.0289),encomodar (0.0305),gracioso (0.0348)
5198,diretamente (0.0356),embranquecer (0.0381),contenha (0.0289),ce (0.0305),escolhe (0.0348)
5199,certas (0.0356),útil (0.0381),intocada (0.0289),domestico (0.0305),esperteza (0.0348)
5200,peixes (0.0356),conscientizar (0.0381),interdependentes (0.0289),comprou (0.0305),organização (0.0348)
5201,equilibrar (0.0356),aproximar (0.0381),desapropriação (0.0289),devolvendo (0.0305),companheiras (0.0348)
5202,lavar (0.0356),aflora (0.0381),interligadas (0.0289),monolítico (0.0305),mate (0.0346)
5203,transbordam (0.0356),priorizando (0.0381),desatentos (0.0289),encadernado (0.0305),narram (0.0345)
5204,copaíba (0.0356),elétrico (0.0381),adornan (0.0289),interseccionalidades (0.0305),ambientes (0.0345)
5205,variação (0.0356),aventurar (0.0381),apresentadas (0.0289),cerquei (0.0305),mestre (0.0345)
5206,entrelaçavam (0.0356),conservam (0.0381),interpretação (0.0289),domando (0.0305),reconhece (0.0345)
5207,rodeado (0.0356),consoantes (0.0381),intertribal (0.0289),conferido (0.0305),manifestam (0.0345)
5208,permissão (0.0356),gentis (0.0381),intimidam (0.0289),mulata (0.0305),misturaram (0.0345)
5209,herdamos (0.0356),preconceituoso (0.0381),intimidava (0.0289),interpretada (0.0305),vila (0.0345)
5210,caminhavam (0.0356),sisudo (0.0381),conserve (0.0289),moral (0.0305),farpado (0.0345)
5211,apagadas (0.0356),lóbulo (0.0381),consentimento (0.0289),doma (0.0305),incomoda (0.0345)
5212,cervejas (0.0356),comportar (0.0381),conseguiremos (0.0289),cercaram (0.0305),delicadamente (0.0345)
5213,imediato (0.0356),vinham (0.0381),iza (0.0289),conectou (0.0305),fraca (0.0345)
5214,espero (0.0356),rabiscos (0.0381),isento (0.0289),embaça (0.0305),robusta (0.0345)
5215,esperançoso (0.0356),manda (0.0381),ancorado (0.0289),enfatiza (0.0305),misterioso (0.0345)
5216,refletido (0.0356),vazio (0.0381),itaituba (0.0289),mornas (0.0305),criava (0.0345)
5217,amava (0.0356),negócios (0.0381),detentor (0.0289),ditadura (0.0305),bateu (0.0345)
5218,pertencer (0.0356),amareladas (0.0381),detentores (0.0289),caída (0.0305),arregaçadas (0.0345)
5219,celebrações (0.0356),expressada (0.0381),itaquê (0.0289),discriminações (0.0305),chorar (0.0345)
5220,pluralidade (0.0356),quiabo (0.0381),itá (0.0289),inventiva (0.0305),religioso (0.0345)
5221,prepara (0.0356),inteiras (0.0381),detém (0.0289),despojados (0.0305),entorno (0.0345)
5222,las (0.0356),inimiga (0.0381),devastadas (0.0289),engrossa (0.0305),ailton (0.0343)
5223,encontrava (0.0356),tipicamente (0.0381),afastada (0.0289),mourão (0.0305),prever (0.0342)
5224,proximidade (0.0356),inequívoco (0.0381),izaías (0.0289),eletrizante (0.0305),laço (0.0342)
5225,barra (0.0353),expandir (0.0381),ipecacuanha (0.0289),despretensiosamente (0.0305),ilustrador (0.0342)
5226,transpira (0.0353),façam (0.0381),deviam (0.0289),diluído (0.0305),pedro (0.0342)
5227,cacto (0.0353),apressado (0.0381),congelada (0.0289),confortam (0.0305),acolhida (0.0342)
5228,barriguinha (0.0353),quatro (0.0381),jaboticabeira (0.0289),duplamente (0.0305),alimento (0.0342)
5229,ficam (0.0353),lispector (0.0381),jabuti (0.0289),ka (0.0305),consciência (0.0342)
5230,baixos (0.0353),binarismo (0.0381),confrontos (0.0289),disforia (0.0305),companheiro (0.0342)
5231,experiente (0.0353),completando (0.0381),afastados (0.0289),desproporcionalmente (0.0305),traduzir (0.0342)
5232,florescendo (0.0353),pendia (0.0380),jacó (0.0289),motivam (0.0305),compartilha (0.0342)
5233,reforçar (0.0353),energias (0.0380),jaguapira (0.0289),moldavam (0.0305),oi (0.0342)
5234,fazendas (0.0353),matas (0.0379),ara (0.0289),inundações (0.0305),expostos (0.0342)
5235,solares (0.0353),santos (0.0379),guardiães (0.0289),inundava (0.0305),eloquência (0.0342)
5236,dose (0.0353),estação (0.0379),irrigação (0.0289),compositora (0.0305),meia (0.0342)
5237,perguntam (0.0353),espalham (0.0379),conhecidx (0.0289),inundando (0.0305),maturidade (0.0342)
5238,fraco (0.0353),adorno (0.0379),guerras (0.0289),complementos (0.0305),andanças (0.0342)
5239,nota (0.0353),sala (0.0379),irregularmente (0.0289),jaca (0.0305),parecer (0.0342)
5240,significativamente (0.0353),trilha (0.0379),desloca (0.0289),intuito (0.0305),corações (0.0340)
5241,zabumba (0.0353),habitam (0.0378),ipueira (0.0289),intuitiva (0.0305),inerentes (0.0340)
5242,restante (0.0353),nascença (0.0378),desmanchar (0.0289),embaralhado (0.0305),inerente (0.0340)
5243,acompanhar (0.0353),contínua (0.0378),desmatada (0.0289),destaco (0.0305),progressista (0.0340)
5244,junção (0.0353),pernambucano (0.0378),apropriação (0.0289),morrendo (0.0305),funcionalidade (0.0340)
5245,arado (0.0353),animal (0.0378),desmatar (0.0289),coxinha (0.0305),macia (0.0340)
5246,valorização (0.0353),sagrada (0.0378),desnecessários (0.0289),derramava (0.0305),gama (0.0340)
5247,apurada (0.0353),junta (0.0377),despedida (0.0289),entediada (0.0305),machado (0.0340)
5248,prateado (0.0353),tecendo (0.0375),adornm (0.0289),confundido (0.0305),canção (0.0340)
5249,séries (0.0353),construíram (0.0375),irantã (0.0289),cinzelou (0.0305),reúne (0.0340)
5250,indiscretas (0.0353),maduro (0.0375),guião (0.0289),manuê (0.0305),generosamente (0.0340)
5251,servem (0.0353),musculosos (0.0375),iridescente (0.0289),cânions (0.0305),geométrico (0.0340)
5252,conseguir (0.0353),criaram (0.0375),despeito (0.0289),manuscrito (0.0305),pecuária (0.0340)
5253,escrevendo (0.0353),assumida (0.0375),despercebidas (0.0289),contão (0.0305),entardecer (0.0340)
5254,respeitam (0.0353),negar (0.0375),desprezo (0.0289),customizar (0.0305),apresente (0.0340)
5255,microagressões (0.0353),ente (0.0375),guiasse (0.0289),ciranda (0.0305),trabalhadas (0.0340)
5256,público (0.0353),carisma (0.0375),desrespeitada (0.0289),cuscuz (0.0305),nelas (0.0340)
5257,piadas (0.0353),libertador (0.0375),desrespeitoso (0.0289),mantra (0.0305),sulcada (0.0340)
5258,pleno (0.0353),bacana (0.0375),aproximação (0.0289),curve (0.0305),firmemente (0.0340)
5259,iaro (0.0353),carregarei (0.0375),irredutível (0.0289),florindo (0.0305),parentes (0.0340)
5260,antigamente (0.0353),engenho (0.0375),apê (0.0289),cururu (0.0305),lata (0.0340)
5261,angu (0.0353),atropelando (0.0375),contê (0.0289),hortaliças (0.0305),dunas (0.0340)
5262,curvatura (0.0353),amistosa (0.0375),hipotética (0.0289),fluiu (0.0305),cariri (0.0340)
5263,imprecisas (0.0353),envolvendo (0.0375),ensine (0.0289),flúor (0.0305),antigos (0.0338)
5264,igualmente (0.0353),inesperado (0.0375),incessantes (0.0289),mansos (0.0305),tristezas (0.0337)
5265,acompanhando (0.0353),inegáveis (0.0375),ilustrativa (0.0289),cursos (0.0305),letícia (0.0337)
5266,processar (0.0353),compartilham (0.0375),cuidamos (0.0289),manqueio (0.0305),reunida (0.0337)
5267,rusticidade (0.0353),comportamentos (0.0375),imune (0.0289),convicto (0.0305),contemplativo (0.0337)
5268,abandona (0.0353),incidência (0.0375),dançamos (0.0289),mano (0.0305),arrumar (0.0337)
5269,nublado (0.0353),alongado (0.0375),ilegais (0.0289),colmeia (0.0305),talentosa (0.0337)
5270,esboçavam (0.0353),fiéis (0.0375),apagará (0.0289),limpezas (0.0305),preparo (0.0337)
5271,poente (0.0353),mestiçagem (0.0375),incalculável (0.0289),fonemas (0.0305),imposições (0.0337)
5272,jardinagem (0.0353),concentração (0.0375),cuidadora (0.0289),hipertrofia (0.0305),valorizam (0.0337)
5273,academia (0.0353),formado (0.0375),dançou (0.0289),curando (0.0305),incenso (0.0337)
5274,evocavam (0.0353),crescerem (0.0375),ignore (0.0289),clareamento (0.0305),perdoa (0.0337)
5275,autoafirmação (0.0353),conheça (0.0375),cruzando (0.0289),manhosa (0.0305),amuletos (0.0337)
5276,meninos (0.0353),conviveu (0.0375),impurezas (0.0289),formaram (0.0305),culpa (0.0337)
5277,panamá (0.0353),herdando (0.0375),dariam (0.0289),hidratante (0.0305),peguei (0.0337)
5278,laura (0.0353),conserto (0.0375),decido (0.0289),finalizadores (0.0305),rola (0.0337)
5279,cultivada (0.0350),abordam (0.0375),declare (0.0289),finalizada (0.0305),perceber (0.0337)
5280,páginas (0.0350),conservavam (0.0375),incompleto (0.0289),figa (0.0305),zona (0.0337)
5281,cidadão (0.0350),agrícola (0.0375),identificasse (0.0289),faxina (0.0305),binarismos (0.0337)
5282,impressa (0.0350),goiabada (0.0375),dedicadas (0.0289),cidadãos (0.0305),combina (0.0337)
5283,impressas (0.0350),influenciadas (0.0375),deem (0.0289),impasses (0.0305),escolhido (0.0337)
5284,reconhece (0.0350),fascina (0.0375),cristã (0.0289),fanatismos (0.0305),sobrepondo (0.0337)
5285,cachorro (0.0350),moído (0.0375),cristalizado (0.0289),decifrou (0.0305),expansiva (0.0337)
5286,ajustadas (0.0350),inusitado (0.0375),cristalinos (0.0289),marginalizam (0.0305),significativa (0.0337)
5287,comércio (0.0350),labirinto (0.0375),ilustrativos (0.0289),lgbtfobia (0.0305),exibem (0.0337)
5288,ênfase (0.0350),errados (0.0375),imprimindo (0.0289),iluminará (0.0305),preço (0.0337)
5289,costa (0.0350),adaptavam (0.0375),convidando (0.0289),marginalizada (0.0305),princípios (0.0335)
5290,entrelaçada (0.0350),anime (0.0375),imemoriais (0.0289),contrabalançadas (0.0305),espelha (0.0335)
5291,fraca (0.0350),mantê (0.0375),impedir (0.0289),decepção (0.0305),dinheiro (0.0335)
5292,ásperos (0.0350),devia (0.0375),impassibilidade (0.0289),contrabalançado (0.0305),latente (0.0335)
5293,baobá (0.0350),despojada (0.0375),impactos (0.0289),margaridas (0.0305),enraizado (0.0335)
5294,tentaram (0.0350),despercebidos (0.0375),imitava (0.0289),favelas (0.0305),fazendo (0.0335)
5295,reza (0.0350),estruturadas (0.0375),imitando (0.0289),debatida (0.0305),recente (0.0335)
5296,balança (0.0350),falham (0.0375),curumim (0.0289),contraía (0.0305),brotam (0.0335)
5297,esboçava (0.0350),intermináveis (0.0375),cuícas (0.0289),mares (0.0305),agitação (0.0335)
5298,praticar (0.0350),evita (0.0375),adaptarmos (0.0289),debatendo (0.0305),quebrada (0.0335)
5299,média (0.0350),existente (0.0375),curcuma (0.0289),libriana (0.0305),manusear (0.0335)
5300,trazer (0.0348),interação (0.0375),curavam (0.0289),coloquei (0.0305),comentários (0.0335)
5301,acolhida (0.0348),descendência (0.0375),curativos (0.0289),felpuda (0.0305),síntese (0.0335)
5302,cachimbo (0.0348),insistência (0.0375),impressos (0.0289),ignorando (0.0305),ajusta (0.0335)
5303,calção (0.0348),bento (0.0375),impositiva (0.0289),ignoradas (0.0305),representava (0.0335)
5304,ônibus (0.0348),informática (0.0375),cântaros (0.0289),ferreira (0.0305),vital (0.0335)
5305,trabalhosa (0.0348),intercalado (0.0375),imbaúba (0.0289),contrapunha (0.0305),passei (0.0335)
5306,pedro (0.0348),10 (0.0375),curadores (0.0289),lidou (0.0305),fáceis (0.0335)
5307,procurando (0.0348),singulares (0.0375),cultivos (0.0289),dancem (0.0305),rasgadas (0.0335)
5308,iniciais (0.0348),queimando (0.0375),cíclica (0.0289),fiado (0.0305),fiz (0.0335)
5309,raspados (0.0348),visito (0.0375),cultivavam (0.0289),idealiza (0.0305),grata (0.0335)
5310,merece (0.0348),relaciona (0.0375),imaginou (0.0289),formosa (0.0305),ecoar (0.0335)
5311,prever (0.0348),sinônimo (0.0375),imaginemos (0.0289),coradas (0.0305),mudança (0.0333)
5312,conquistada (0.0348),permeada (0.0375),danos (0.0289),fortaleçam (0.0305),enigma (0.0333)
5313,gato (0.0348),secreto (0.0375),apegam (0.0289),luíza (0.0305),dualidade (0.0333)
5314,ian (0.0348),vaso (0.0375),crimes (0.0289),gabriel (0.0305),pensar (0.0333)
5315,costumavam (0.0348),versão (0.0375),defendam (0.0289),gaita (0.0305),querida (0.0333)
5316,queer (0.0348),somente (0.0375),anseiam (0.0289),guardei (0.0305),escutar (0.0333)
5317,parecer (0.0348),passava (0.0375),inquestionáveis (0.0289),madrepérola (0.0305),respeitando (0.0333)
5318,cortes (0.0348),posicionar (0.0375),honravam (0.0289),clínica (0.0305),olhando (0.0331)
5319,sorrio (0.0348),resumida (0.0375),inquietos (0.0289),garanta (0.0305),considerando (0.0331)
5320,evento (0.0348),pesar (0.0375),denotem (0.0289),criancinha (0.0305),rosados (0.0331)
5321,centenária (0.0348),resquício (0.0375),inscrevem (0.0289),costumeiro (0.0305),digno (0.0331)
5322,moldado (0.0348),peculiares (0.0375),honrava (0.0289),léu (0.0305),ambas (0.0331)
5323,fundiam (0.0348),rasteirinha (0.0375),denso (0.0289),gritaram (0.0305),guardando (0.0331)
5324,laço (0.0348),socialmente (0.0375),apodrecendo (0.0289),lágrima (0.0305),deste (0.0331)
5325,conserva (0.0348),usual (0.0375),denta (0.0289),crespas (0.0305),envolvia (0.0331)
5326,arranhões (0.0348),transporta (0.0375),honramos (0.0289),gem (0.0305),frescos (0.0331)
5327,persistência (0.0345),roraima (0.0375),honrada (0.0289),costuraram (0.0305),coturno (0.0331)
5328,sustentar (0.0345),raros (0.0375),incêndios (0.0289),fuçar (0.0305),pretensões (0.0331)
5329,preocupo (0.0345),respondo (0.0375),anomalia (0.0289),graú (0.0305),evocava (0.0331)
5330,terreno (0.0345),teresina (0.0375),apontando (0.0289),gestações (0.0305),arame (0.0331)
5331,aproxima (0.0345),soltando (0.0375),apontava (0.0289),lutadora (0.0305),tomo (0.0331)
5332,finamente (0.0345),rasteira (0.0375),insinuou (0.0289),cotidianamente (0.0305),guerreiro (0.0331)
5333,inicial (0.0345),suculentas (0.0375),homenageiam (0.0289),gesticulo (0.0305),tricô (0.0331)
5334,lidando (0.0345),sobra (0.0375),dependerão (0.0289),cravando (0.0305),graúna (0.0331)
5335,artística (0.0345),produzir (0.0375),insistentes (0.0289),coletavam (0.0305),aroeira (0.0331)
5336,celular (0.0345),participar (0.0375),derivados (0.0289),crateús (0.0305),desejo (0.0331)
5337,pairava (0.0345),preferem (0.0375),derrota (0.0289),craquelados (0.0305),rodeia (0.0331)
5338,machado (0.0345),frutas (0.0374),derrubada (0.0289),grandeza (0.0305),cidadezinha (0.0331)
5339,assunto (0.0345),pente (0.0374),aplicada (0.0289),lucidez (0.0305),esboça (0.0331)
5340,abertamente (0.0345),flora (0.0374),demonstrasse (0.0289),grana (0.0305),macio (0.0331)
5341,apelido (0.0345),transforma (0.0373),cosmogonia (0.0289),louça (0.0305),paraíba (0.0331)
5342,frescura (0.0345),caminhada (0.0372),costela (0.0289),gaba (0.0305),organizada (0.0331)
5343,baunilha (0.0345),conto (0.0372),defendê (0.0289),cruciais (0.0305),ilustrações (0.0329)
5344,alecrim (0.0345),faixa (0.0372),indicadores (0.0289),mango (0.0305),manhãs (0.0329)
5345,estrelada (0.0345),amarelo (0.0372),iaí (0.0289),cuidou (0.0305),indivíduos (0.0329)
5346,entremeado (0.0345),salada (0.0371),defumada (0.0289),fortíssima (0.0305),cercas (0.0329)
5347,devoto (0.0345),turbilhão (0.0370),degradação (0.0289),corajosa (0.0305),curtido (0.0329)
5348,braço (0.0344),vibração (0.0370),iarinha (0.0289),mangais (0.0305),plantam (0.0329)
5349,armação (0.0343),respeita (0.0370),criancinhas (0.0289),cumpre (0.0305),cotidiano (0.0329)
5350,arrumar (0.0343),sustentáveis (0.0370),criamos (0.0289),forçavam (0.0305),inclui (0.0329)
5351,universidade (0.0343),abriu (0.0370),adocicada (0.0289),fotografias (0.0305),acostumou (0.0329)
5352,conservadorismo (0.0343),autônoma (0.0370),crepitantes (0.0289),manejaram (0.0305),fiada (0.0329)
5353,seguem (0.0343),pairando (0.0370),inefáveis (0.0289),fragrâncias (0.0305),veadeiros (0.0329)
5354,cruzam (0.0343),retratando (0.0370),iaraçu (0.0289),cultivados (0.0305),moldando (0.0329)
5355,cropped (0.0343),apertar (0.0370),deixaremos (0.0289),harmônica (0.0305),significativas (0.0329)
5356,compromisso (0.0343),fotos (0.0370),iaporã (0.0289),culpe (0.0305),churrasco (0.0329)
5357,significativa (0.0343),fale (0.0370),adoecerem (0.0289),corporalmente (0.0305),apreciando (0.0327)
5358,binarismos (0.0343),forno (0.0370),deixariam (0.0289),cujos (0.0305),áreas (0.0327)
5359,imposições (0.0343),ditados (0.0370),cozemos (0.0289),manchando (0.0305),regiões (0.0327)
5360,paraná (0.0343),secular (0.0370),antropológicos (0.0289),corrigindo (0.0305),intensificavam (0.0327)
5361,movimentar (0.0343),populações (0.0370),hábilmente (0.0289),fresquinhos (0.0305),joaquim (0.0327)
5362,promover (0.0343),doem (0.0370),adoração (0.0289),fronte (0.0305),aprecio (0.0327)
5363,desistir (0.0343),abelha (0.0370),coxas (0.0289),frustra (0.0305),repousava (0.0327)
5364,perdoa (0.0343),nublados (0.0370),confortava (0.0289),claudicar (0.0305),morado (0.0327)
5365,talentosa (0.0343),nadar (0.0370),conformes (0.0289),habitante (0.0305),rara (0.0327)
5366,leais (0.0343),trabalhadoras (0.0370),conforma (0.0289),malas (0.0305),curvada (0.0327)
5367,universitário (0.0343),encontravam (0.0370),charruas (0.0289),cubatão (0.0305),católico (0.0327)
5368,desgaste (0.0343),secreta (0.0370),ligando (0.0289),fumado (0.0305),inserir (0.0327)
5369,informais (0.0343),xilogravura (0.0370),embebido (0.0289),críticos (0.0305),queimava (0.0327)
5370,comunicativo (0.0341),frescuras (0.0370),acentuada (0.0289),cruzou (0.0305),correm (0.0327)
5371,timbre (0.0341),despretensiosas (0.0370),embelezam (0.0289),gullar (0.0305),rabo (0.0326)
5372,esperam (0.0341),feminista (0.0370),aceite (0.0289),magnético (0.0305),assistindo (0.0326)
5373,repletas (0.0341),prenda (0.0370),embolado (0.0289),furacão (0.0305),ambiental (0.0326)
5374,descanso (0.0341),errar (0.0370),ligue (0.0289),marulho (0.0305),aceitam (0.0326)
5375,suavidade (0.0341),desejos (0.0370),agroindústria (0.0289),dedicou (0.0305),espera (0.0326)
5376,aspecto (0.0341),conhecedor (0.0370),embranqueceu (0.0289),mascando (0.0305),soja (0.0326)
5377,constituição (0.0341),apresento (0.0370),embrulhar (0.0289),minimamente (0.0305),timidez (0.0326)
5378,estranha (0.0341),bar (0.0370),emergem (0.0289),desenrola (0.0305),possuíam (0.0326)
5379,sábia (0.0341),esboçam (0.0370),garimpos (0.0289),escalda (0.0305),cortava (0.0326)
5380,quais (0.0341),esbranquiçado (0.0370),linear (0.0289),desenharam (0.0305),mapas (0.0326)
5381,tronco (0.0341),ondulação (0.0370),ganzás (0.0289),escaparem (0.0305),luxo (0.0326)
5382,ajusta (0.0341),conceito (0.0370),emergente (0.0289),desencontros (0.0305),claros (0.0324)
5383,amável (0.0341),consegui (0.0370),chamariam (0.0289),largou (0.0305),círculo (0.0324)
5384,sons (0.0341),explícita (0.0370),acariciado (0.0289),latejar (0.0305),significados (0.0324)
5385,considera (0.0339),grudar (0.0370),cessará (0.0289),ingrata (0.0305),abrange (0.0324)
5386,extrovertido (0.0339),sô (0.0370),cerâmicas (0.0289),conscientes (0.0305),ideia (0.0324)
5387,entendimento (0.0339),infinita (0.0370),armazenar (0.0289),descuido (0.0305),avelã (0.0324)
5388,dualidade (0.0339),depender (0.0370),emergiria (0.0289),mirando (0.0305),caixinha (0.0324)
5389,lazer (0.0339),riquezas (0.0370),cerque (0.0289),conseguido (0.0305),moletom (0.0323)
5390,verdadeiro (0.0339),exato (0.0370),chifre (0.0289),escurecia (0.0305),aparências (0.0323)
5391,inspirava (0.0339),rigoroso (0.0370),emanação (0.0289),consertado (0.0305),chamativo (0.0323)
5392,possamos (0.0339),comunicam (0.0370),devorando (0.0289),inoportuna (0.0305),bolsa (0.0323)
5393,aves (0.0339),chegada (0.0370),cintilando (0.0289),infindáveis (0.0305),fechada (0.0323)
5394,sacos (0.0339),lama (0.0370),clamor (0.0289),esgarçadas (0.0305),molde (0.0323)
5395,silêncios (0.0339),opinião (0.0370),clamar (0.0289),infiltrou (0.0305),índio (0.0323)
5396,atuais (0.0339),bibliotecária (0.0370),dádivas (0.0289),lavados (0.0305),explorar (0.0323)
5397,fome (0.0339),sair (0.0370),civilizados (0.0289),espalhafatosa (0.0305),adaptadas (0.0323)
5398,pronúncia (0.0339),movimentava (0.0370),civilizado (0.0289),desconfiados (0.0305),correndo (0.0323)
5399,macio (0.0337),real (0.0370),cisnormativas (0.0289),inequívocos (0.0305),solta (0.0323)
5400,praça (0.0337),avistar (0.0370),ciona (0.0289),mimava (0.0305),colhidas (0.0323)
5401,deste (0.0337),adaptado (0.0370),eli (0.0289),inebriantes (0.0305),peixe (0.0323)
5402,esboça (0.0337),imaginava (0.0370),agradeceremos (0.0289),milagroso (0.0305),bruta (0.0321)
5403,tricô (0.0337),glamour (0.0370),argiloso (0.0289),esperem (0.0305),artesanatos (0.0321)
5404,resto (0.0337),estilosa (0.0370),cingem (0.0289),mexeu (0.0305),passando (0.0321)
5405,solidão (0.0337),sensações (0.0370),acertar (0.0289),cheire (0.0305),hábeis (0.0320)
5406,ideais (0.0337),cobrem (0.0370),generalista (0.0289),inocência (0.0305),séculos (0.0320)
5407,sufocante (0.0337),assusta (0.0370),eloquentes (0.0289),misturei (0.0305),trilhas (0.0320)
5408,acariciar (0.0337),puxam (0.0370),elus (0.0289),indistintas (0.0305),adornam (0.0320)
5409,volumes (0.0337),coberto (0.0370),acessar (0.0289),envelhece (0.0305),fundos (0.0320)
5410,filme (0.0337),represente (0.0370),ciclicidade (0.0289),modernizadas (0.0305),doces (0.0320)
5411,acalmam (0.0337),mantenho (0.0370),cicatrizando (0.0289),confuso (0.0305),nuvens (0.0320)
5412,digno (0.0337),torrencial (0.0370),ema (0.0289),enterrados (0.0305),almoço (0.0320)
5413,perdas (0.0337),voar (0.0370),generalidade (0.0289),entoadas (0.0305),bochecha (0.0318)
5414,envolvia (0.0337),estiagens (0.0370),gemer (0.0289),congela (0.0305),combinadas (0.0318)
5415,aprecia (0.0337),corrido (0.0370),lianas (0.0289),deslavadas (0.0305),povos (0.0318)
5416,selva (0.0337),emolduradas (0.0370),cercanias (0.0289),entreabertos (0.0305),tecem (0.0317)
5417,guardando (0.0337),juazeiros (0.0370),empregava (0.0289),entrecortados (0.0305),pressão (0.0317)
5418,generalização (0.0337),angústia (0.0370),aguardava (0.0289),entregue (0.0305),chá (0.0317)
5419,prefira (0.0337),sentado (0.0370),enigmáticos (0.0289),modelam (0.0305),caminhava (0.0317)
5420,nativas (0.0337),pernas (0.0369),enfermos (0.0289),congelados (0.0305),adapta (0.0316)
5421,rabiscado (0.0337),resiste (0.0368),enfraqueceram (0.0289),insinua (0.0305),agarra (0.0316)
5422,lúcia (0.0335),baiano (0.0368),enfurecido (0.0289),entusiasta (0.0305),sentido (0.0316)
5423,espalhar (0.0335),lutaram (0.0368),lutemos (0.0289),comove (0.0305),vivas (0.0316)
5424,ajudou (0.0335),negro (0.0367),engolem (0.0289),lares (0.0305),inseguranças (0.0316)
5425,rígidas (0.0335),lutou (0.0367),causado (0.0289),envergonham (0.0305),sinta (0.0314)
5426,meninas (0.0335),africanas (0.0367),catálogo (0.0289),conjugam (0.0305),lateral (0.0314)
5427,seguros (0.0335),entrelaçam (0.0366),catingueira (0.0289),envergonhe (0.0305),minimalista (0.0314)
5428,fitas (0.0335),laranja (0.0366),límpida (0.0289),inquieto (0.0305),digamos (0.0314)
5429,complementa (0.0335),cravo (0.0366),arranjadas (0.0289),enviesados (0.0305),europeus (0.0313)
5430,ousadas (0.0335),ervas (0.0366),casualidade (0.0289),desfrutando (0.0305),tonalidade (0.0313)
5431,repousa (0.0333),face (0.0365),aguçados (0.0289),lancha (0.0305),seda (0.0313)
5432,cachoeiras (0.0333),tentamos (0.0365),arranjados (0.0289),desfiadas (0.0305),valoriza (0.0313)
5433,grudando (0.0333),creio (0.0365),fraldas (0.0289),desfaziam (0.0305),acidente (0.0313)
5434,rara (0.0333),paulistas (0.0365),fragmentos (0.0289),equilibro (0.0305),faculdade (0.0313)
5435,repousava (0.0333),característicos (0.0365),fragmentado (0.0289),inquebrantáveis (0.0305),conservador (0.0313)
5436,áreas (0.0333),entrever (0.0365),machucada (0.0289),inovar (0.0305),preferência (0.0313)
5437,garante (0.0333),vigor (0.0365),machucar (0.0289),laranjão (0.0305),habitual (0.0313)
5438,correm (0.0333),prosperar (0.0365),fragmentadas (0.0289),indivisíveis (0.0305),impostas (0.0312)
5439,azulados (0.0333),propósito (0.0365),ameaçadas (0.0289),descer (0.0305),arrastada (0.0312)
5440,equilibra (0.0333),intriga (0.0365),cascavel (0.0289),falsidade (0.0305),progresso (0.0312)
5441,cansada (0.0333),streetwear (0.0365),arrepiados (0.0289),extenuantes (0.0305),avermelhada (0.0312)
5442,combinam (0.0333),banho (0.0365),lutaremos (0.0289),delineados (0.0305),identificar (0.0311)
5443,residem (0.0333),decidida (0.0365),causar (0.0289),experimentais (0.0305),específicos (0.0311)
5444,enfrentadas (0.0333),dúvida (0.0365),enfermidade (0.0289),explicada (0.0305),vale (0.0311)
5445,bia (0.0333),favoritos (0.0365),enfeitiado (0.0289),impressionavam (0.0305),escrever (0.0310)
5446,definida (0.0333),cravadas (0.0365),fêmea (0.0289),deliciosamente (0.0305),presa (0.0310)
5447,deixaram (0.0333),hostil (0.0365),centrais (0.0289),explodir (0.0305),bagunçado (0.0310)
5448,pano (0.0333),disposta (0.0365),aros (0.0289),mecha (0.0305),velhas (0.0310)
5449,juntas (0.0333),cantado (0.0365),celeste (0.0289),lenços (0.0305),decorado (0.0309)
5450,indicando (0.0331),central (0.0365),encantada (0.0289),explorava (0.0305),futuras (0.0308)
5451,cortava (0.0331),datas (0.0365),celebremos (0.0289),contagiar (0.0305),ajudar (0.0307)
5452,sofisticado (0.0331),apertada (0.0365),furiosas (0.0289),exportação (0.0305),relaxada (0.0307)
5453,frases (0.0331),amorosa (0.0365),funções (0.0289),matogrossense (0.0305),adorno (0.0307)
5454,estilosas (0.0331),masculinos (0.0365),encher (0.0289),combatidas (0.0305),estação (0.0307)
5455,lex (0.0331),concentrada (0.0365),encolhida (0.0289),importação (0.0305),rústica (0.0307)
5456,área (0.0331),agradece (0.0365),abóboras (0.0289),melancólicos (0.0305),tapajós (0.0306)
5457,técnicas (0.0331),andam (0.0365),arpão (0.0289),levanto (0.0305),caindo (0.0306)
5458,amplo (0.0331),absorvendo (0.0365),lucho (0.0289),extravagância (0.0305),fibras (0.0304)
5459,severino (0.0331),beijos (0.0365),caçava (0.0289),exótica (0.0305),chinelos (0.0304)
5460,perspicácia (0.0331),aspirações (0.0365),fulniô (0.0289),fabricada (0.0305),inquebrantável (0.0303)
5461,desconforto (0.0329),alcança (0.0365),ameaçando (0.0289),coloriu (0.0305),juliana (0.0301)
5462,ouvi (0.0329),camomila (0.0365),lunares (0.0289),contatos (0.0305),mesmx (0.0301)
5463,aceitar (0.0329),tutu (0.0365),caçadores (0.0289),implacabilidade (0.0305),desenvolvia (0.0301)
5464,grisalhas (0.0329),considerados (0.0365),caçadora (0.0289),impermanência (0.0305),subjugados (0.0301)
5465,caírem (0.0329),coleciono (0.0365),cavernas (0.0289),fagulho (0.0305),disfarçado (0.0301)
5466,ecoavam (0.0329),optando (0.0365),enfeitar (0.0289),falange (0.0305),pilão (0.0301)
5467,elaborados (0.0329),quadros (0.0365),durável (0.0289),contemplem (0.0305),viverei (0.0301)
5468,fluência (0.0329),imposta (0.0365),clãs (0.0289),dedilharem (0.0305),bicha (0.0301)
5469,mandioca (0.0329),fluía (0.0365),dupla (0.0289),falsas (0.0305),bené (0.0301)
5470,bolsa (0.0328),ornamentam (0.0365),gritos (0.0289),meditativo (0.0305),aprisiona (0.0301)
5471,20 (0.0328),alternando (0.0365),grutas (0.0289),incansáveis (0.0305),variará (0.0301)
5472,cadernos (0.0328),amoroso (0.0365),juntamente (0.0289),cheirosa (0.0305),iguaracy (0.0301)
5473,chamativo (0.0328),harmoniosamente (0.0365),comunicavam (0.0289),esticavam (0.0305),barítono (0.0301)
5474,solta (0.0328),pegaram (0.0365),comunicamos (0.0289),indissociáveis (0.0305),contrastante (0.0301)
5475,pintada (0.0328),estreitos (0.0365),acolhidas (0.0289),chimia (0.0305),basquete (0.0301)
5476,compreende (0.0328),floridos (0.0365),comumente (0.0289),comentar (0.0305),pousam (0.0301)
5477,fechada (0.0328),castanhas (0.0365),dignificam (0.0289),descalçosa (0.0305),purificação (0.0301)
5478,vinho (0.0328),consiga (0.0365),jurandizinho (0.0289),descabido (0.0305),provedor (0.0301)
5479,carregou (0.0328),ressecada (0.0365),juremas (0.0289),desbravar (0.0305),disfarçada (0.0301)
5480,ombro (0.0328),consolo (0.0365),afirmava (0.0289),desastradas (0.0305),precisaria (0.0301)
5481,firulas (0.0328),novelas (0.0365),jurê (0.0289),mesclou (0.0305),aprendidos (0.0301)
5482,contos (0.0326),milagre (0.0365),kalapalo (0.0289),indefinível (0.0305),sublinhava (0.0301)
5483,musculatura (0.0326),opaco (0.0365),amplificadas (0.0289),estender (0.0305),vivenciar (0.0301)
5484,morei (0.0326),ponderado (0.0365),araracanga (0.0289),indecisa (0.0305),larguei (0.0301)
5485,enormemente (0.0326),iluminam (0.0365),diminutivos (0.0289),desaparecer (0.0305),trocando (0.0301)
5486,contaram (0.0326),torrentes (0.0365),juçara (0.0289),incômodas (0.0305),riscando (0.0301)
5487,montanhas (0.0326),notava (0.0365),afogando (0.0289),inconstantes (0.0305),identificações (0.0301)
5488,mora (0.0326),roceiros (0.0365),diminuírem (0.0289),evocando (0.0305),puxado (0.0301)
5489,cuidadoso (0.0326),estudos (0.0365),complementadas (0.0289),desajuste (0.0305),berinjela (0.0301)
5490,livres (0.0326),precisam (0.0365),competência (0.0289),mercearia (0.0305),precisavam (0.0301)
5491,quebrado (0.0325),incomodar (0.0365),compartilhavam (0.0289),estrangulava (0.0305),argumentação (0.0301)
5492,hábeis (0.0325),barbante (0.0365),direi (0.0289),inconsciente (0.0305),argumentava (0.0301)
5493,soprava (0.0325),rebelar (0.0365),concentrando (0.0289),desafiante (0.0305),soltam (0.0301)
5494,declaração (0.0325),cobertos (0.0365),guacamaia (0.0289),incompletude (0.0305),julinho (0.0301)
5495,cuidadosa (0.0325),sofrido (0.0365),arapiá (0.0289),incomodou (0.0305),conduzia (0.0301)
5496,irregular (0.0325),limão (0.0365),concorrência (0.0289),constatação (0.0305),julgadas (0.0301)
5497,eco (0.0325),labor (0.0365),jari (0.0289),desabrochava (0.0305),iaiá (0.0301)
5498,próximas (0.0325),pasto (0.0365),confiantes (0.0289),derrubá (0.0305),pincéis (0.0301)
5499,alcançar (0.0324),aguçado (0.0365),jaspe (0.0289),churrascarias (0.0305),blog (0.0301)
5500,intrincadas (0.0324),imposto (0.0365),jateada (0.0289),derme (0.0305),aperte (0.0301)
5501,traçado (0.0324),andrógina (0.0365),dialecto (0.0289),incendiar (0.0305),apertava (0.0301)
5502,anelar (0.0324),composta (0.0365),confeccionados (0.0289),jeri (0.0305),poupou (0.0301)
5503,23 (0.0324),vaidosa (0.0365),analisam (0.0289),dividi (0.0305),cozinheiras (0.0301)
5504,derretido (0.0324),decepções (0.0365),didi (0.0289),ressignificada (0.0305),bares (0.0301)
5505,medos (0.0322),rendas (0.0364),confeccionadas (0.0289),tufos (0.0305),ialorixás (0.0301)
5506,incluindo (0.0322),calosas (0.0364),araken (0.0289),anelavam (0.0305),encharca (0.0301)
5507,tecem (0.0322),indefinida (0.0364),difusa (0.0289),simplificada (0.0305),velórios (0.0301)
5508,deve (0.0322),harmonia (0.0363),guarantã (0.0289),trem (0.0305),vencedores (0.0301)
5509,curso (0.0322),definir (0.0362),conectarmos (0.0289),anil (0.0305),lides (0.0301)
5510,variações (0.0322),personificação (0.0361),arakenã (0.0289),pétalas (0.0305),encará (0.0301)
5511,tato (0.0321),promovem (0.0361),conectadas (0.0289),silhuetas (0.0305),englobe (0.0301)
5512,sentido (0.0321),severidade (0.0361),arakuã (0.0289),baste (0.0305),salientar (0.0301)
5513,polo (0.0321),tornar (0.0361),afastemos (0.0289),captavam (0.0305),mexiam (0.0301)
5514,enfrentamos (0.0321),visita (0.0361),guaranis (0.0289),puxar (0.0305),barbear (0.0301)
5515,injustiças (0.0321),metáforas (0.0361),conduzisse (0.0289),antecipação (0.0305),encarregou (0.0301)
5516,guarani (0.0321),marcavam (0.0361),guacu (0.0289),trégua (0.0305),libertos (0.0301)
5517,compreender (0.0320),manuseia (0.0361),guache (0.0289),capuz (0.0305),lavadeiras (0.0301)
5518,atlântica (0.0320),apresentou (0.0361),grilagem (0.0289),percursos (0.0305),perverso (0.0301)
5519,defina (0.0320),instalações (0.0361),comparado (0.0289),percebidos (0.0305),impressiona (0.0301)
5520,permanece (0.0318),decididos (0.0361),duda (0.0289),reclamação (0.0305),levavam (0.0301)
5521,refinado (0.0318),aparecendo (0.0361),dorso (0.0289),bíceps (0.0305),rija (0.0301)
5522,davi (0.0318),descalça (0.0361),coletados (0.0289),recolher (0.0305),contorna (0.0301)
5523,podendo (0.0317),foge (0.0361),coletado (0.0289),oferecido (0.0305),arimatéia (0.0301)
5524,milenar (0.0317),catar (0.0361),domestei (0.0289),oferecida (0.0305),lavrou (0.0301)
5525,margens (0.0317),articulado (0.0361),araucários (0.0289),anônima (0.0305),costurado (0.0301)
5526,jovens (0.0317),encantadora (0.0361),araçá (0.0289),turco (0.0305),concentradas (0.0301)
5527,silvestres (0.0316),traduzia (0.0361),dons (0.0289),percorridas (0.0305),apetite (0.0301)
5528,identificar (0.0316),estando (0.0361),araí (0.0289),caramujo (0.0305),aristocrático (0.0301)
5529,comportamento (0.0316),nacional (0.0361),lavada (0.0289),básicas (0.0305),biotipos (0.0301)
5530,etnias (0.0315),unidos (0.0361),cogumelos (0.0289),peraltices (0.0305),pousados (0.0301)
5531,ouvida (0.0314),adornavam (0.0361),cogumelo (0.0289),penteio (0.0305),joões (0.0301)
5532,erva (0.0313),expansivo (0.0361),lavavam (0.0289),traçada (0.0305),tributo (0.0301)
5533,científica (0.0313),comunica (0.0361),cometer (0.0289),sinos (0.0305),impregnados (0.0301)
5534,participando (0.0313),entenda (0.0361),coexistindo (0.0289),sobrevivências (0.0305),contornam (0.0301)
5535,casaco (0.0312),fôlego (0.0361),coerente (0.0289),afetar (0.0305),dobradas (0.0301)
5536,trabalhavam (0.0311),maxilar (0.0361),cocos (0.0289),afetando (0.0305),varal (0.0301)
5537,surge (0.0311),femininos (0.0361),legítima (0.0289),quebradiços (0.0305),argamassa (0.0301)
5538,habitam (0.0311),pausas (0.0361),cobriam (0.0289),sobrevivia (0.0305),desgraça (0.0301)
5539,véu (0.0311),ferro (0.0361),cobiçada (0.0289),sobrevivendo (0.0305),iguarassu (0.0301)
5540,aula (0.0311),agrada (0.0361),lembrada (0.0289),transpirar (0.0305),bebemos (0.0301)
5541,30 (0.0309),formiga (0.0361),cobiça (0.0289),pressionaram (0.0305),alisados (0.0301)
5542,rachava (0.0309),permeava (0.0361),cobertura (0.0289),transportou (0.0305),imaginaria (0.0301)
5543,arara (0.0308),levanta (0.0361),acinzentadas (0.0289),omitido (0.0305),contrariá (0.0301)
5544,entremeados (0.0307),chora (0.0361),coletar (0.0289),cacauais (0.0305),imaginado (0.0301)
5545,estudante (0.0307),escapavam (0.0361),agogô (0.0289),sobral (0.0305),dividindo (0.0301)
5546,ensurdecedor (0.0306),enfrentaram (0.0361),agitavam (0.0289),andante (0.0305),endireitar (0.0301)
5547,embelezado (0.0306),sustentabilidade (0.0361),dobrou (0.0289),slam (0.0305),levam (0.0301)
5548,desdém (0.0306),ângulos (0.0361),ampliava (0.0289),andavam (0.0305),pulam (0.0301)
5549,roraimense (0.0306),massa (0.0361),dirige (0.0289),adultos (0.0305),apreciado (0.0301)
5550,riscos (0.0306),aulas (0.0361),karai (0.0289),travar (0.0305),labirintos (0.0301)
5551,desculpa (0.0306),menor (0.0361),comercializa (0.0289),capixabo (0.0305),impagável (0.0301)
5552,embaré (0.0306),dado (0.0361),dirigia (0.0289),ax (0.0305),distribuiu (0.0301)
5553,pisamos (0.0306),disciplina (0.0361),discursos (0.0289),capororoca (0.0305),desesperança (0.0301)
5554,revelações (0.0306),crente (0.0361),disfarce (0.0289),travessuras (0.0305),distribua (0.0301)
5555,eficiente (0.0306),pulsando (0.0361),kuluene (0.0289),sintético (0.0305),mental (0.0301)
5556,masculinidades (0.0306),ave (0.0361),kã (0.0289),atravessado (0.0305),preenchido (0.0301)
5557,enriquecer (0.0306),último (0.0361),distinta (0.0289),tênues (0.0305),impassível (0.0301)
5558,engessadas (0.0306),graciosamente (0.0361),ararei (0.0289),carauá (0.0305),alisa (0.0301)
5559,manifestadas (0.0306),trago (0.0361),gracejar (0.0289),peixada (0.0305),peteca (0.0301)
5560,efusivo (0.0306),defendendo (0.0361),gira (0.0289),vantagens (0.0305),largado (0.0301)
5561,ritmadas (0.0306),sobreviveram (0.0360),lambendo (0.0289),acontecimentos (0.0305),discriminadas (0.0301)
5562,descrevia (0.0306),pagode (0.0360),lamenta (0.0289),obedece (0.0305),bebê (0.0301)
5563,reverencial (0.0306),pretas (0.0359),gigantescas (0.0289),baianês (0.0305),lerdo (0.0301)
5564,dinâmicas (0.0306),gigante (0.0357),gigantes (0.0289),apertavam (0.0305),saiam (0.0301)
5565,enobrece (0.0306),fenótipos (0.0357),colheres (0.0289),nítido (0.0305),conterrâneos (0.0301)
5566,roseiras (0.0306),animação (0.0357),dizeres (0.0289),nuvem (0.0305),alinhadas (0.0301)
5567,durinho (0.0306),usada (0.0357),lara (0.0289),prevalecem (0.0305),alimentício (0.0301)
5568,encantava (0.0306),integrando (0.0357),colheiam (0.0289),apito (0.0305),praquele (0.0301)
5569,marujada (0.0306),taipa (0.0357),equipamentos (0.0289),salta (0.0305),discernimento (0.0301)
5570,disciplinado (0.0306),acompanharam (0.0357),ẽngat (0.0289),buchada (0.0305),imaginação (0.0301)
5571,retrocesso (0.0306),exigem (0.0357),tácito (0.0289),vanguarda (0.0305),conteúdo (0.0301)
5572,marinha (0.0306),precise (0.0357),quipás (0.0289),acomodem (0.0305),enfeitado (0.0301)
5573,distintiva (0.0306),gesticulavam (0.0357),sopro (0.0289),sentam (0.0305),aquecia (0.0301)
5574,desciam (0.0306),testemunhando (0.0357),sopé (0.0289),nozes (0.0305),conteúdos (0.0301)
5575,sedenta (0.0306),gesticula (0.0357),torções (0.0289),aportou (0.0305),labial (0.0301)
5576,pintavam (0.0306),ouvidos (0.0357),tábuas (0.0289),varginha (0.0305),melódicas (0.0301)
5577,maracujá (0.0306),perna (0.0357),torso (0.0289),safras (0.0305),bebidas (0.0301)
5578,ecoante (0.0306),limitações (0.0357),portador (0.0289),sacada (0.0305),dirijo (0.0301)
5579,descompromisso (0.0306),personagem (0.0357),parecerem (0.0289),acolho (0.0305),tráfego (0.0301)
5580,desconfiada (0.0306),morrer (0.0357),separarei (0.0289),brutalidade (0.0305),almas (0.0301)
5581,entenderia (0.0306),coqueiro (0.0357),quiquin (0.0289),recuaram (0.0305),mentora (0.0301)
5582,discuta (0.0306),parede (0.0357),portadoras (0.0289),rígido (0.0305),lembrei (0.0301)
5583,régua (0.0306),impossibilidade (0.0357),separadas (0.0289),brusca (0.0305),batalho (0.0301)
5584,secado (0.0306),facetas (0.0357),quebre (0.0289),permitisse (0.0305),ardia (0.0301)
5585,ditongos (0.0306),sentimento (0.0357),nutri (0.0289),bule (0.0305),trocava (0.0301)
5586,picância (0.0306),cautelosa (0.0357),perigosos (0.0289),recontada (0.0305),batalhadores (0.0301)
5587,descrevam (0.0306),filhas (0.0357),tornarem (0.0289),acordado (0.0305),levara (0.0301)
5588,martinho (0.0306),figurino (0.0357),reinterpretando (0.0289),carnuda (0.0305),picos (0.0301)
5589,maravilha (0.0306),produto (0.0357),retorcidos (0.0289),pretinhos (0.0305),lançam (0.0301)
5590,ecologia (0.0306),didáticos (0.0357),roubadas (0.0289),reconhecesse (0.0305),implacable (0.0301)
5591,descreverem (0.0306),todes (0.0357),rouba (0.0289),atingem (0.0305),deserta (0.0301)
5592,mangá (0.0306),notar (0.0357),soubemos (0.0289),semipreciosas (0.0305),startup (0.0301)
5593,maru (0.0306),funciona (0.0357),nus (0.0289),apaixonando (0.0305),concreta (0.0301)
5594,diversão (0.0306),pintados (0.0357),silenciaram (0.0289),semelhança (0.0305),desgastes (0.0301)
5595,divertir (0.0306),rebela (0.0357),sopravam (0.0289),adaptam (0.0305),arapiraca (0.0301)
5596,dum (0.0306),mancar (0.0357),totem (0.0289),cardíaco (0.0305),alternam (0.0301)
5597,deseja (0.0306),mandacaru (0.0357),totêmico (0.0289),uniu (0.0305),contrabalançando (0.0301)
5598,empadão (0.0306),estudando (0.0357),xaréu (0.0289),seleção (0.0305),aprontava (0.0301)
5599,embalam (0.0306),medicina (0.0357),resistido (0.0289),apaixonou (0.0305),benfazeja (0.0301)
5600,matizadas (0.0306),abarcar (0.0357),tradução (0.0289),acumulou (0.0305),trocou (0.0301)
5601,samurais (0.0306),estudo (0.0357),poluíram (0.0289),acumulavam (0.0305),aproximasse (0.0301)
5602,samurai (0.0306),remetem (0.0356),regava (0.0289),apareceu (0.0305),lembramos (0.0301)
5603,documentários (0.0306),transformação (0.0354),serenamente (0.0289),reconstruindo (0.0305),distorcidas (0.0301)
5604,manquejo (0.0306),elo (0.0354),resistia (0.0289),provou (0.0305),alianças (0.0301)
5605,salário (0.0306),matinal (0.0354),sobreviventes (0.0289),perfeitas (0.0305),levantados (0.0301)
5606,doida (0.0306),frias (0.0354),vapor (0.0289),usassem (0.0305),levantando (0.0301)
5607,roubávamos (0.0306),cariocas (0.0354),ponga (0.0289),provocam (0.0305),velhice (0.0301)
5608,dominicais (0.0306),ganhei (0.0354),participei (0.0289),atestada (0.0305),preenchidos (0.0301)
5609,dominguei (0.0306),transpareciam (0.0354),participassem (0.0289),provoca (0.0305),impedem (0.0301)
5610,desvalorizado (0.0306),medalhão (0.0354),registra (0.0289),apega (0.0305),contidas (0.0301)
5611,desvendada (0.0306),recanto (0.0354),participamos (0.0289),sebos (0.0305),picante (0.0301)
5612,domesticado (0.0306),especificamente (0.0354),xe (0.0289),queimados (0.0305),levantou (0.0301)
5613,detalhar (0.0306),joelho (0.0354),ocidentalizadas (0.0289),queimam (0.0305),apoiado (0.0301)
5614,encontrarei (0.0306),escape (0.0354),saltava (0.0289),russa (0.0305),lamentoso (0.0301)
5615,devotada (0.0306),lavar (0.0354),zoológico (0.0289),sufixos (0.0305),pesava (0.0301)
5616,marciais (0.0306),envolver (0.0354),parentesco (0.0289),beiras (0.0305),merecemos (0.0301)
5617,emprestadas (0.0306),pensamentos (0.0354),vivíamos (0.0289),terrestre (0.0305),impelida (0.0301)
5618,marceneiro (0.0306),entusiasmo (0.0354),rabiscam (0.0289),suponho (0.0305),desgastar (0.0301)
5619,encarregaram (0.0306),digitais (0.0354),ocultos (0.0289),superciliar (0.0305),encorpado (0.0301)
5620,salpica (0.0306),artísticas (0.0354),silentes (0.0289),superava (0.0305),protagonismo (0.0301)
5621,encarregado (0.0306),acolher (0.0354),sp (0.0289),amadureceu (0.0305),coordenadora (0.0301)
5622,rondando (0.0306),safra (0.0354),sentimos (0.0289),rabeca (0.0305),impulsionar (0.0301)
5623,maternos (0.0306),compreendida (0.0354),vislumbramos (0.0289),sulcavam (0.0305),jogava (0.0301)
5624,deusa (0.0306),amarras (0.0354),perfumavam (0.0289),testemunhado (0.0305),sonhadorx (0.0301)
5625,devastadora (0.0306),escolho (0.0354),perfuma (0.0289),bel (0.0305),assombrar (0.0301)
5626,encaixariam (0.0306),agrícolas (0.0354),praticadas (0.0289),passeia (0.0305),ruidosas (0.0301)
5627,emagrecer (0.0306),entendendo (0.0354),praticamos (0.0289),amariam (0.0305),vigia (0.0301)
5628,encanada (0.0306),rezo (0.0354),tiradas (0.0289),amavam (0.0305),produtora (0.0301)
5629,mariazinha (0.0306),caos (0.0354),pendente (0.0289),canalizar (0.0305),coroas (0.0301)
5630,digitam (0.0306),mexer (0.0354),reservas (0.0289),ajeitar (0.0305),convictos (0.0301)
5631,endereçamento (0.0306),refletida (0.0354),substituída (0.0289),candura (0.0305),coroar (0.0301)
5632,djavan (0.0306),ossos (0.0353),queimá (0.0289),caneca (0.0305),produtivo (0.0301)
5633,pintá (0.0306),arara (0.0353),pantaneiro (0.0289),ajeitando (0.0305),unidimensional (0.0301)
5634,dinheirinho (0.0306),preparar (0.0352),pansexual (0.0289),realizem (0.0305),coro (0.0301)
5635,engano (0.0306),nordestinos (0.0351),restou (0.0289),ajeita (0.0305),dialoga (0.0301)
5636,desembaraçando (0.0306),ficava (0.0351),recuperar (0.0289),realçados (0.0305),rugosidade (0.0301)
5637,desenvolvido (0.0306),impôs (0.0351),tinindo (0.0289),orvalho (0.0305),amparam (0.0301)
5638,pipa (0.0306),acompanhando (0.0351),simbolizam (0.0289),preenchida (0.0305),inovadora (0.0301)
5639,drasticamente (0.0306),grão (0.0351),sangrar (0.0289),presenteadas (0.0305),ponderasse (0.0301)
5640,desfeitos (0.0306),pior (0.0351),nu (0.0289),rabisca (0.0305),rugindo (0.0301)
5641,diluíram (0.0306),começo (0.0351),tingimento (0.0289),alô (0.0305),embaiava (0.0301)
5642,rolam (0.0306),cheiros (0.0351),rã (0.0289),audaciosa (0.0305),autodidata (0.0301)
5643,sarjeta (0.0306),ajudei (0.0351),velhinha (0.0289),terminado (0.0305),rosas (0.0301)
5644,dramática (0.0306),angu (0.0351),veloz (0.0289),alimentado (0.0305),lumes (0.0301)
5645,rezam (0.0306),compartilhados (0.0351),nhe (0.0289),calorosos (0.0305),luminosa (0.0301)
5646,mecher (0.0306),confunde (0.0351),saci (0.0289),paralelo (0.0305),inscrever (0.0301)
5647,massas (0.0306),aço (0.0351),possuímos (0.0289),bebo (0.0305),intimida (0.0301)
5648,embalado (0.0306),barra (0.0351),mínima (0.0289),talha (0.0305),emancipação (0.0301)
5649,drama (0.0306),carreguei (0.0351),míticas (0.0289),parecido (0.0305),inscrição (0.0301)
5650,doíam (0.0306),cultivava (0.0351),posto (0.0289),ramificada (0.0305),desvendados (0.0301)
5651,empoeirados (0.0306),cultivaram (0.0351),pote (0.0289),beges (0.0305),prete (0.0301)
5652,sapateiro (0.0306),laterais (0.0351),quilombo (0.0289),calçadão (0.0305),pontada (0.0301)
5653,desmedida (0.0306),cadenciada (0.0351),mística (0.0289),palácios (0.0305),maneirismos (0.0301)
5654,desnecessário (0.0306),estrategicamente (0.0351),nhambiquarã (0.0289),ralando (0.0305),superarem (0.0301)
5655,empreitadas (0.0306),autoafirmação (0.0351),quietudamente (0.0289),telhas (0.0305),duradouros (0.0301)
5656,enfeito (0.0306),harmoniza (0.0351),suando (0.0289),temido (0.0305),manifestada (0.0301)
5657,energizam (0.0306),perguntam (0.0351),pararemos (0.0289),camaleão (0.0305),aventurei (0.0301)
5658,desorganizado (0.0306),piadas (0.0351),paranapanema (0.0289),alegrava (0.0305),proferi (0.0301)
5659,divulgação (0.0306),pronunciava (0.0351),uacari (0.0289),paro (0.0305),porca (0.0301)
5660,paisagística (0.0306),arado (0.0351),pousada (0.0289),alongar (0.0305),science (0.0301)
5661,faltou (0.0306),pleno (0.0351),pousando (0.0289),tempestuosos (0.0305),conversamos (0.0301)
5662,pisoteada (0.0306),oral (0.0351),sentidas (0.0289),pairam (0.0305),embranquecendo (0.0301)
5663,punhos (0.0306),mesmas (0.0351),tomaram (0.0289),autora (0.0305),unicamente (0.0301)
5664,hídrica (0.0306),navegando (0.0351),xandô (0.0289),beijar (0.0305),inveja (0.0301)
5665,híbrida (0.0306),quedas (0.0351),vasilhas (0.0289),padronagens (0.0305),utilização (0.0301)
5666,puxadas (0.0306),mula (0.0351),túnicas (0.0289),alumínio (0.0305),manguezal (0.0301)
5667,lavadas (0.0306),vieram (0.0349),nhanderu (0.0289),amassavam (0.0305),assisti (0.0301)
5668,puxaram (0.0306),ia (0.0349),samaúma (0.0289),avantajados (0.0305),avaliam (0.0301)
5669,praticamente (0.0306),açaí (0.0349),perfuradas (0.0289),opinar (0.0305),prestar (0.0301)
5670,lavam (0.0306),livremente (0.0348),tragédias (0.0289),afrouxa (0.0305),loucura (0.0301)
5671,pátria (0.0306),estampados (0.0348),resistirem (0.0289),tortuosos (0.0305),antirracistas (0.0301)
5672,lavaram (0.0306),rústicas (0.0348),sombrios (0.0289),atribuem (0.0305),corredores (0.0301)
5673,holográfico (0.0306),infantis (0.0348),pertencentes (0.0289),cantavam (0.0305),mangabas (0.0301)
5674,hibiscos (0.0306),bocado (0.0348),permitiremos (0.0289),toscos (0.0305),superando (0.0301)
5675,hesito (0.0306),cultivada (0.0348),pescado (0.0289),totêmicos (0.0305),durão (0.0301)
5676,hesite (0.0306),zen (0.0348),naveguei (0.0289),solidário (0.0305),antirracismo (0.0301)
5677,quarentona (0.0306),chorar (0.0348),utilizar (0.0289),cachoeiro (0.0305),amigáveis (0.0301)
5678,quarentão (0.0306),férteis (0.0348),pastor (0.0289),pegado (0.0305),avaliava (0.0301)
5679,icoaraci (0.0306),capítulo (0.0348),resumia (0.0289),amolecido (0.0305),assombra (0.0301)
5680,late (0.0306),nasce (0.0348),utilizei (0.0289),queriam (0.0305),avaliar (0.0301)
5681,hashi (0.0306),costa (0.0348),pesquei (0.0289),agarrando (0.0305),inseguras (0.0301)
5682,pratico (0.0306),mestre (0.0348),xinguana (0.0289),amontoava (0.0305),autodefinir (0.0301)
5683,implícitos (0.0306),comunitária (0.0348),nítidos (0.0289),suados (0.0305),vibrantemente (0.0301)
5684,lamparina (0.0306),canaviais (0.0348),sobrevoa (0.0289),solavancos (0.0305),atraem (0.0301)
5685,impiedosos (0.0306),compartilhadas (0.0348),navegava (0.0289),trair (0.0305),interpretado (0.0301)
5686,lanternas (0.0306),sufoca (0.0348),navegado (0.0289),trajetórias (0.0305),pretura (0.0301)
5687,impeça (0.0306),ipês (0.0348),sofrer (0.0289),benê (0.0305),atraindo (0.0301)
5688,lançado (0.0306),grave (0.0348),permitiram (0.0289),pegue (0.0305),anitta (0.0301)
5689,lançavam (0.0306),esboçava (0.0348),reforço (0.0289),transcendendo (0.0305),determinasse (0.0301)
5690,provei (0.0306),foice (0.0348),xikxine (0.0289),opressivas (0.0305),utilizada (0.0301)
5691,provocava (0.0306),guiando (0.0348),nativos (0.0289),sofia (0.0305),andei (0.0301)
5692,provérbios (0.0306),maravilhosa (0.0348),unirá (0.0289),transcorria (0.0305),andi (0.0301)
5693,psicodélico (0.0306),devem (0.0348),trançavam (0.0289),transfeminicídio (0.0305),inteireza (0.0301)
5694,iluminados (0.0306),leito (0.0348),passarinhos (0.0289),transgredindo (0.0305),consequências (0.0301)
5695,ido (0.0306),conhecida (0.0348),xxi (0.0289),amigx (0.0305),intermediário (0.0301)
5696,punha (0.0306),amontoado (0.0348),utensílios (0.0289),aglomerado (0.0305),atadura (0.0301)
5697,punho (0.0306),ênfase (0.0348),passariam (0.0289),orgulhava (0.0305),sapucaí (0.0301)
5698,havaiana (0.0306),pores (0.0348),utensílio (0.0289),torrar (0.0305),vertebral (0.0301)
5699,harmonizado (0.0306),angústias (0.0348),rupestres (0.0289),predominava (0.0305),macena (0.0301)
5700,prosperaram (0.0306),impressa (0.0348),treme (0.0289),patriarcal (0.0305),convivo (0.0301)
5701,grafiteira (0.0306),alimenta (0.0347),resplendor (0.0289),ambientalistas (0.0305),veículos (0.0301)
5702,rachadinho (0.0306),ipê (0.0347),perpetuam (0.0289),tingirá (0.0305),atalaia (0.0301)
5703,lentes (0.0306),território (0.0346),trepadeira (0.0289),tingiu (0.0305),andrê (0.0301)
5704,gostado (0.0306),pedras (0.0346),refletiram (0.0289),reaproveitamento (0.0305),poli (0.0301)
5705,racializadas (0.0306),merece (0.0345),sociabilidade (0.0289),sorriu (0.0305),econômicas (0.0301)
5706,gogh (0.0306),andanças (0.0345),xucurus (0.0289),batimento (0.0305),copacabana (0.0301)
5707,glitter (0.0306),trabalhadores (0.0345),respirarei (0.0289),sorriram (0.0305),atende (0.0301)
5708,racializado (0.0306),oi (0.0345),ruptura (0.0289),tiracolo (0.0305),usasse (0.0301)
5709,pourri (0.0306),sorrio (0.0345),perseguiu (0.0289),sorridentemente (0.0305),polinizou (0.0301)
5710,gerânio (0.0306),reta (0.0345),usarei (0.0289),titubear (0.0305),vestidas (0.0301)
5711,gerencio (0.0306),traduzir (0.0345),reaproveitadas (0.0289),ameaçam (0.0305),efêmeras (0.0301)
5712,ralado (0.0306),tomava (0.0345),urgente (0.0289),pausados (0.0305),intacto (0.0301)
5713,ramen (0.0306),jorge (0.0345),refletivos (0.0289),atribulada (0.0305),inseriu (0.0301)
5714,genético (0.0306),adocicado (0.0345),sobrevoando (0.0289),agrária (0.0305),satisfações (0.0301)
5715,rapazinho (0.0306),churrasquinho (0.0345),persistia (0.0289),quiet (0.0305),convidativa (0.0301)
5716,generalizem (0.0306),desconstruir (0.0345),patrimônio (0.0289),peculiaridade (0.0305),malaguetas (0.0301)
5717,graduação (0.0306),aromas (0.0345),refiram (0.0289),tomam (0.0305),urbanidade (0.0301)
5718,grafiteiro (0.0306),costumavam (0.0345),sobrevoam (0.0289),predefinidas (0.0305),lundu (0.0301)
5719,hambúrguer (0.0306),saudável (0.0345),voltaremos (0.0289),tonto (0.0305),dezessete (0.0301)
5720,quimonos (0.0306),ônibus (0.0345),yarã (0.0289),pedacinhos (0.0305),lustrosos (0.0301)
5721,haiku (0.0306),lugarejo (0.0345),pife (0.0289),tornem (0.0305),engoli (0.0301)
5722,legumes (0.0306),línguas (0.0345),polegares (0.0289),redefinição (0.0305),poca (0.0301)
5723,quebrei (0.0306),consciência (0.0345),nutriu (0.0289),adaptabilidade (0.0305),sapos (0.0301)
5724,praquelas (0.0306),apurado (0.0345),transformados (0.0289),ruru (0.0305),magrinho (0.0301)
5725,queixe (0.0306),saem (0.0345),zenaide (0.0289),reinvenção (0.0305),desânimo (0.0301)
5726,quesito (0.0306),escravidão (0.0345),significava (0.0289),rigo (0.0305),poderei (0.0301)
5727,guajará (0.0306),imensamente (0.0345),recebidos (0.0289),acastanhado (0.0305),inspiramos (0.0301)
5728,praga (0.0306),silenciosos (0.0345),seringueiras (0.0289),máscaras (0.0305),pomadas (0.0301)
5729,grudaram (0.0306),aventura (0.0345),transformado (0.0289),zezinho (0.0305),anciã (0.0301)
5730,lembrasse (0.0306),ruguinhas (0.0345),nutritivas (0.0289),repentina (0.0305),inspiravam (0.0301)
5731,grudadas (0.0306),feições (0.0342),passagens (0.0289),povoaram (0.0305),assustadora (0.0301)
5732,questionou (0.0306),patches (0.0342),unguentos (0.0289),castelo (0.0305),inspirá (0.0301)
5733,grossenses (0.0306),aparados (0.0342),partiu (0.0289),violento (0.0305),lutador (0.0301)
5734,gritava (0.0306),persistência (0.0342),partilhava (0.0289),acalmando (0.0305),eletrônicas (0.0301)
5735,quilômetro (0.0306),participo (0.0342),pneus (0.0289),causou (0.0305),atribuí (0.0301)
5736,laje (0.0306),paira (0.0342),seringueira (0.0289),reviso (0.0305),atributo (0.0301)
5737,imprecisão (0.0306),licença (0.0342),trajos (0.0289),assistente (0.0305),interseccional (0.0301)
5738,rapina (0.0306),entremeado (0.0342),trajo (0.0289),acanhado (0.0305),instintivamente (0.0301)
5739,pressionado (0.0306),entremeada (0.0342),reducionistas (0.0289),pinçavam (0.0305),roxas (0.0301)
5740,interrompe (0.0306),alecrim (0.0342),obsidiana (0.0289),arcada (0.0305),assusto (0.0301)
5741,interessando (0.0306),canção (0.0342),zigomáticos (0.0289),castigadora (0.0305),verdura (0.0301)
5742,interconectam (0.0306),século (0.0342),trajava (0.0289),renderam (0.0305),anônimo (0.0301)
5743,intercalar (0.0306),precisamos (0.0342),vampiro (0.0289),ponderação (0.0305),verdejante (0.0301)
5744,pretensiosa (0.0306),início (0.0342),nestas (0.0289),negociando (0.0305),contribuições (0.0301)
5745,julgada (0.0306),macia (0.0342),transformamos (0.0289),acenaram (0.0305),jantamos (0.0301)
5746,intenções (0.0306),cariri (0.0342),serpente (0.0289),reerguer (0.0305),contribuiu (0.0301)
5747,intensificado (0.0306),abraços (0.0342),nata (0.0289),petiscos (0.0305),domada (0.0301)
5748,integridade (0.0306),impuseram (0.0342),zelo (0.0289),piamente (0.0305),vendedoras (0.0301)
5749,instantânea (0.0306),geométrico (0.0342),nascimentos (0.0289),aproximações (0.0305),proporcionavam (0.0301)
5750,junino (0.0306),abraçou (0.0342),reafirmo (0.0289),vestiram (0.0305),conformar (0.0301)
5751,juninos (0.0306),africanos (0.0342),yvy (0.0289),riscadinhas (0.0305),encaixotar (0.0301)
5752,insistissem (0.0306),rios (0.0341),passarem (0.0289),prateadas (0.0305),domado (0.0301)
5753,insere (0.0306),compromisso (0.0340),passarei (0.0289),acento (0.0305),conformava (0.0301)
5754,predileta (0.0306),cruzam (0.0340),transpassava (0.0289),picantes (0.0305),rojão (0.0301)
5755,intrigante (0.0306),inimigo (0.0340),pinima (0.0289),assimilando (0.0305),incluído (0.0301)
5756,introversão (0.0306),espesso (0.0340),recado (0.0289),abafava (0.0305),limonada (0.0301)
5757,inscrevera (0.0306),objeto (0.0340),rasgou (0.0289),abaixada (0.0305),educador (0.0301)
5758,intrusivas (0.0306),capixaba (0.0340),sertões (0.0289),aquecem (0.0305),arrasadoras (0.0301)
5759,jangada (0.0306),incrível (0.0340),trilharam (0.0289),abalar (0.0305),encaixarem (0.0301)
5760,prenderem (0.0306),imposições (0.0340),sobreviverão (0.0289),zines (0.0305),marcara (0.0301)
5761,jan (0.0306),movimentar (0.0340),pipe (0.0289),virilidade (0.0305),aparentam (0.0301)
5762,jian (0.0306),exibem (0.0340),piracicaba (0.0289),ardência (0.0305),somado (0.0301)
5763,jambeiro (0.0306),perceber (0.0340),pirapó (0.0289),74 (0.0305),jackson (0.0301)
5764,preferível (0.0306),seguem (0.0340),pirão (0.0289),profusão (0.0305),encaixado (0.0301)
5765,iça (0.0306),domina (0.0340),pisam (0.0289),arqueio (0.0305),dominei (0.0301)
5766,prenunciando (0.0306),tocava (0.0340),serpenteavam (0.0289),resgatadas (0.0305),amarem (0.0301)
5767,preferimos (0.0306),preferir (0.0340),transformou (0.0289),refresco (0.0305),lindalva (0.0301)
5768,isoladas (0.0306),quieto (0.0340),valorizado (0.0289),banharam (0.0305),domingão (0.0301)
5769,irreversivelmente (0.0306),carregaram (0.0340),transformei (0.0289),arraiá (0.0305),arrogância (0.0301)
5770,preferi (0.0306),joias (0.0340),roni (0.0289),resolvido (0.0305),arrojado (0.0301)
5771,invisibilizante (0.0306),cropped (0.0340),pendendo (0.0289),catita (0.0305),desmanchando (0.0301)
5772,intuitivo (0.0306),consertos (0.0340),precocemente (0.0289),arrebatador (0.0305),desmanchados (0.0301)
5773,preservou (0.0306),masculinidade (0.0340),repousando (0.0289),casualmente (0.0305),tímidos (0.0301)
5774,juntavam (0.0306),incenso (0.0340),tekoha (0.0289),borrão (0.0305),inaceitável (0.0301)
5775,juquinha (0.0306),paraná (0.0340),priorizar (0.0289),vírgulas (0.0305),impulsiva (0.0301)
5776,labutado (0.0306),forjado (0.0340),superficialmente (0.0289),bisnetos (0.0305),doceira (0.0301)
5777,incutidas (0.0306),mineiros (0.0340),teias (0.0289),resignado (0.0305),confiava (0.0301)
5778,keiko (0.0306),rola (0.0340),privilegiar (0.0289),pneuzinhos (0.0305),encarnava (0.0301)
5779,incompreensível (0.0306),infinito (0.0340),processou (0.0289),válvulas (0.0305),banto (0.0301)
5780,kenzo (0.0306),vindo (0.0340),ínfima (0.0289),resista (0.0305),banquinho (0.0301)
5781,incomparáveis (0.0306),aprendida (0.0340),nomeado (0.0289),respiravam (0.0305),virtuoso (0.0301)
5782,kiko (0.0306),saudáveis (0.0339),pulmõs (0.0289),arqueado (0.0305),documentário (0.0301)
5783,incoerência (0.0306),mensagens (0.0338),procure (0.0289),planeja (0.0305),encarnada (0.0301)
5784,inclinado (0.0306),brasa (0.0338),roca (0.0289),boêmios (0.0305),amadas (0.0301)
5785,inclina (0.0306),ocupar (0.0338),pudéssemos (0.0289),arruma (0.0305),amadeiradas (0.0301)
5786,kung (0.0306),ecoar (0.0338),tecedora (0.0289),polegar (0.0305),jequitinhonha (0.0301)
5787,incertas (0.0306),abraçam (0.0338),orna (0.0289),argolinhas (0.0305),dogmática (0.0301)
5788,incerta (0.0306),síntese (0.0338),rezando (0.0289),xará (0.0305),dolorosos (0.0301)
5789,pronunciavam (0.0306),recente (0.0338),vívida (0.0289),restaurar (0.0305),inacessíveis (0.0301)
5790,pronúncias (0.0306),acidentes (0.0338),produzem (0.0289),abrem (0.0305),contagiando (0.0301)
5791,laboriosa (0.0306),emoldurare (0.0338),repletos (0.0289),abreviação (0.0305),inalcançável (0.0301)
5792,improvisar (0.0306),manusear (0.0338),orinoco (0.0289),armar (0.0305),preocuparem (0.0301)
5793,inconveniente (0.0306),sábia (0.0338),taça (0.0289),prolongado (0.0305),valorizavam (0.0301)
5794,kasato (0.0306),pontes (0.0338),tauã (0.0289),arrepio (0.0305),banhar (0.0301)
5795,inquietações (0.0306),complexas (0.0338),reconhecia (0.0289),redemoinhos (0.0305),incentivando (0.0301)
5796,indelicados (0.0306),quebrada (0.0338),tupa (0.0289),academicamente (0.0305),arranja (0.0301)
5797,iniciativas (0.0306),cintilava (0.0338),vorazes (0.0289),poema (0.0305),amamentou (0.0301)
5798,ingrediente (0.0306),morte (0.0338),ornada (0.0289),arregaçada (0.0305),cosméticos (0.0301)
5799,inglaterra (0.0306),espelha (0.0338),sumaúma (0.0289),banhadas (0.0305),limitador (0.0301)
5800,ingestão (0.0306),canela (0.0338),pressionada (0.0289),baldes (0.0305),mariana (0.0301)
5801,infortúnios (0.0306),desfiado (0.0338),pyau (0.0289),negrume (0.0305),incompleteness (0.0301)
5802,informa (0.0306),vivido (0.0338),sunga (0.0289),rodados (0.0305),apareceram (0.0301)
5803,produtores (0.0306),mau (0.0338),violências (0.0289),roupagens (0.0305),invisibilizou (0.0301)
5804,inflexíveis (0.0306),forjadas (0.0338),simétricos (0.0289),musculado (0.0305),sambar (0.0301)
5805,juão (0.0306),olhado (0.0338),seguido (0.0289),verbetes (0.0305),articula (0.0301)
5806,inexplorados (0.0306),quais (0.0338),seguidas (0.0289),rosáceo (0.0305),contá (0.0301)
5807,inegociáveis (0.0306),tremor (0.0338),orquídea (0.0289),rotulada (0.0305),articulad (0.0301)
5808,progressiva (0.0306),envergonho (0.0338),tucum (0.0289),venta (0.0305),presenciamos (0.0301)
5809,projeta (0.0306),africana (0.0336),percorrem (0.0289),assuste (0.0305),projetado (0.0301)
5810,projetando (0.0306),sabendo (0.0336),previsão (0.0289),balde (0.0305),valente (0.0301)
5811,prolonga (0.0306),cultivadas (0.0336),ornavam (0.0289),barbeando (0.0305),corridos (0.0301)
5812,poupar (0.0306),renasce (0.0336),sobrenomes (0.0289),roubam (0.0305),artigo (0.0301)
5813,levaria (0.0306),dava (0.0336),seguia (0.0289),pronunciando (0.0305),emolduraram (0.0301)
5814,entrar (0.0306),crua (0.0336),purus (0.0289),ética (0.0305),confusões (0.0301)
5815,estranhas (0.0306),contou (0.0336),ornamentais (0.0289),roubei (0.0305),apaixonad (0.0301)
5816,estrangeiros (0.0306),heranças (0.0336),removida (0.0289),poros (0.0305),sufocava (0.0301)
5817,repreender (0.0306),disse (0.0336),nomeada (0.0289),praticantes (0.0305),progredindo (0.0301)
5818,repreendeu (0.0306),assinatura (0.0336),rochosas (0.0289),aprofunda (0.0305),pitanga (0.0301)
5819,estivador (0.0306),entendimento (0.0336),olharam (0.0289),assentada (0.0305),construirmos (0.0301)
5820,esteticamente (0.0306),batalhas (0.0336),tatuado (0.0289),roçadeira (0.0305),sambas (0.0301)
5821,reprodução (0.0306),marcam (0.0336),turista (0.0289),roídas (0.0305),porem (0.0301)
5822,poda (0.0306),pedaços (0.0334),ritmada (0.0289),normais (0.0305),dre (0.0301)
5823,esquisito (0.0306),calo (0.0334),originou (0.0289),velas (0.0305),congo (0.0301)
5824,espreitava (0.0306),dedicados (0.0334),sussuram (0.0289),aprendizagens (0.0305),ultrapassar (0.0301)
5825,espreguiçavam (0.0306),envolvia (0.0334),ressignificado (0.0289),cartão (0.0305),aspirados (0.0301)
5826,macapá (0.0306),paraíba (0.0334),sussurava (0.0289),acinzentada (0.0305),planas (0.0301)
5827,residindo (0.0306),rodeia (0.0334),perambula (0.0289),óleos (0.0305),programadora (0.0301)
5828,resido (0.0306),top (0.0334),ressignificação (0.0289),proporção (0.0305),desrespeitados (0.0301)
5829,especiaria (0.0306),distintas (0.0334),repetida (0.0289),nostálgico (0.0305),amei (0.0301)
5830,especialista (0.0306),ousadia (0.0334),proteja (0.0289),notado (0.0305),ameixa (0.0301)
5831,repreendendo (0.0306),abater (0.0334),prontamente (0.0289),produtiva (0.0305),emolduravando (0.0301)
5832,estratégicamente (0.0306),tempestades (0.0334),protegido (0.0289),pertenciam (0.0305),valeu (0.0301)
5833,macios (0.0306),acariciar (0.0334),vigilantes (0.0289),assenta (0.0305),dominou (0.0301)
5834,estreitam (0.0306),imprevisível (0.0334),repentinas (0.0289),versátil (0.0305),baianidade (0.0301)
5835,lulu (0.0306),colheram (0.0334),prontidão (0.0289),bico (0.0305),empurrou (0.0301)
5836,renascem (0.0306),costureira (0.0334),reparando (0.0289),rolou (0.0305),pronunciados (0.0301)
5837,expande (0.0306),plantava (0.0332),protegerei (0.0289),áridos (0.0305),positivamente (0.0301)
5838,exigiam (0.0306),complementa (0.0332),úteis (0.0289),reivindicações (0.0305),construírem (0.0301)
5839,luninha (0.0306),tela (0.0332),protegemos (0.0289),brilharam (0.0305),virei (0.0301)
5840,exemplar (0.0306),construo (0.0332),rincões (0.0289),ávido (0.0305),pronunciada (0.0301)
5841,executando (0.0306),rígidas (0.0332),vigilância (0.0289),existo (0.0304),virava (0.0301)
5842,lutado (0.0306),estende (0.0332),repassadas (0.0289),nova (0.0304),marajoara (0.0301)
5843,exclamações (0.0306),espalhar (0.0332),vigoroso (0.0289),respeita (0.0303),surdo (0.0301)
5844,repaginado (0.0306),espalha (0.0332),repassados (0.0289),moviam (0.0303),emprestou (0.0301)
5845,repelir (0.0306),autoaceitação (0.0332),protestar (0.0289),casca (0.0302),maquiagens (0.0301)
5846,eulália (0.0306),manhãs (0.0332),renovação (0.0289),geral (0.0300),salva (0.0301)
5847,lutona (0.0306),grudando (0.0330),renovam (0.0289),profissional (0.0298),inculto (0.0301)
5848,repetindo (0.0306),manso (0.0330),saíra (0.0289),intrincados (0.0297),emotiva (0.0301)
5849,replicar (0.0306),sustentam (0.0330),tatu (0.0289),ciclo (0.0297),manuêla (0.0301)
5850,macieira (0.0306),apertadas (0.0330),ressoante (0.0289),relação (0.0295),amassam (0.0301)
5851,resolvem (0.0306),panos (0.0330),tarda (0.0289),urubu (0.0295),promovendo (0.0301)
5852,explicassem (0.0306),deixaram (0.0330),turmalina (0.0289),cura (0.0295),manuss (0.0301)
5853,eriçados (0.0306),juntas (0.0330),ressignifico (0.0289),ensinamentos (0.0293),dignificar (0.0301)
5854,man (0.0306),incondicionalmente (0.0330),recordando (0.0289),rebelam (0.0292),confrontou (0.0301)
5855,ergueu (0.0306),irradiando (0.0330),orgulhem (0.0289),del (0.0292),prometiam (0.0301)
5856,erguer (0.0306),criou (0.0329),surpreendentes (0.0289),ferve (0.0292),prometendo (0.0301)
5857,manchadas (0.0306),esculpidos (0.0329),noroeste (0.0289),definam (0.0292),babados (0.0301)
5858,restringir (0.0306),mix (0.0329),ricamente (0.0289),indispensáveis (0.0292),domável (0.0301)
5859,equilibravam (0.0306),luiza (0.0329),talentos (0.0289),facilitam (0.0292),validação (0.0301)
5860,manco (0.0306),limitadas (0.0329),renova (0.0289),prendedores (0.0292),empoderadora (0.0301)
5861,planilhas (0.0306),estilosas (0.0329),optem (0.0289),him (0.0292),marcasse (0.0301)
5862,envolvidas (0.0306),matriarca (0.0329),tapa (0.0289),fidelidade (0.0292),tecê (0.0301)
5863,envolventes (0.0306),técnicas (0.0329),proximidades (0.0289),alinha (0.0292),revolucionária (0.0301)
5864,mando (0.0306),quitutes (0.0329),válida (0.0289),resina (0.0292),fotográfica (0.0301)
5865,envergada (0.0306),quebrava (0.0329),óbvios (0.0289),lavando (0.0292),receptivos (0.0301)
5866,resumindo (0.0306),pendurado (0.0327),tangível (0.0289),relacionar (0.0292),nebulosa (0.0301)
5867,retangular (0.0306),significados (0.0327),prolongamento (0.0289),blusão (0.0292),escondi (0.0301)
5868,pitoresco (0.0306),coquetel (0.0327),tam (0.0289),consistente (0.0292),reciclada (0.0301)
5869,eriçado (0.0306),ecoavam (0.0327),recompõe (0.0289),alinhamento (0.0292),fracos (0.0301)
5870,erradas (0.0306),dançar (0.0326),ornamentação (0.0289),explorada (0.0292),separar (0.0301)
5871,espartilho (0.0306),sinceros (0.0325),respondi (0.0289),surpreender (0.0292),dependentes (0.0301)
5872,mama (0.0306),curtida (0.0325),pendiam (0.0289),letra (0.0292),orgulham (0.0301)
5873,espanhol (0.0306),visuais (0.0325),terminava (0.0289),audacioso (0.0292),reciclagem (0.0301)
5874,esmeraldas (0.0306),esquecer (0.0325),soberania (0.0289),convencionais (0.0292),acumulados (0.0301)
5875,esmaga (0.0306),solta (0.0325),releitura (0.0289),cintila (0.0292),ordinário (0.0301)
5876,esfria (0.0306),correndo (0.0325),semeia (0.0289),bordou (0.0292),forçam (0.0301)
5877,esfarrapada (0.0306),complexos (0.0325),preito (0.0289),soou (0.0292),negligenciada (0.0301)
5878,escurinho (0.0306),dialeto (0.0325),terminologia (0.0289),tantão (0.0292),escondidas (0.0301)
5879,escurecer (0.0306),travessa (0.0325),sujeitos (0.0289),sustente (0.0292),cansava (0.0301)
5880,respeitosos (0.0306),quadro (0.0325),perdure (0.0289),clareia (0.0292),ânimo (0.0301)
5881,escreva (0.0306),bronze (0.0325),semiárida (0.0289),festejo (0.0292),francamente (0.0301)
5882,ressaca (0.0306),integrante (0.0324),seletivamente (0.0289),mané (0.0292),navigando (0.0301)
5883,ressequido (0.0306),virar (0.0324),territoriais (0.0289),resgate (0.0292),depósito (0.0301)
5884,mala (0.0306),camarão (0.0324),selecionado (0.0289),julgar (0.0292),navegavam (0.0301)
5885,malagueta (0.0306),aquarela (0.0322),prematuras (0.0289),comporta (0.0292),cânones (0.0301)
5886,escapada (0.0306),peste (0.0322),perdão (0.0289),assentam (0.0292),cuidavam (0.0301)
5887,maleáveis (0.0306),malícia (0.0322),simbologias (0.0289),sussurrado (0.0292),franzir (0.0301)
5888,experimentação (0.0306),rodada (0.0322),xamânicos (0.0289),aumenta (0.0292),fraterno (0.0301)
5889,remendos (0.0306),união (0.0322),murmurar (0.0289),dados (0.0292),estalos (0.0301)
5890,raps (0.0306),antirracista (0.0321),venenosa (0.0289),lavo (0.0292),separado (0.0301)
5891,fu (0.0306),esculpir (0.0321),ouviram (0.0289),auge (0.0292),recarregam (0.0301)
5892,posicionadas (0.0306),sensível (0.0321),murmuravam (0.0289),resgatam (0.0292),derretida (0.0301)
5893,recarga (0.0306),crio (0.0321),murmure (0.0289),podiam (0.0292),rebuscados (0.0301)
5894,recatada (0.0306),tornava (0.0321),represento (0.0289),podão (0.0292),sobrepostos (0.0301)
5895,frequentei (0.0306),jamais (0.0321),viriam (0.0289),pontuados (0.0292),relaxamentos (0.0301)
5896,limitadores (0.0306),fauna (0.0320),virtude (0.0289),regularidade (0.0292),cantaram (0.0301)
5897,recebida (0.0306),caminhava (0.0320),ovelhas (0.0289),bonança (0.0292),comemora (0.0301)
5898,freguês (0.0306),guiam (0.0320),preservo (0.0289),poeta (0.0292),reclamava (0.0301)
5899,franzindo (0.0306),desiste (0.0320),museu (0.0289),assa (0.0292),certeiras (0.0301)
5900,recifes (0.0306),buscam (0.0320),perdurar (0.0289),fazerem (0.0292),recompensar (0.0301)
5901,recolhida (0.0306),soltinha (0.0318),simbólicos (0.0289),bondosa (0.0292),escovas (0.0301)
5902,recompensado (0.0306),formam (0.0318),pregos (0.0289),hábil (0.0292),combinações (0.0301)
5903,recompensadora (0.0306),densos (0.0318),visa (0.0289),comentário (0.0292),toquei (0.0301)
5904,pormenorizada (0.0306),resistem (0.0318),reutilizar (0.0289),latino (0.0292),extrapolo (0.0301)
5905,floripa (0.0306),invisíveis (0.0317),oferenda (0.0289),reparo (0.0292),torcedor (0.0301)
5906,recorro (0.0306),brilhante (0.0317),resende (0.0289),sufocada (0.0292),dentição (0.0301)
5907,frágeis (0.0306),pequi (0.0317),nobres (0.0289),fascinou (0.0292),formulários (0.0301)
5908,fumegantes (0.0306),evoca (0.0317),têxteis (0.0289),sufocavam (0.0292),acostumar (0.0301)
5909,recusassem (0.0306),ensinava (0.0317),pererê (0.0289),sujeira (0.0292),cantoras (0.0301)
5910,lidava (0.0306),mogno (0.0316),sulino (0.0289),caipiras (0.0292),recomendou (0.0301)
5911,genealogia (0.0306),davi (0.0316),égua (0.0289),deixados (0.0292),sequelas (0.0301)
5912,rasgo (0.0306),alimentos (0.0316),sapucaia (0.0289),partido (0.0292),recolhidos (0.0301)
5913,gay (0.0306),emoldurada (0.0316),tesoura (0.0289),cisnormativa (0.0292),tagarela (0.0301)
5914,pot (0.0306),coragem (0.0316),vermelhidão (0.0289),deixada (0.0292),participativa (0.0301)
5915,raspar (0.0306),surpreendente (0.0316),preservamos (0.0289),juntam (0.0292),negociação (0.0301)
5916,rasqueado (0.0306),argolinha (0.0316),palmito (0.0289),pariu (0.0292),fortalecemos (0.0301)
5917,garantisse (0.0306),criações (0.0316),presenteara (0.0289),definiu (0.0292),certidão (0.0301)
5918,ganho (0.0306),reconhecimento (0.0315),reunirá (0.0289),sábado (0.0292),xuxu (0.0301)
5919,galinhada (0.0306),trabalhados (0.0315),preservasse (0.0289),legou (0.0292),acreditarem (0.0301)
5920,realizam (0.0306),digna (0.0315),preserve (0.0289),leggings (0.0292),torcidas (0.0301)
5921,futuristas (0.0306),ingredientes (0.0315),testemunhei (0.0289),pedagogia (0.0292),culta (0.0301)
5922,futevôlei (0.0306),estiagem (0.0315),preservem (0.0289),relacionadas (0.0292),optava (0.0301)
5923,realizando (0.0306),dando (0.0314),recriam (0.0289),repousavam (0.0292),dedilhar (0.0301)
5924,fura (0.0306),calada (0.0314),tucano (0.0289),manipulam (0.0292),partem (0.0301)
5925,positivo (0.0306),tapioca (0.0314),preservados (0.0289),fechadas (0.0292),dedicava (0.0301)
5926,porcos (0.0306),vinco (0.0314),temporário (0.0289),indiferença (0.0292),meço (0.0301)
5927,firmar (0.0306),silvestres (0.0314),wãpi (0.0289),lenda (0.0292),tormenta (0.0301)
5928,explícitas (0.0306),traje (0.0313),revelação (0.0289),manicure (0.0292),terceiro (0.0301)
5929,fantástico (0.0306),soltas (0.0313),temporal (0.0289),bloco (0.0292),pelô (0.0301)
5930,regionalidade (0.0306),precisamente (0.0313),preparei (0.0289),indelevel (0.0292),tacada (0.0301)
5931,faltar (0.0306),ouvida (0.0311),presenciaram (0.0289),rende (0.0292),campina (0.0301)
5932,falsos (0.0306),tinge (0.0311),representativas (0.0289),amassarão (0.0292),garotinha (0.0301)
5933,falho (0.0306),erva (0.0310),terêna (0.0289),atributos (0.0292),originais (0.0301)
5934,falas (0.0306),via (0.0309),presenciar (0.0289),amassaram (0.0292),adormecido (0.0301)
5935,longilíneas (0.0306),vivaz (0.0309),visceral (0.0289),amassar (0.0292),chacoalham (0.0301)
5936,reivindicar (0.0306),ferramenta (0.0309),sudestinas (0.0289),convidavam (0.0292),originária (0.0301)
5937,exóticos (0.0306),intrincado (0.0309),igualitário (0.0289),honrá (0.0292),fórmula (0.0301)
5938,rejeição (0.0306),banhava (0.0309),humildade (0.0289),raspando (0.0292),realeza (0.0301)
5939,exteriormente (0.0306),adquiridas (0.0308),estradas (0.0288),arrumada (0.0292),desajeitadas (0.0301)
5940,polpa (0.0306),realçava (0.0308),completavam (0.0288),polir (0.0292),realismo (0.0301)
5941,exterioridade (0.0306),sofrimento (0.0308),iluminar (0.0287),raspadinho (0.0292),frustrado (0.0301)
5942,extensos (0.0306),aula (0.0308),madura (0.0287),surgindo (0.0292),desaguando (0.0301)
5943,exprimem (0.0306),canções (0.0308),senhora (0.0287),combinavam (0.0292),desaforos (0.0301)
5944,relatórios (0.0306),raça (0.0307),esposa (0.0286),sóbrio (0.0292),esbelta (0.0301)
5945,fandangos (0.0306),noturno (0.0306),repente (0.0286),lembrado (0.0292),calorosas (0.0301)
5946,faraônica (0.0306),estreladas (0.0306),salgado (0.0286),sérios (0.0292),trabalhista (0.0301)
5947,fique (0.0306),alimentam (0.0306),entrega (0.0286),beiraria (0.0292),sentavam (0.0301)
5948,faria (0.0306),protegem (0.0305),europeia (0.0286),sombrinha (0.0292),gala (0.0301)
5949,finíssimo (0.0306),leblon (0.0304),escorre (0.0286),flash (0.0292),oferecidos (0.0301)
5950,redondos (0.0306),laquê (0.0304),desfiada (0.0285),corcunda (0.0292),percebi (0.0301)
5951,finalizam (0.0306),legais (0.0304),autêntico (0.0285),pesquisa (0.0292),galerinha (0.0301)
5952,filtrado (0.0306),tendenciosa (0.0304),geral (0.0284),apagavam (0.0292),chacota (0.0301)
5953,lirismo (0.0306),exausto (0.0304),diz (0.0284),companheirismo (0.0292),xandê (0.0301)
5954,filigrana (0.0306),excelência (0.0304),abro (0.0283),senta (0.0292),retratava (0.0301)
5955,refeição (0.0306),americano (0.0304),letras (0.0283),sensual (0.0292),chamadas (0.0301)
5956,refere (0.0306),cacheadas (0.0304),desenhar (0.0283),contemplaram (0.0292),explosivos (0.0301)
5957,listrada (0.0306),cachinhos (0.0304),florida (0.0283),sementinhas (0.0292),compara (0.0301)
5958,festejos (0.0306),viajante (0.0304),adversidade (0.0283),roll (0.0292),ganhara (0.0301)
5959,fenotípica (0.0306),alzira (0.0304),generosidade (0.0283),cotidianos (0.0292),calculada (0.0301)
5960,feminilidades (0.0306),americanas (0.0304),vira (0.0283),rapidinho (0.0292),explodam (0.0301)
5961,pondo (0.0306),libélula (0.0304),espontâneo (0.0281),redução (0.0292),abençoar (0.0301)
5962,feio (0.0306),passe (0.0304),despojado (0.0280),apanhei (0.0292),abençoadas (0.0301)
5963,fazê (0.0306),excessivas (0.0304),personificação (0.0280),frustração (0.0292),mureta (0.0301)
5964,descascaram (0.0306),falatório (0.0304),superação (0.0279),pesares (0.0292),erguendo (0.0301)
5965,jazz (0.0306),exporta (0.0304),autoconhecimento (0.0279),aparentando (0.0292),calosinho (0.0301)
5966,seguiram (0.0306),vendaval (0.0304),pretas (0.0279),perdem (0.0292),futurismo (0.0301)
5967,bastam (0.0306),caminhonete (0.0304),temas (0.0276),sentida (0.0292),admirava (0.0301)
5968,tratam (0.0306),exagero (0.0304),alagoas (0.0276),bálsamo (0.0292),reservou (0.0301)
5969,blusinha (0.0306),exprimir (0.0304),pesado (0.0276),colinas (0.0292),frustrar (0.0301)
5970,tratar (0.0306),expressá (0.0304),indicar (0.0276),senão (0.0292),reaproveitar (0.0301)
5971,neno (0.0306),estranhem (0.0304),incutiram (0.0276),separa (0.0292),resgata (0.0301)
5972,bisavôs (0.0306),expressos (0.0304),ressecados (0.0276),reconhecem (0.0292),narravam (0.0301)
5973,biquinho (0.0306),radicalmente (0.0304),cujas (0.0276),reconforta (0.0292),frutíferas (0.0301)
5974,travesti (0.0306),exatidão (0.0304),afiliação (0.0276),atlas (0.0292),caminhoneiro (0.0301)
5975,trazidos (0.0306),favoritas (0.0304),simbolizando (0.0276),separe (0.0292),fugia (0.0301)
5976,bichos (0.0306),tensões (0.0304),assustador (0.0276),riquíssimo (0.0292),comi (0.0301)
5977,bibliotecas (0.0306),exausta (0.0304),indiferença (0.0276),atleta (0.0292),adeus (0.0301)
5978,besteira (0.0306),legendas (0.0304),silencia (0.0276),limparam (0.0292),pense (0.0301)
5979,berloque (0.0306),faxineira (0.0304),enfeite (0.0276),recolhidas (0.0292),pensem (0.0301)
5980,traçava (0.0306),teto (0.0304),inefável (0.0276),serpenteando (0.0292),desafiaba (0.0301)
5981,patchwork (0.0306),viajou (0.0304),conseguiam (0.0276),lambada (0.0292),relembra (0.0301)
5982,beijara (0.0306),estimula (0.0304),associado (0.0276),serviam (0.0292),realçado (0.0301)
5983,batiam (0.0306),viaja (0.0304),endurecidos (0.0276),girassóis (0.0292),escaldar (0.0301)
5984,nhoque (0.0306),expondo (0.0304),manifestavam (0.0276),ronda (0.0292),comovem (0.0301)
5985,trarão (0.0306),americana (0.0304),nômade (0.0276),aparo (0.0292),reservo (0.0301)
5986,bomba (0.0306),animam (0.0304),endurecimento (0.0276),gabriela (0.0292),realçada (0.0301)
5987,pecuarista (0.0306),peludo (0.0304),recordações (0.0276),brotando (0.0292),pequenininha (0.0301)
5988,navios (0.0306),fechados (0.0304),recônditos (0.0276),bronzeara (0.0292),ês (0.0301)
5989,traiçoeira (0.0306),campineiro (0.0304),infiltrar (0.0276),geladinho (0.0292),fundas (0.0301)
5990,burocrática (0.0306),testando (0.0304),manipula (0.0276),rédea (0.0292),êsses (0.0301)
5991,budista (0.0306),cantores (0.0304),cultivado (0.0276),londrina (0.0292),administrado (0.0301)
5992,buarque (0.0306),exclusivas (0.0304),recorrente (0.0276),permita (0.0292),decorações (0.0301)
5993,brotei (0.0306),explicado (0.0304),encontrará (0.0276),garrafa (0.0292),realizou (0.0301)
5994,brinquei (0.0306),exclusivos (0.0304),assume (0.0276),aprendizagem (0.0292),furiosos (0.0301)
5995,navio (0.0306),lavanda (0.0304),adversas (0.0276),ruge (0.0292),crédito (0.0301)
5996,transbordavam (0.0306),experimentou (0.0304),conservar (0.0276),ganhava (0.0292),orientam (0.0301)
5997,bonzinho (0.0306),estarmos (0.0304),maneja (0.0276),crepitando (0.0292),trabalhamos (0.0301)
5998,transformada (0.0306),caberam (0.0304),insistindo (0.0276),peripécias (0.0292),realizava (0.0301)
5999,transitava (0.0306),rangendo (0.0304),engolindo (0.0276),roxos (0.0292),opressoras (0.0301)
6000,transmitam (0.0306),ranhuras (0.0304),encontre (0.0276),contadoras (0.0292),extrativista (0.0301)
6001,botucatu (0.0306),exercia (0.0304),cultivam (0.0276),livra (0.0292),acordam (0.0301)
6002,negativos (0.0306),qualificadas (0.0304),ressecado (0.0276),fugiam (0.0292),cursivo (0.0301)
6003,transmutação (0.0306),exigindo (0.0304),enfeitando (0.0276),litorâneas (0.0292),filosóficas (0.0301)
6004,transpiravam (0.0306),exigisse (0.0304),indelevel (0.0276),perguntarem (0.0292),respirasse (0.0301)
6005,trintão (0.0306),exista (0.0304),manipulam (0.0276),fusca (0.0292),zu (0.0301)
6006,baseie (0.0306),terror (0.0304),siga (0.0276),sardinha (0.0292),curriculares (0.0301)
6007,assemelham (0.0306),existissem (0.0304),inserido (0.0276),apertaram (0.0292),observada (0.0301)
6008,nipônicas (0.0306),estendendo (0.0304),injusto (0.0276),contassem (0.0292),acertam (0.0301)
6009,autoritário (0.0306),campestres (0.0304),conhecidos (0.0276),astrofísica (0.0292),tesouras (0.0301)
6010,autoria (0.0306),amenizado (0.0304),arquear (0.0276),saída (0.0292),sobem (0.0301)
6011,autodescobrir (0.0306),temporada (0.0304),enfeitados (0.0276),apelidos (0.0292),falésias (0.0301)
6012,autocompaixão (0.0306),lavras (0.0304),arrematadas (0.0276),funcionando (0.0292),tapiz (0.0301)
6013,austera (0.0306),canvas (0.0304),facilitam (0.0276),cuia (0.0292),fervo (0.0301)
6014,atualizo (0.0306),largamente (0.0304),instalou (0.0276),germinar (0.0292),sextas (0.0301)
6015,ukulele (0.0306),capas (0.0304),juvenil (0.0276),compatíveis (0.0292),fervente (0.0301)
6016,atropelo (0.0306),raspão (0.0304),relíquia (0.0276),atestado (0.0292),cobrava (0.0301)
6017,atribuídos (0.0306),julgue (0.0304),reluzindo (0.0276),imperfeito (0.0292),falhando (0.0301)
6018,atravessaram (0.0306),feed (0.0304),lamento (0.0276),refletissem (0.0292),falcões (0.0301)
6019,atrapalhando (0.0306),animava (0.0304),segurou (0.0276),herdeiras (0.0292),espreme (0.0301)
6020,astuto (0.0306),ambientado (0.0304),ofuscava (0.0276),guiadas (0.0292),deliberado (0.0301)
6021,assustar (0.0306),pelotas (0.0304),crepitar (0.0276),corretamente (0.0292),celebraram (0.0301)
6022,assumidamente (0.0306),amenizar (0.0304),ofuscar (0.0276),ressecados (0.0292),celebrava (0.0301)
6023,assobio (0.0306),tempestuoso (0.0304),seio (0.0276),fixa (0.0292),zora (0.0301)
6024,up (0.0306),julgador (0.0304),ouvem (0.0276),ressecamento (0.0292),finalizando (0.0301)
6025,assinado (0.0306),estendiam (0.0304),alheios (0.0276),clavícula (0.0292),obcecada (0.0301)
6026,avelino (0.0306),alvo (0.0304),digam (0.0276),correu (0.0292),reencontro (0.0301)
6027,avoado (0.0306),caboclo (0.0304),donos (0.0276),refrescante (0.0292),sertanejos (0.0301)
6028,azeda (0.0306),exceções (0.0304),jô (0.0276),antecede (0.0292),falariam (0.0301)
6029,bambolear (0.0306),quartos (0.0304),venho (0.0276),corrigir (0.0292),patrões (0.0301)
6030,trouxa (0.0306),racionar (0.0304),santuário (0.0276),sobressai (0.0292),reduzem (0.0301)
6031,baratinho (0.0306),pedalar (0.0304),versáteis (0.0276),guardados (0.0292),redutivas (0.0301)
6032,barata (0.0306),liberais (0.0304),cresceram (0.0276),argilas (0.0292),acharem (0.0301)
6033,nocivas (0.0306),estúdio (0.0304),dieta (0.0276),juvenil (0.0292),finura (0.0301)
6034,banheiro (0.0306),falem (0.0304),vendavais (0.0276),reforçando (0.0292),obtido (0.0301)
6035,banhado (0.0306),lençóis (0.0304),antecede (0.0276),sofrem (0.0292),espelhava (0.0301)
6036,trópicos (0.0306),falhas (0.0304),conversam (0.0276),habitar (0.0292),curtinho (0.0301)
6037,balé (0.0306),lençol (0.0304),conveniência (0.0276),atravessar (0.0292),oestes (0.0301)
6038,azeite (0.0306),amamos (0.0304),anule (0.0276),financeira (0.0292),acalmava (0.0301)
6039,baixada (0.0306),tiradentes (0.0304),veludo (0.0276),resolvida (0.0292),passaria (0.0301)
6040,pastelzinho (0.0306),fachada (0.0304),controle (0.0276),he (0.0292),coisinhas (0.0301)
6041,bailam (0.0306),tirado (0.0304),relacionar (0.0276),cordialidade (0.0292),espertos (0.0301)
6042,turbulências (0.0306),estádio (0.0304),apagamento (0.0276),cordial (0.0292),cavado (0.0301)
6043,bacon (0.0306),capturadas (0.0304),apagando (0.0276),solidários (0.0292),definirem (0.0301)
6044,bacia (0.0306),européias (0.0304),jegue (0.0276),pedregoso (0.0292),ofereço (0.0301)
6045,babar (0.0306),evangelismo (0.0304),cresçam (0.0276),her (0.0292),acarajés (0.0301)
6046,buscas (0.0306),quietão (0.0304),lapidadas (0.0276),amolece (0.0292),acalmaram (0.0301)
6047,pedestal (0.0306),caligrafia (0.0304),dilemas (0.0276),cítricas (0.0292),oestinidade (0.0301)
6048,buscavam (0.0306),fantasmagóricas (0.0304),armadilhas (0.0276),registrando (0.0292),oestinesas (0.0301)
6049,traia (0.0306),fantasy (0.0304),renascimento (0.0276),arranjar (0.0292),refúgiagens (0.0301)
6050,cavalgada (0.0306),verdão (0.0304),amargor (0.0276),solitário (0.0292),oficial (0.0301)
6051,murmurou (0.0306),lentas (0.0304),renovo (0.0276),soltá (0.0292),fascinaram (0.0301)
6052,caseiras (0.0306),extremos (0.0304),omita (0.0276),sobrepõem (0.0292),católicas (0.0301)
6053,terraço (0.0306),ancorada (0.0304),amaro (0.0276),recarrego (0.0292),caíque (0.0301)
6054,casarões (0.0306),video (0.0304),limitadoras (0.0276),retirantes (0.0292),refrescar (0.0301)
6055,casarão (0.0306),pedalava (0.0304),distintivo (0.0276),bravo (0.0292),ode (0.0301)
6056,carreta (0.0306),letí (0.0304),limitação (0.0276),sexta (0.0292),febres (0.0301)
6057,carregassem (0.0306),calcanhar (0.0304),lenda (0.0276),contenção (0.0292),caí (0.0301)
6058,testava (0.0306),levada (0.0304),altamente (0.0276),inchadas (0.0292),texe (0.0301)
6059,tietê (0.0306),realçavam (0.0304),lembrado (0.0276),she (0.0292),ocuparem (0.0301)
6060,careca (0.0306),quisesse (0.0304),cortei (0.0276),ridículo (0.0292),texto (0.0301)
6061,cardumes (0.0306),pegador (0.0304),leitos (0.0276),incide (0.0292),catingueiras (0.0301)
6062,caranguejo (0.0306),reapropria (0.0304),direção (0.0276),forjou (0.0292),feirante (0.0301)
6063,penedo (0.0306),vidro (0.0304),secretas (0.0276),silencia (0.0292),ácidas (0.0301)
6064,pendurando (0.0306),veraneio (0.0304),leggings (0.0276),curiosas (0.0292),ocupacional (0.0301)
6065,mágoas (0.0306),analítico (0.0304),dobras (0.0276),incisiva (0.0292),feirinhas (0.0301)
6066,caracteres (0.0306),veranicos (0.0304),cortando (0.0276),colocava (0.0292),aceitarem (0.0301)
6067,caíssem (0.0306),esverdeando (0.0304),ameaçadora (0.0276),poético (0.0292),passional (0.0301)
6068,munição (0.0306),leu (0.0304),cortada (0.0276),complementados (0.0292),abundantemente (0.0301)
6069,caótico (0.0306),reaproveitados (0.0304),divindade (0.0276),macias (0.0292),esmagada (0.0301)
6070,telefônicas (0.0306),terceira (0.0304),cravada (0.0276),reflitam (0.0292),nutritiva (0.0301)
6071,chorou (0.0306),faladora (0.0304),cravado (0.0276),cabral (0.0292),esquentava (0.0301)
6072,chocalham (0.0306),esvaziada (0.0304),cravam (0.0276),cursiva (0.0292),tomada (0.0301)
6073,chinês (0.0306),esvaindo (0.0304),renascendo (0.0276),imensurável (0.0292),acolhidos (0.0301)
6074,chinesas (0.0306),química (0.0304),correu (0.0276),simultânea (0.0292),cumprindo (0.0301)
6075,chi (0.0306),faleceu (0.0304),repousavam (0.0276),inclemência (0.0292),climático (0.0301)
6076,tecelas (0.0306),penetrando (0.0304),lava (0.0276),colonizador (0.0292),tomamos (0.0301)
6077,tecnicamente (0.0306),fanática (0.0304),olfativa (0.0276),reverente (0.0292),cumprimentavam (0.0301)
6078,penteava (0.0306),cardigã (0.0304),seguiam (0.0276),pensadas (0.0292),ressignificadas (0.0301)
6079,pensasse (0.0306),andorinha (0.0304),saquinho (0.0276),lapidadas (0.0292),focarei (0.0301)
6080,telhado (0.0306),patagônia (0.0304),alcançavam (0.0276),complementavam (0.0292),esqueleto (0.0301)
6081,temem (0.0306),estratégicas (0.0304),visitei (0.0276),penetrava (0.0292),terninho (0.0301)
6082,certinha (0.0306),evito (0.0304),sentiam (0.0276),skate (0.0292),fofo (0.0301)
6083,certezas (0.0306),amparado (0.0304),obrigados (0.0276),magnética (0.0292),opacidade (0.0301)
6084,multidimensionalidade (0.0306),estratégica (0.0304),contemplaram (0.0276),retratavam (0.0292),zague (0.0301)
6085,multifacetadas (0.0306),ti (0.0304),invade (0.0276),peneira (0.0292),capítulos (0.0301)
6086,centenários (0.0306),caderneta (0.0304),contemplando (0.0276),explodindo (0.0292),relativa (0.0301)
6087,tingir (0.0306),vendedora (0.0304),apressada (0.0276),contrastada (0.0292),flutuasse (0.0301)
6088,capturada (0.0306),extracurriculares (0.0304),macias (0.0276),acalentar (0.0292),reconstruído (0.0301)
6089,captando (0.0306),farturas (0.0304),serras (0.0276),tremule (0.0292),capturando (0.0301)
6090,caiu (0.0306),pecuárias (0.0304),embate (0.0276),devolver (0.0292),reconstrução (0.0301)
6091,tonta (0.0306),capelinha (0.0304),aprofundam (0.0276),adversas (0.0292),operadas (0.0301)
6092,tornaram (0.0306),amassada (0.0304),voa (0.0276),tratava (0.0292),customização (0.0301)
6093,calmante (0.0306),evoluir (0.0304),contamos (0.0276),encaixada (0.0292),particularidade (0.0301)
6094,calmamente (0.0306),recatadas (0.0304),intrinsicamente (0.0276),mexem (0.0292),nobre (0.0301)
6095,calculado (0.0306),exacerbado (0.0304),agressividade (0.0276),castelos (0.0292),talentosas (0.0301)
6096,calculadas (0.0306),cadarço (0.0304),aprovação (0.0276),encaixotada (0.0292),nirvana (0.0301)
6097,caladão (0.0306),levado (0.0304),obrigação (0.0276),caprichado (0.0292),foquei (0.0301)
6098,caipirinha (0.0306),racialmente (0.0304),intersecção (0.0276),quadrada (0.0292),escrevê (0.0301)
6099,nacionalidade (0.0306),reais (0.0304),reivindicando (0.0276),adoçado (0.0292),denotariam (0.0301)
6100,tostado (0.0306),labret (0.0304),passividade (0.0276),primeiras (0.0292),aconselha (0.0301)
6101,cadenciados (0.0306),realizações (0.0304),contadoras (0.0276),escovados (0.0292),ressonante (0.0301)
6102,trabalhem (0.0306),amargas (0.0304),interlocutor (0.0276),insistira (0.0292),tolerada (0.0301)
6103,nascidos (0.0306),extrema (0.0304),empoderam (0.0276),tropeçam (0.0292),zaí (0.0301)
6104,pedregosa (0.0306),tirou (0.0304),utilizá (0.0276),viscose (0.0292),achou (0.0301)
6105,cabocla (0.0306),fariam (0.0304),interconectados (0.0276),tropeçando (0.0292),esferográfica (0.0301)
6106,traem (0.0306),amadurecerem (0.0304),setores (0.0276),acende (0.0292),nutrido (0.0301)
6107,nacionalidades (0.0306),pensado (0.0304),utilitárias (0.0276),migrei (0.0292),colisão (0.0301)
6108,caminharam (0.0306),estruturas (0.0304),destes (0.0276),migrou (0.0292),paulistanês (0.0301)
6109,captam (0.0306),calorão (0.0304),constrangedoras (0.0276),desenha (0.0292),tamborim (0.0301)
6110,cantarolando (0.0306),cae (0.0304),intencionalmente (0.0276),acendendo (0.0292),zigue (0.0301)
6111,caprichosas (0.0306),lenhador (0.0304),argilas (0.0276),bananas (0.0292),espremida (0.0301)
6112,caprichosa (0.0306),evasivo (0.0304),agente (0.0276),desvincular (0.0292),colocam (0.0301)
6113,capilar (0.0306),evangélico (0.0304),agarravam (0.0276),pronominal (0.0292),reinventou (0.0301)
6114,canícula (0.0306),amadora (0.0304),macho (0.0276),encostada (0.0292),noção (0.0301)
6115,métodos (0.0306),questionei (0.0304),partilham (0.0276),nervoso (0.0292),esquecemos (0.0301)
6116,canteiro (0.0306),rachavam (0.0304),serenas (0.0276),escaldantes (0.0292),colocá (0.0301)
6117,cantarolar (0.0306),estritamente (0.0304),emanada (0.0276),certamente (0.0292),esforçada (0.0301)
6118,to (0.0306),farpados (0.0304),alaúde (0.0276),empreitada (0.0292),recôncavo (0.0301)
6119,pelada (0.0306),toalha (0.0304),aparentando (0.0276),olá (0.0292),demandar (0.0301)
6120,mítico (0.0306),estresso (0.0304),paradigmas (0.0276),emanada (0.0292),defendida (0.0301)
6121,canjicas (0.0306),rarefeito (0.0304),ecológico (0.0276),querendo (0.0292),partidos (0.0301)
6122,móvel (0.0306),fraquinho (0.0304),vislumbre (0.0276),estereotipadas (0.0292),territorial (0.0301)
6123,canga (0.0306),percalços (0.0304),sentida (0.0276),chumbo (0.0292),pautado (0.0301)
6124,tocarem (0.0306),azar (0.0304),vasos (0.0276),estendia (0.0292),floresciam (0.0301)
6125,tocou (0.0306),happy (0.0304),jabuticaba (0.0276),celta (0.0292),notáveis (0.0301)
6126,peles (0.0306),tretas (0.0304),sentidos (0.0276),agrade (0.0292),pavimentaram (0.0301)
6127,assentar (0.0306),arenoso (0.0304),varie (0.0276),questionava (0.0292),colonizaram (0.0301)
6128,asseio (0.0306),habituada (0.0304),itens (0.0276),voa (0.0292),tocada (0.0301)
6129,chuan (0.0306),iniciante (0.0304),contornados (0.0276),esqueci (0.0292),escutamos (0.0301)
6130,acumular (0.0306),habitado (0.0304),ajude (0.0276),questionador (0.0292),tocamos (0.0301)
6131,afogada (0.0306),habilmente (0.0304),resgatar (0.0276),dificulte (0.0292),pechincho (0.0301)
6132,afinadinho (0.0306),açoriana (0.0304),eficazes (0.0276),total (0.0292),singela (0.0301)
6133,afeito (0.0306),gótico (0.0304),parcimônia (0.0276),descansando (0.0292),carente (0.0301)
6134,afastei (0.0306),guidão (0.0304),iscas (0.0276),embelezava (0.0292),tava (0.0301)
6135,afaste (0.0306),inorganizável (0.0304),continuava (0.0276),esperados (0.0292),recriando (0.0301)
6136,orgânica (0.0306),bagunceiro (0.0304),resgate (0.0276),quebradeiras (0.0292),desarrumar (0.0301)
6137,adubada (0.0306),bagunçando (0.0304),aplicação (0.0276),morros (0.0292),aboios (0.0301)
6138,adoçar (0.0306),pesando (0.0304),criaturas (0.0276),queimação (0.0292),mundão (0.0301)
6139,admiradas (0.0306),araxá (0.0304),irão (0.0276),transitam (0.0292),pacientes (0.0301)
6140,administra (0.0306),prazeroso (0.0304),viviam (0.0276),espanto (0.0292),permitia (0.0301)
6141,adicionavam (0.0306),prazo (0.0304),irmão (0.0276),enrolado (0.0292),entendesse (0.0301)
6142,adiados (0.0306),guardanapos (0.0304),pariu (0.0276),nativo (0.0292),íngremes (0.0301)
6143,adequava (0.0306),guardada (0.0304),contextualizada (0.0276),emoldurareu (0.0292),chop (0.0301)
6144,adequados (0.0306),trazidas (0.0304),aprendera (0.0276),desconhecida (0.0292),60m (0.0301)
6145,ademário (0.0306),guarapiranga (0.0304),lóbulos (0.0276),acalentaram (0.0292),param (0.0301)
6146,xenofobia (0.0306),ingenuidade (0.0304),sereia (0.0276),desconhecimento (0.0292),modula (0.0301)
6147,adaptáveis (0.0306),trevo (0.0304),parecidos (0.0276),desconheço (0.0292),abadá (0.0301)
6148,vontades (0.0306),inseguro (0.0304),imparável (0.0276),navalha (0.0292),modulando (0.0301)
6149,agarradinho (0.0306),pesos (0.0304),incorpora (0.0276),metade (0.0292),brincam (0.0301)
6150,agarrar (0.0306),poupa (0.0304),mingau (0.0276),encurvada (0.0292),comprava (0.0301)
6151,vivê (0.0306),infiltrando (0.0304),clavícula (0.0276),jambu (0.0292),moeda (0.0301)
6152,visitá (0.0306),hilárias (0.0304),estendem (0.0276),mineirinho (0.0292),entendidos (0.0301)
6153,vistos (0.0306),hilst (0.0304),ganhava (0.0276),despertar (0.0292),agricultoras (0.0301)
6154,opressora (0.0306),hilda (0.0304),poético (0.0276),entreaberto (0.0292),crescera (0.0301)
6155,ajudantes (0.0306),avelãs (0.0304),pousa (0.0276),observe (0.0292),paralela (0.0301)
6156,vivenciamos (0.0306),aventurado (0.0304),buraco (0.0276),deslavado (0.0292),paraibanos (0.0301)
6157,vivenciou (0.0306),heteronormativas (0.0304),generalizado (0.0276),achando (0.0292),questionam (0.0301)
6158,ajeitava (0.0306),heterogênea (0.0304),miscigenada (0.0276),carnaúbas (0.0292),reparação (0.0301)
6159,aguente (0.0306),trilhar (0.0304),brotando (0.0276),engolindo (0.0292),questionados (0.0301)
6160,agradar (0.0306),influenciadora (0.0304),topete (0.0276),provações (0.0292),aguarda (0.0301)
6161,paraguaia (0.0306),picada (0.0304),soubessem (0.0276),compromissos (0.0292),moderninha (0.0301)
6162,paraguai (0.0306),avesso (0.0304),soubesse (0.0276),nomeia (0.0292),pagamento (0.0301)
6163,voados (0.0306),influenciaria (0.0304),descansando (0.0276),pronunciá (0.0292),guiava (0.0301)
6164,agruras (0.0306),pr (0.0304),germinar (0.0276),interlocutor (0.0292),evocar (0.0301)
6165,vocábulos (0.0306),hegemônicas (0.0304),tirem (0.0276),entendiam (0.0292),guitarras (0.0301)
6166,agradáveis (0.0306),haverá (0.0304),estilizadas (0.0276),mitológicas (0.0292),modelado (0.0301)
6167,agradecem (0.0306),havendo (0.0304),cintilam (0.0276),desmanchado (0.0292),agulhas (0.0301)
6168,adaptou (0.0306),pesquisar (0.0304),cale (0.0276),italianas (0.0292),brejos (0.0301)
6169,xirú (0.0306),informar (0.0304),calosidades (0.0276),modinhas (0.0292),trançei (0.0301)
6170,aspirado (0.0306),informativa (0.0304),cintilantes (0.0276),acontecerem (0.0292),queiram (0.0301)
6171,xis (0.0306),guarapari (0.0304),terço (0.0276),interioridade (0.0292),voraz (0.0301)
6172,abundam (0.0306),travessão (0.0304),mitológicas (0.0276),valer (0.0292),enterradas (0.0301)
6173,abstratas (0.0306),homogeneidade (0.0304),ronda (0.0276),vasos (0.0292),enterros (0.0301)
6174,absorvida (0.0306),barato (0.0304),mutuamente (0.0276),prezam (0.0292),selo (0.0301)
6175,abriram (0.0306),gracinhas (0.0304),calarei (0.0276),chamando (0.0292),grisalhando (0.0301)
6176,áurea (0.0306),instalavam (0.0304),querendo (0.0276),enriqueceu (0.0292),composições (0.0301)
6177,épicas (0.0306),gostou (0.0304),tez (0.0276),cestinha (0.0292),executada (0.0301)
6178,oxente (0.0306),pregando (0.0304),tinto (0.0276),ensinados (0.0292),dali (0.0301)
6179,oxidado (0.0306),usina (0.0304),claramente (0.0276),prosperidades (0.0292),87 (0.0301)
6180,oxóssi (0.0306),gostasse (0.0304),funda (0.0276),enriquecida (0.0292),agitar (0.0301)
6181,pacientemente (0.0306),apático (0.0304),pratique (0.0276),enroladas (0.0292),gritaria (0.0301)
6182,abate (0.0306),preguiçosa (0.0304),furiosa (0.0276),entregas (0.0292),monstro (0.0301)
6183,pacu (0.0306),gostando (0.0304),coletivas (0.0276),usaram (0.0292),revisado (0.0301)
6184,abalo (0.0306),instruções (0.0304),migrar (0.0276),entrego (0.0292),quinho (0.0301)
6185,abaixar (0.0306),usualmente (0.0304),migalhas (0.0276),mistas (0.0292),semear (0.0301)
6186,88 (0.0306),insuficiente (0.0304),transformações (0.0276),açude (0.0292),sofra (0.0301)
6187,72 (0.0306),gordurinhas (0.0304),bioma (0.0276),instantaneamente (0.0292),molhou (0.0301)
6188,12 (0.0306),prejudica (0.0304),podiam (0.0276),molhados (0.0292),estranharem (0.0301)
6189,acabar (0.0306),golpes (0.0304),comerciais (0.0276),versáteis (0.0292),quilates (0.0301)
6190,pamonha (0.0306),prendas (0.0304),escreveria (0.0276),neutralidade (0.0292),exalou (0.0301)
6191,acalmo (0.0306),goiabeira (0.0304),beiraria (0.0276),instrução (0.0292),explicá (0.0301)
6192,oscilar (0.0306),barril (0.0304),narra (0.0276),adequam (0.0292),cinzentos (0.0301)
6193,xodó (0.0306),integralmente (0.0304),beijo (0.0276),enfeitados (0.0292),moleques (0.0301)
6194,xx (0.0306),tratamento (0.0304),brejo (0.0276),equilibrado (0.0292),entoar (0.0301)
6195,yasmin (0.0306),aproximando (0.0304),piso (0.0276),destemida (0.0292),molecada (0.0301)
6196,acompanhasse (0.0306),instagram (0.0304),desconhecida (0.0276),certinho (0.0292),moldá (0.0301)
6197,orquestra (0.0306),graduada (0.0304),batem (0.0276),insubstituível (0.0292),molduras (0.0301)
6198,zequinha (0.0306),arames (0.0304),batatas (0.0276),verdades (0.0292),permanecer (0.0301)
6199,zezézinha (0.0306),inspirasse (0.0304),raspando (0.0276),envolvi (0.0292),permaneceu (0.0301)
6200,achado (0.0306),balanços (0.0304),barrentas (0.0276),inteiros (0.0292),bromélia (0.0301)
6201,acampar (0.0306),insinuasse (0.0304),combino (0.0276),unidas (0.0292),agrava (0.0301)
6202,zézinho (0.0306),balcão (0.0304),combato (0.0276),publicamente (0.0292),choca (0.0301)
6203,acendem (0.0306),grosseria (0.0304),acidentados (0.0276),práticos (0.0292),agregava (0.0301)
6204,aceitem (0.0306),banais (0.0304),traduzindo (0.0276),verbal (0.0292),representassem (0.0301)
6205,panelada (0.0306),preconcebida (0.0304),políticos (0.0276),envelheceu (0.0292),4b (0.0301)
6206,acaso (0.0306),predefinidos (0.0304),traduziam (0.0276),enfrentá (0.0292),evitei (0.0301)
6207,acaricaram (0.0306),gringo (0.0304),colorindo (0.0276),venho (0.0292),bravura (0.0301)
6208,álbuns (0.0306),grilhões (0.0304),bondosa (0.0276),acúmulo (0.0292),etnicorracial (0.0301)
6209,paranoá (0.0306),prediletos (0.0304),espalhou (0.0276),carga (0.0292),minguava (0.0301)
6210,alegrou (0.0306),predileção (0.0304),achando (0.0276),engajar (0.0292),enraíza (0.0301)
6211,algoritmos (0.0306),trava (0.0304),colonizador (0.0276),moldava (0.0292),desculpar (0.0301)
6212,onigiri (0.0306),predominantes (0.0304),coloco (0.0276),moldasse (0.0292),homenageia (0.0301)
6213,ares (0.0306),pertencem (0.0304),colocavam (0.0276),desalinho (0.0292),perspicazes (0.0301)
6214,validam (0.0306),preenchem (0.0304),grama (0.0276),balaio (0.0292),homeopáticas (0.0301)
6215,ardida (0.0306),preestabelecidos (0.0304),rachadura (0.0276),comunico (0.0292),papos (0.0301)
6216,arcoverde (0.0306),granola (0.0304),singularidades (0.0276),autoral (0.0292),estruturados (0.0301)
6217,araceli (0.0306),prefeitura (0.0304),brasas (0.0276),existimos (0.0292),teimox (0.0301)
6218,aracaju (0.0306),banhos (0.0304),águia (0.0276),driblar (0.0292),homofobia (0.0301)
6219,aquecida (0.0306),personifica (0.0304),forçou (0.0276),ajustado (0.0292),homogeneização (0.0301)
6220,aqueceu (0.0306),tratou (0.0304),mencionar (0.0276),ecológico (0.0292),enquadrava (0.0301)
6221,oceanos (0.0306),avantajada (0.0304),deixados (0.0276),tentarem (0.0292),palpáveis (0.0301)
6222,aproveitem (0.0306),homogênea (0.0304),publicamente (0.0276),dolorosas (0.0292),honorário (0.0301)
6223,vara (0.0306),jornalista (0.0304),morros (0.0276),baía (0.0292),militando (0.0301)
6224,aprimorando (0.0306),assobiava (0.0304),exposto (0.0276),católicos (0.0292),enriqueciam (0.0301)
6225,apressava (0.0306),impondo (0.0304),cestinha (0.0276),medem (0.0292),bonitinha (0.0301)
6226,variantes (0.0306),tédio (0.0304),deixamos (0.0276),proeminentes (0.0292),traía (0.0301)
6227,aprendia (0.0306),incomodo (0.0304),80 (0.0276),diminuíam (0.0292),pan (0.0301)
6228,varre (0.0306),associam (0.0304),profundezas (0.0276),tentassem (0.0292),pancadas (0.0301)
6229,apreciador (0.0306),associação (0.0304),deixará (0.0276),multidisciplinar (0.0292),comunicóloga (0.0301)
6230,validado (0.0306),impessoal (0.0304),deixada (0.0276),movo (0.0292),suscetíveis (0.0301)
6231,armário (0.0306),incompatíveis (0.0304),riachos (0.0276),cava (0.0292),desempenadeira (0.0301)
6232,vagabundear (0.0306),assumido (0.0304),proeminentes (0.0276),executa (0.0292),alcançá (0.0301)
6233,artesianos (0.0306),unha (0.0304),chamando (0.0276),desabotoados (0.0292),engrossando (0.0301)
6234,obedeceu (0.0306),piscinas (0.0304),densas (0.0276),barracas (0.0292),migraram (0.0301)
6235,obediente (0.0306),policiar (0.0304),fendas (0.0276),dinamismo (0.0292),migalha (0.0301)
6236,objetivo (0.0306),tv (0.0304),surpreender (0.0276),influenciaram (0.0292),panorama (0.0301)
6237,asfaltado (0.0306),imersão (0.0304),íntimas (0.0276),mudarem (0.0292),públicas (0.0301)
6238,obon (0.0306),atacados (0.0304),modelada (0.0276),conseguiriam (0.0292),micro (0.0301)
6239,artroses (0.0306),arriscar (0.0304),riquíssimo (0.0276),disfarçados (0.0292),personificadas (0.0301)
6240,artificialidades (0.0306),arriscado (0.0304),celebre (0.0276),cega (0.0292),enriquecimento (0.0301)
6241,arrumava (0.0306),atemporais (0.0304),falaria (0.0276),europa (0.0292),ai (0.0301)
6242,ué (0.0306),polêmico (0.0304),extremo (0.0276),invisto (0.0292),persisti (0.0301)
6243,arrozales (0.0306),incorreto (0.0304),protegeram (0.0276),ousar (0.0292),compreensível (0.0301)
6244,arrependo (0.0306),turvo (0.0304),ceramista (0.0276),abaixado (0.0292),parafuso (0.0301)
6245,arredondados (0.0306),turqueza (0.0304),úmidas (0.0276),cambaio (0.0292),perolado (0.0301)
6246,utilizava (0.0306),umbigo (0.0304),protejo (0.0276),temperar (0.0292),descontrolada (0.0301)
6247,observadoras (0.0306),térrea (0.0304),riscada (0.0276),temperamentos (0.0292),ensinavam (0.0301)
6248,arraigamento (0.0306),arregaçar (0.0304),movimentando (0.0276),etérea (0.0292),darem (0.0301)
6249,utopia (0.0306),térreas (0.0304),familiarizadas (0.0276),conselho (0.0292),harmoniosos (0.0301)
6250,apostar (0.0306),inacabados (0.0304),cavar (0.0276),abafar (0.0292),estrelato (0.0301)
6251,odiava (0.0306),planície (0.0304),extensas (0.0276),exigia (0.0292),ensinara (0.0301)
6252,varria (0.0306),imóveis (0.0304),certinho (0.0276),inóspita (0.0292),persegue (0.0301)
6253,vinagrete (0.0306),imã (0.0304),provável (0.0276),àquele (0.0292),ódio (0.0301)
6254,amianto (0.0306),impulsivamente (0.0304),produz (0.0276),abrasadores (0.0292),perseveram (0.0301)
6255,olharem (0.0306),plausível (0.0304),ferrenha (0.0276),vídeo (0.0292),cremoso (0.0301)
6256,ameaçado (0.0306),incertos (0.0304),fertilidade (0.0276),naftalina (0.0292),ensinada (0.0301)
6257,ambígua (0.0306),assentou (0.0304),canoa (0.0276),estudam (0.0292),quebrou (0.0301)
6258,vietnã (0.0306),plurais (0.0304),épocas (0.0276),íngreme (0.0292),hierarquia (0.0301)
6259,olhem (0.0306),artifícios (0.0304),moldava (0.0276),evidenciada (0.0292),chutava (0.0301)
6260,vigorosa (0.0306),incidente (0.0304),moldasse (0.0276),meireles (0.0292),ajudavam (0.0301)
6261,amapaenses (0.0306),impotência (0.0304),exceto (0.0276),rapadura (0.0292),travaram (0.0301)
6262,vestidinho (0.0306),articulações (0.0304),tentassem (0.0276),privacidade (0.0292),miscigenadas (0.0301)
6263,vinda (0.0306),impotente (0.0304),revelariam (0.0276),avançada (0.0292),palcos (0.0301)
6264,vinhos (0.0306),assinalam (0.0304),canivete (0.0276),válido (0.0292),boxeadoras (0.0301)
6265,alugada (0.0306),plano (0.0304),tecelãs (0.0276),nasal (0.0292),enrolam (0.0301)
6266,alojava (0.0306),impossibilitando (0.0304),formigas (0.0276),duradoura (0.0292),evasê (0.0301)
6267,alojar (0.0306),ultrapassadas (0.0304),evidenciada (0.0276),tecelendo (0.0292),botequim (0.0301)
6268,aliado (0.0306),pixel (0.0304),desafiadores (0.0276),tatuadora (0.0292),hidratados (0.0301)
6269,oni (0.0306),inclusivas (0.0304),preferencialmente (0.0276),ajustada (0.0292),minuciosos (0.0301)
6270,vesto (0.0306),importou (0.0304),forçaram (0.0276),estrangeira (0.0292),estritos (0.0301)
6271,parecidas (0.0306),imaginando (0.0304),desafie (0.0276),explico (0.0292),minuciosas (0.0301)
6272,aplicadas (0.0306),pomeranas (0.0304),abrangente (0.0276),abarrotada (0.0292),hidratação (0.0301)
6273,aparentasse (0.0306),inexistente (0.0304),floresceu (0.0276),motivação (0.0292),grisalham (0.0301)
6274,oestines (0.0306),augusto (0.0304),executa (0.0276),nasceram (0.0292),cresça (0.0301)
6275,apimentado (0.0306),híbrido (0.0304),pretender (0.0276),irecê (0.0292),gengivas (0.0301)
6276,vassoura (0.0306),autoajuda (0.0304),definam (0.0276),ecos (0.0292),ossuda (0.0301)
6277,parnaíba (0.0306),autocuidado (0.0304),exigia (0.0276),motriz (0.0292),chegavam (0.0301)
6278,aperfeiçoar (0.0306),autodeclare (0.0304),fixa (0.0276),eventual (0.0292),sensualidade (0.0301)
6279,ofender (0.0306),posiciono (0.0304),reverente (0.0276),distintivos (0.0292),descalçá (0.0301)
6280,aparento (0.0306),humaniza (0.0304),superamos (0.0276),evoluindo (0.0292),raiadas (0.0301)
6281,vela (0.0306),autodepreciação (0.0304),chegue (0.0276),namorado (0.0292),peregrinação (0.0301)
6282,amorzinho (0.0306),autodescobertas (0.0304),existentes (0.0276),tecelãs (0.0292),abandonados (0.0301)
6283,apaixono (0.0306),hour (0.0304),finíssimas (0.0276),delineador (0.0292),rafia (0.0301)
6284,velório (0.0306),positivos (0.0304),existimos (0.0276),calvície (0.0292),clamam (0.0301)
6285,vencem (0.0306),hospitaleiras (0.0304),pureza (0.0276),dobras (0.0292),motoca (0.0301)
6286,venço (0.0306),hospital (0.0304),definiria (0.0276),ilustrar (0.0292),pardos (0.0301)
6287,oh (0.0306),horizontais (0.0304),carnaúbas (0.0276),arco (0.0291),multicoloridas (0.0301)
6288,anasalada (0.0306),urbanismo (0.0304),revolta (0.0276),fumaça (0.0290),compassos (0.0301)
6289,versus (0.0306),inesperadamente (0.0304),nasceram (0.0276),faciais (0.0287),rafa (0.0301)
6290,chover (0.0306),trocadas (0.0304),soou (0.0276),exemplos (0.0286),criatix (0.0301)
6291,cafeicultores (0.0306),autônomo (0.0304),entreaberto (0.0276),podemos (0.0284),exija (0.0301)
6292,modernização (0.0306),possuísse (0.0304),adere (0.0276),ailton (0.0283),workshops (0.0301)
6293,comprando (0.0306),posteriormente (0.0304),entrada (0.0276),imagine (0.0283),envolveu (0.0301)
6294,cúmplices (0.0306),inevitáveis (0.0304),resultante (0.0276),contrapondo (0.0283),abale (0.0301)
6295,mordidas (0.0306),inevitável (0.0304),sobrou (0.0276),repentistas (0.0283),crioulo (0.0301)
6296,complica (0.0306),aumentando (0.0304),perpetuando (0.0276),legítimo (0.0283),swing (0.0301)
6297,shiitake (0.0306),ibirapuera (0.0304),adapto (0.0276),energiza (0.0283),mostre (0.0301)
6298,shirts (0.0306),pomeranos (0.0304),mastiga (0.0276),reduzidas (0.0283),renomada (0.0301)
6299,componho (0.0306),indistinta (0.0304),imprevisibilidade (0.0276),médico (0.0283),retribui (0.0301)
6300,comportavam (0.0306),indecifráveis (0.0304),conectados (0.0276),mães (0.0283),gonzaguinha (0.0301)
6301,perplexos (0.0306),arredores (0.0304),auge (0.0276),assustou (0.0283),geograficamente (0.0301)
6302,perdiam (0.0306),indefinido (0.0304),trocada (0.0276),crato (0.0283),significar (0.0301)
6303,moralismos (0.0306),ilustram (0.0304),conectava (0.0276),romper (0.0283),movediças (0.0301)
6304,computadores (0.0306),ilustradorx (0.0304),atuando (0.0276),versatilidade (0.0283),cheiram (0.0301)
6305,covinha (0.0306),ateu (0.0304),medem (0.0276),converso (0.0283),desbravando (0.0301)
6306,shoppings (0.0306),universais (0.0304),necessários (0.0276),durar (0.0283),abandonou (0.0301)
6307,cálculo (0.0306),indicada (0.0304),compromissos (0.0276),renascer (0.0283),cacimbas (0.0301)
6308,siameses (0.0306),igrejinha (0.0304),perdem (0.0276),mudavam (0.0283),abandonava (0.0301)
6309,superam (0.0306),atraente (0.0304),comprimidos (0.0276),relembrar (0.0283),competitiva (0.0301)
6310,conserta (0.0306),idosos (0.0304),trocado (0.0276),portugal (0.0283),moía (0.0301)
6311,coxilha (0.0306),pontuam (0.0304),percussão (0.0276),aprendemos (0.0283),descabida (0.0301)
6312,cozinharam (0.0306),pontuar (0.0304),admiro (0.0276),diverte (0.0283),existisse (0.0301)
6313,curvadas (0.0306),ideológicos (0.0304),sobram (0.0276),recusava (0.0283),movimente (0.0301)
6314,consertam (0.0306),identificação (0.0304),imerso (0.0276),carrinho (0.0283),cactáceas (0.0301)
6315,completaria (0.0306),atribui (0.0304),ilha (0.0276),redefine (0.0283),gerado (0.0301)
6316,sessentão (0.0306),arranha (0.0304),curandeiras (0.0276),óbvio (0.0283),ostentada (0.0301)
6317,servidor (0.0306),atribuídas (0.0304),adaptaram (0.0276),coletes (0.0283),range (0.0301)
6318,começarem (0.0306),atritos (0.0304),materno (0.0276),rápidas (0.0283),afeminado (0.0301)
6319,coralina (0.0306),arranca (0.0304),margem (0.0276),aprenderam (0.0283),movimentam (0.0301)
6320,cordinha (0.0306),idas (0.0304),resultam (0.0276),identificando (0.0283),repórter (0.0301)
6321,sofreram (0.0306),glacial (0.0304),autossuficiência (0.0276),enrijecidos (0.0283),gerando (0.0301)
6322,comover (0.0306),giz (0.0304),desfeitas (0.0276),coletividade (0.0283),envergonhei (0.0301)
6323,suado (0.0306),utilidade (0.0304),entremeando (0.0276),dogmas (0.0283),descabidos (0.0301)
6324,separo (0.0306),brahma (0.0304),comunico (0.0276),55 (0.0283),temáticas (0.0301)
6325,deitar (0.0306),aparentar (0.0304),matriarcas (0.0276),disfarçá (0.0283),transbordante (0.0301)
6326,defunto (0.0306),irreal (0.0304),envelheceu (0.0276),despontando (0.0283),reproduzindo (0.0301)
6327,modestos (0.0306),formados (0.0304),troquei (0.0276),compartilhada (0.0283),completados (0.0301)
6328,corrige (0.0306),protegeu (0.0304),adapte (0.0276),rr (0.0283),ostentoso (0.0301)
6329,sermão (0.0306),fonéticas (0.0304),desenha (0.0276),concebidas (0.0283),competente (0.0301)
6330,perseverar (0.0306),pereira (0.0304),impetuosa (0.0276),caruaru (0.0283),goela (0.0301)
6331,compete (0.0306),folheavam (0.0304),triste (0.0276),nodosos (0.0283),revelasse (0.0301)
6332,corrigem (0.0306),irônicas (0.0304),açudes (0.0276),remendadas (0.0283),chefe (0.0301)
6333,consertavam (0.0306),folgado (0.0304),rudimentar (0.0276),musculosas (0.0283),generosos (0.0301)
6334,moreninhos (0.0306),folclórica (0.0304),impregnando (0.0276),vence (0.0283),comportada (0.0301)
6335,miniaturas (0.0306),isenta (0.0304),concede (0.0276),englobar (0.0283),búzios (0.0301)
6336,cotações (0.0306),fogem (0.0304),xangô (0.0276),casacos (0.0283),comportados (0.0301)
6337,curro (0.0306),veganas (0.0304),condições (0.0276),comendo (0.0283),generalizantes (0.0301)
6338,craquelam (0.0306),veganos (0.0304),bambu (0.0276),legaram (0.0283),grajaú (0.0301)
6339,miscigenado (0.0306),protestantismo (0.0304),compreendam (0.0276),brinquedos (0.0283),existiu (0.0301)
6340,confirmando (0.0306),apanha (0.0304),desenvolvidas (0.0276),zaira (0.0283),perfumava (0.0301)
6341,conotações (0.0306),apaixonei (0.0304),navegação (0.0276),enchente (0.0283),gramatical (0.0301)
6342,submeter (0.0306),apaixonarem (0.0304),atravessando (0.0276),possuo (0.0283),afrofuturismo (0.0301)
6343,confiantemente (0.0306),fluvial (0.0304),pesquisa (0.0276),nato (0.0283),desatinos (0.0301)
6344,confidente (0.0306),flutuante (0.0304),coxilhas (0.0276),cativavam (0.0283),transgressão (0.0301)
6345,cruzaram (0.0306),brigadeiros (0.0304),incide (0.0276),narina (0.0283),agarradas (0.0301)
6346,submissa (0.0306),formalizados (0.0304),sisal (0.0276),coloquialismos (0.0283),mordida (0.0301)
6347,confidências (0.0306),formaturas (0.0304),conceitos (0.0276),acadêmico (0.0283),morder (0.0301)
6348,sinuca (0.0306),prováveis (0.0304),comporta (0.0276),acalentam (0.0283),cristalizar (0.0301)
6349,subtil (0.0306),fornecem (0.0304),avalia (0.0276),abrigar (0.0283),morde (0.0301)
6350,confirmar (0.0306),frenesi (0.0304),ruge (0.0276),abriam (0.0283),cristianismo (0.0301)
6351,montanhosa (0.0306),prometia (0.0304),ressonância (0.0276),refresca (0.0283),abençoa (0.0301)
6352,subtom (0.0306),invento (0.0304),sinuoso (0.0276),vívido (0.0283),burra (0.0301)
6353,conflituosa (0.0306),inventou (0.0304),conformo (0.0276),craquelado (0.0283),dai (0.0301)
6354,crendices (0.0306),lilás (0.0304),turístico (0.0276),reforça (0.0283),bumbá (0.0301)
6355,criem (0.0306),tranquilão (0.0304),imitam (0.0276),visitar (0.0283),quiserem (0.0301)
6356,perola (0.0306),franzina (0.0304),acordei (0.0276),empoderar (0.0283),decidiu (0.0301)
6357,confrontam (0.0306),borboleta (0.0304),identitária (0.0276),reformas (0.0283),entrecortada (0.0301)
6358,crescemos (0.0306),prometo (0.0304),transporte (0.0276),empregada (0.0283),gastar (0.0301)
6359,soam (0.0306),francos (0.0304),bailar (0.0276),movida (0.0283),transgressiva (0.0301)
6360,confundir (0.0306),fotógrafa (0.0304),meditação (0.0276),reservar (0.0283),cisgeneridade (0.0301)
6361,conquistando (0.0306),fotografo (0.0304),entranhado (0.0276),empurrar (0.0283),goytacazes (0.0301)
6362,performativa (0.0306),inês (0.0304),enquadra (0.0276),emociono (0.0283),vêem (0.0301)
6363,cravejados (0.0306),botina (0.0304),ativistas (0.0276),vivencio (0.0283),renovada (0.0301)
6364,subjetiva (0.0306),proporcionava (0.0304),inato (0.0276),acabado (0.0283),clamou (0.0301)
6365,curral (0.0306),trajando (0.0304),idades (0.0276),resquícios (0.0283),gastou (0.0301)
6366,perfumadas (0.0306),botânica (0.0304),troféu (0.0276),resolve (0.0283),mosqueiro (0.0301)
6367,metáfora (0.0306),fortalecimento (0.0304),nativo (0.0276),levasse (0.0283),descascando (0.0301)
6368,cumprimentava (0.0306),fortalecido (0.0304),perícia (0.0276),barrenta (0.0283),rachar (0.0301)
6369,moitas (0.0306),proporcionou (0.0304),atravessar (0.0276),invadia (0.0283),mortos (0.0301)
6370,mexerem (0.0306),fornecidas (0.0304),genética (0.0276),regados (0.0283),performática (0.0301)
6371,suavizaram (0.0306),brigue (0.0304),irônico (0.0276),planícies (0.0283),abafando (0.0301)
6372,concisa (0.0306),florescerem (0.0304),tijolo (0.0275),válidas (0.0283),exerço (0.0301)
6373,concluí (0.0306),tratados (0.0304),intensamente (0.0275),embalada (0.0283),competitivas (0.0301)
6374,concorde (0.0306),filosófico (0.0304),desafio (0.0275),começava (0.0283),criativamente (0.0301)
6375,concretos (0.0306),puxou (0.0304),domar (0.0274),respirando (0.0283),afoito (0.0301)
6376,suavizavam (0.0306),buscado (0.0304),desafiam (0.0273),combate (0.0283),removi (0.0301)
6377,monolítica (0.0306),torcida (0.0304),zeca (0.0272),continuarei (0.0283),ângela (0.0301)
6378,mexicanas (0.0306),percorrida (0.0304),despenteados (0.0271),invisibiliza (0.0283),agitada (0.0301)
6379,monocromático (0.0306),páscoa (0.0304),questões (0.0270),embalou (0.0283),agilidade (0.0300)
6380,culpado (0.0306),buscasse (0.0304),média (0.0270),diminuindo (0.0283),mantendo (0.0300)
6381,simplificador (0.0306),péssimo (0.0304),criei (0.0269),emboladas (0.0283),feliz (0.0299)
6382,cuiabanos (0.0306),ficavam (0.0304),igualdade (0.0269),respostas (0.0283),equilíbrio (0.0299)
6383,condutor (0.0306),jequié (0.0304),rural (0.0269),empática (0.0283),desleixado (0.0297)
6384,cora (0.0306),busque (0.0304),forró (0.0269),gritante (0.0283),ciclos (0.0296)
6385,competitivo (0.0306),pôsteres (0.0304),silenciá (0.0268),imensos (0.0283),redes (0.0295)
6386,clareava (0.0306),públicos (0.0304),preparou (0.0268),convivendo (0.0283),flui (0.0293)
6387,mencionada (0.0306),fi (0.0304),ostente (0.0268),mês (0.0283),preservar (0.0292)
6388,circulação (0.0306),fevereiro (0.0304),perfumes (0.0268),viam (0.0283),cansados (0.0292)
6389,pergunto (0.0306),perceptíveis (0.0304),pálpebra (0.0268),inventam (0.0283),relação (0.0292)
6390,contemplava (0.0306),quadrinhos (0.0304),entrando (0.0268),veterinária (0.0283),adornos (0.0291)
6391,contemplativos (0.0306),jogavam (0.0304),oscila (0.0268),abordando (0.0283),empresa (0.0290)
6392,dependam (0.0306),fervilhava (0.0304),ancoram (0.0268),riscados (0.0283),especiais (0.0289)
6393,coqueirais (0.0306),anota (0.0304),tropeço (0.0268),acentuam (0.0283),disputam (0.0288)
6394,tai (0.0306),cabeceira (0.0304),exaustiva (0.0268),vestem (0.0283),cintila (0.0288)
6395,sortudo (0.0306),jornalismo (0.0304),cantadores (0.0268),concederam (0.0283),estrangeira (0.0288)
6396,codó (0.0306),puxo (0.0304),ossatura (0.0268),peão (0.0283),familiarizadas (0.0288)
6397,colada (0.0306),antiquado (0.0304),florescia (0.0268),honestamente (0.0283),latinos (0.0288)
6398,constroi (0.0306),jabuticabas (0.0304),fluída (0.0268),polos (0.0283),explique (0.0288)
6399,sábios (0.0306),antiquários (0.0304),sola (0.0268),convidam (0.0283),cidreira (0.0288)
6400,colheam (0.0306),vegetarianas (0.0304),enfiado (0.0268),poluído (0.0283),preferidas (0.0288)
6401,denotasse (0.0306),tortuoso (0.0304),turbulento (0.0268),encurvado (0.0283),explodia (0.0288)
6402,demoram (0.0306),flamboyant (0.0304),castigada (0.0268),endurecida (0.0283),estendem (0.0288)
6403,mobília (0.0306),pudores (0.0304),castigado (0.0268),craquelada (0.0283),reservados (0.0288)
6404,cinzenta (0.0306),brisas (0.0304),tênue (0.0268),breves (0.0283),exploro (0.0288)
6405,suíço (0.0306),torneiro (0.0304),assola (0.0268),cercavam (0.0283),cavar (0.0288)
6406,tamborilam (0.0306),tornei (0.0304),incandescente (0.0268),concedido (0.0283),lavadeira (0.0288)
6407,churrasqueira (0.0306),firmando (0.0304),assombram (0.0268),encarna (0.0283),contornados (0.0288)
6408,chuvosas (0.0306),fiquem (0.0304),sistema (0.0268),castigado (0.0283),cearenses (0.0288)
6409,contrabalançam (0.0306),punham (0.0304),cercavam (0.0268),representou (0.0283),fantasma (0.0288)
6410,tapiocas (0.0306),brotou (0.0304),tabuleiro (0.0268),negativas (0.0283),fandango (0.0288)
6411,desastrada (0.0306),brusco (0.0304),simplificações (0.0268),impactam (0.0283),regularidade (0.0288)
6412,continuei (0.0306),perdera (0.0304),familiarizados (0.0268),arados (0.0283),estanques (0.0288)
6413,movimentado (0.0306),anula (0.0304),distancia (0.0268),condensado (0.0283),representada (0.0288)
6414,desarmando (0.0306),finge (0.0304),opressões (0.0268),combinar (0.0283),representá (0.0288)
6415,solzão (0.0306),puramente (0.0304),incomodá (0.0268),barraca (0.0283),dominó (0.0288)
6416,contundentes (0.0306),financeiros (0.0304),incomparável (0.0268),moradores (0.0283),cede (0.0288)
6417,desapareciam (0.0306),janto (0.0304),amarelada (0.0268),graus (0.0283),lamento (0.0288)
6418,tannicos (0.0306),antissocial (0.0304),falha (0.0268),representem (0.0283),cera (0.0288)
6419,desaparece (0.0306),bueno (0.0304),atender (0.0268),ribeirinhos (0.0283),jogou (0.0288)
6420,cinemas (0.0306),jaqueira (0.0304),ambivalência (0.0268),aceitando (0.0283),extenso (0.0288)
6421,solzinho (0.0306),prolongados (0.0304),penetra (0.0268),encara (0.0283),exalava (0.0288)
6422,pergaminho (0.0306),transbordarem (0.0304),prevalece (0.0268),assombram (0.0283),lambada (0.0288)
6423,soaram (0.0306),frequentamos (0.0304),entenderem (0.0268),rigores (0.0283),suavizava (0.0288)
6424,suéter (0.0306),gatas (0.0304),exigir (0.0268),negociar (0.0283),exaustivas (0.0288)
6425,delxs (0.0306),apresentasse (0.0304),infantil (0.0268),explode (0.0283),cheirinho (0.0288)
6426,consolar (0.0306),interessada (0.0304),existam (0.0268),cola (0.0283),terminações (0.0288)
6427,suspiros (0.0306),gastronomia (0.0304),inevitavelmente (0.0268),sabemos (0.0283),resignada (0.0288)
6428,consola (0.0306),gastaram (0.0304),carinhosamente (0.0268),dançaram (0.0283),residente (0.0288)
6429,delles (0.0306),interessava (0.0304),preços (0.0268),incomodarem (0.0283),certamente (0.0288)
6430,comemorar (0.0306),garimpar (0.0304),existências (0.0268),estarei (0.0283),preconceituosas (0.0288)
6431,colonizadora (0.0306),garimpados (0.0304),performances (0.0268),americanos (0.0283),sabiam (0.0288)
6432,comeu (0.0306),interessou (0.0304),trouxeram (0.0268),tocado (0.0283),extenuante (0.0288)
6433,style (0.0306),interfere (0.0304),perde (0.0268),incomodá (0.0283),subtons (0.0288)
6434,coordenando (0.0306),interferência (0.0304),expandindo (0.0268),jequitibá (0.0283),dolorosas (0.0288)
6435,sururu (0.0306),apresentados (0.0304),chance (0.0268),quilombolas (0.0283),renovo (0.0288)
6436,sustentaram (0.0306),interioranas (0.0304),penduradas (0.0268),quilombos (0.0283),dolorido (0.0288)
6437,missoshiru (0.0306),interioranos (0.0304),divulgar (0.0268),quim (0.0283),cheiroso (0.0288)
6438,permeando (0.0306),transparentes (0.0304),renascer (0.0268),avassaladora (0.0283),resgatar (0.0288)
6439,colhetam (0.0306),garantidas (0.0304),dividir (0.0268),joana (0.0283),joguei (0.0288)
6440,demográfico (0.0306),interligados (0.0304),exploração (0.0268),tintas (0.0283),resgatam (0.0288)
6441,demandasse (0.0306),vacile (0.0304),ensolarada (0.0268),tornavam (0.0283),precisasse (0.0288)
6442,colhesse (0.0306),ganhos (0.0304),entendemos (0.0268),estresse (0.0283),cega (0.0288)
6443,ventos (0.0305),transmitiu (0.0304),cintilavam (0.0268),paterno (0.0283),arruda (0.0288)
6444,chamado (0.0305),internalizada (0.0304),tentou (0.0268),meias (0.0283),terços (0.0288)
6445,moviam (0.0304),internalizadas (0.0304),esperado (0.0268),estrondo (0.0283),estampavam (0.0288)
6446,azuis (0.0303),pretende (0.0304),invisibilizados (0.0268),tingi (0.0283),evidenciado (0.0288)
6447,espiritual (0.0302),intercâmbio (0.0304),compreendê (0.0268),chuvosa (0.0283),dissipando (0.0288)
6448,contemporâneos (0.0302),bombacha (0.0304),enérgica (0.0268),ornamento (0.0283),jabuticaba (0.0288)
6449,celebrada (0.0301),presume (0.0304),borbulhando (0.0268),estudiosa (0.0283),relevo (0.0288)
6450,sagrado (0.0301),tratado (0.0304),colonizadores (0.0268),preencher (0.0283),aprofundam (0.0288)
6451,ecoam (0.0300),utilizadas (0.0304),idiomas (0.0268),estática (0.0283),chorei (0.0288)
6452,etc (0.0300),gibis (0.0304),comprimento (0.0268),incomuns (0.0283),suar (0.0288)
6453,intrincados (0.0298),persa (0.0304),espelham (0.0268),estabanado (0.0283),chegava (0.0288)
6454,cipó (0.0296),intencional (0.0304),rabisco (0.0268),esquecido (0.0283),sucedidas (0.0288)
6455,adornos (0.0296),basicamente (0.0304),arestas (0.0268),passeios (0.0283),doa (0.0288)
6456,loiro (0.0294),germânica (0.0304),formatos (0.0268),sofrendo (0.0283),reivindicando (0.0288)
6457,aparentava (0.0293),gerenciando (0.0304),consome (0.0268),ancoram (0.0283),apropriada (0.0288)
6458,apoiou (0.0293),gerar (0.0304),contidos (0.0268),sobrepostas (0.0283),aprovação (0.0288)
6459,sombrinha (0.0293),prescinde (0.0304),espirituosa (0.0268),esgota (0.0283),chegue (0.0288)
6460,cravado (0.0293),bastão (0.0304),tornavam (0.0268),mestiço (0.0283),esqueci (0.0288)
6461,dolorido (0.0293),presenciei (0.0304),variariam (0.0268),precisem (0.0283),contamos (0.0288)
6462,discordando (0.0293),intensificava (0.0304),bagunçada (0.0268),clientes (0.0283),sufocam (0.0288)
6463,amaciado (0.0293),geografias (0.0304),integração (0.0268),aviso (0.0283),hábil (0.0288)
6464,solicitação (0.0293),presenteado (0.0304),envolto (0.0268),precoce (0.0283),fatia (0.0288)
6465,imperceptivelmente (0.0293),batons (0.0304),integrada (0.0268),sobrinhas (0.0283),incisiva (0.0288)
6466,divino (0.0293),generalizante (0.0304),sonham (0.0268),amá (0.0283),encantadoras (0.0288)
6467,amassar (0.0293),apressados (0.0304),sofrendo (0.0268),esperado (0.0283),incertezas (0.0288)
6468,imperfeito (0.0293),bebera (0.0304),esgota (0.0268),conquistadas (0.0283),incentivou (0.0288)
6469,sobressai (0.0293),intercalados (0.0304),vaga (0.0268),organizações (0.0283),goianês (0.0288)
6470,amassaram (0.0293),presta (0.0304),intransferível (0.0268),queria (0.0283),sábado (0.0288)
6471,implícita (0.0293),internalizados (0.0304),barbeiro (0.0268),traindo (0.0283),rodei (0.0288)
6472,corretamente (0.0293),previsibilidade (0.0304),refresca (0.0268),solidez (0.0283),inato (0.0288)
6473,queira (0.0293),aprendiz (0.0304),hesitações (0.0268),finaliza (0.0283),revelassem (0.0288)
6474,armadilhas (0.0293),galã (0.0304),hesitação (0.0268),espiritualizada (0.0283),bíblia (0.0288)
6475,impetuosa (0.0293),introspectivos (0.0304),beber (0.0268),esplendor (0.0283),raciais (0.0288)
6476,crepitando (0.0293),fumando (0.0304),compartilhada (0.0268),agir (0.0283),rachando (0.0288)
6477,apreciadora (0.0293),introvertidas (0.0304),compondo (0.0268),conquistam (0.0283),buzinando (0.0288)
6478,duradoura (0.0293),fugazes (0.0304),reforçam (0.0268),preconceituosa (0.0283),rachadura (0.0288)
6479,contrato (0.0293),boatos (0.0304),aproxime (0.0268),códigos (0.0283),impulsionou (0.0288)
6480,quadrada (0.0293),apontam (0.0304),composto (0.0268),soltar (0.0283),entregas (0.0288)
6481,convencionais (0.0293),frustrante (0.0304),tratamentos (0.0268),aipim (0.0283),surgiam (0.0288)
6482,dissipando (0.0293),apoiava (0.0304),escrito (0.0268),cla (0.0283),barulhento (0.0288)
6483,disfarçados (0.0293),produzida (0.0304),começava (0.0268),andando (0.0283),brás (0.0288)
6484,dormindo (0.0293),frouxa (0.0304),começasse (0.0268),preguiçoso (0.0283),quis (0.0288)
6485,amolece (0.0293),apoiando (0.0304),planícies (0.0268),tentarei (0.0283),brutal (0.0288)
6486,roxos (0.0293),inundavam (0.0304),plenitude (0.0268),inesquecíveis (0.0283),conferia (0.0288)
6487,craque (0.0293),frontal (0.0304),bando (0.0268),tendendo (0.0283),provações (0.0288)
6488,cozinho (0.0293),friso (0.0304),escutava (0.0268),automático (0.0283),proveito (0.0288)
6489,dominó (0.0293),invadi (0.0304),sentiram (0.0268),mascavo (0.0283),reveladoras (0.0288)
6490,solitário (0.0293),transfeminino (0.0304),quim (0.0268),preparando (0.0283),girassóis (0.0288)
6491,apressada (0.0293),friorenta (0.0304),esquecido (0.0268),extraordinárias (0.0283),dormindo (0.0288)
6492,varandas (0.0293),invadindo (0.0304),tingindo (0.0268),autoestima (0.0283),ramalho (0.0288)
6493,verbal (0.0293),profissionalismo (0.0304),estrondo (0.0268),conservada (0.0283),indispensáveis (0.0288)
6494,vendedor (0.0293),aplicativos (0.0304),rebelião (0.0268),cintilavam (0.0283),ergueram (0.0288)
6495,cotidianos (0.0293),profissionalizada (0.0304),frisar (0.0268),teimando (0.0283),calarei (0.0288)
6496,antiguidades (0.0293),funcionários (0.0304),arrumadas (0.0268),expansão (0.0283),empoderadoras (0.0288)
6497,apagavam (0.0293),privações (0.0304),relato (0.0268),infantil (0.0283),empoderam (0.0288)
6498,apagamento (0.0293),fundamentalmente (0.0304),estática (0.0268),maravilhosas (0.0283),empoderamento (0.0288)
6499,antônia (0.0293),vaivém (0.0304),estéticos (0.0268),mariinha (0.0283),sóbrio (0.0288)
6500,apropriada (0.0293),internos (0.0304),antenada (0.0268),delineando (0.0283),roll (0.0288)
6501,pureza (0.0293),interpela (0.0304),concebida (0.0268),individualista (0.0283),caixão (0.0288)
6502,conveniência (0.0293),galpões (0.0304),converso (0.0268),experimentei (0.0283),bagunçá (0.0288)
6503,distintivo (0.0293),interpretadas (0.0304),concedido (0.0268),marginal (0.0283),gastronômicas (0.0288)
6504,conversam (0.0293),vaidades (0.0304),convivendo (0.0268),tantinho (0.0283),incorpora (0.0288)
6505,quebradeiras (0.0293),galpão (0.0304),forçado (0.0268),alheio (0.0283),reunia (0.0288)
6506,quadril (0.0293),galo (0.0304),endurecida (0.0268),indispensável (0.0283),incontida (0.0288)
6507,provável (0.0293),vaidoso (0.0304),terem (0.0268),idiomas (0.0283),bailar (0.0288)
6508,cravada (0.0293),interruptor (0.0304),suga (0.0268),alicerces (0.0283),baile (0.0288)
6509,protegeram (0.0293),previstos (0.0304),fortaleceram (0.0268),inextinguível (0.0283),bailes (0.0288)
6510,aquecendo (0.0293),privado (0.0304),oxalá (0.0268),terem (0.0283),envolvimento (0.0288)
6511,van (0.0293),valentões (0.0304),campinas (0.0268),esvoaçantes (0.0283),rapidinho (0.0288)
6512,soltinhas (0.0293),preá (0.0304),relacionado (0.0268),químicas (0.0283),geográfico (0.0288)
6513,imaginativa (0.0293),físicamente (0.0304),estreito (0.0268),testemunhara (0.0283),balaio (0.0288)
6514,práticos (0.0293),aprenda (0.0304),efeito (0.0268),sucumbir (0.0283),incomode (0.0288)
6515,sociável (0.0293),apreciá (0.0304),inserção (0.0268),ostente (0.0283),encaixaram (0.0288)
6516,solstícios (0.0293),primorosa (0.0304),coentro (0.0268),derramado (0.0283),encontrará (0.0288)
6517,craquelando (0.0293),principais (0.0304),gaveta (0.0268),campinho (0.0283),bronzeara (0.0288)
6518,apreciação (0.0293),furar (0.0304),instalava (0.0268),decide (0.0283),conectividade (0.0288)
6519,aplicativo (0.0293),prioridades (0.0304),buscaram (0.0268),derivar (0.0283),batem (0.0288)
6520,jegue (0.0293),liguei (0.0304),coaxar (0.0268),suga (0.0283),iluminação (0.0288)
6521,aluno (0.0293),costuras (0.0304),garantem (0.0268),sujo (0.0283),troféu (0.0288)
6522,saquinho (0.0293),passara (0.0304),estarei (0.0268),cisnormatividade (0.0283),sussurrado (0.0288)
6523,acalentaram (0.0293),reticulado (0.0304),consideração (0.0268),decorados (0.0283),ilha (0.0288)
6524,intersecção (0.0293),comparados (0.0304),contraem (0.0268),incontestável (0.0283),hesitam (0.0288)
6525,interessarem (0.0293),mencionadas (0.0304),cabeças (0.0268),ouviu (0.0283),enroladas (0.0288)
6526,acariciavam (0.0293),mencionados (0.0304),estereotipado (0.0268),familiarizados (0.0283),boteco (0.0288)
6527,saída (0.0293),distraído (0.0304),contrapõem (0.0268),dependesse (0.0283),trocada (0.0288)
6528,desenvolvidas (0.0293),suavizar (0.0304),encardidas (0.0268),faltam (0.0283),riscada (0.0288)
6529,pretensão (0.0293),xand (0.0304),reiterar (0.0268),falha (0.0283),enriquecida (0.0288)
6530,pretinho (0.0293),distorcer (0.0304),substitui (0.0268),defeito (0.0283),bordam (0.0288)
6531,àquele (0.0293),mulherzinha (0.0304),echarpe (0.0268),evidenciadas (0.0283),tristes (0.0288)
6532,delineador (0.0293),distintivas (0.0304),imagina (0.0268),terrenos (0.0283),identitária (0.0288)
6533,acendendo (0.0293),dissonância (0.0304),insinuando (0.0268),evite (0.0283),riram (0.0288)
6534,intencionalmente (0.0293),mensais (0.0304),subterrâneo (0.0268),juninho (0.0283),suspirar (0.0288)
6535,inteiros (0.0293),santas (0.0304),onças (0.0268),campanha (0.0283),bonés (0.0288)
6536,acendo (0.0293),adesivos (0.0304),movida (0.0268),alvorecer (0.0283),pálido (0.0288)
6537,separa (0.0293),mentalidade (0.0304),desdentado (0.0268),avoada (0.0283),enquadra (0.0288)
6538,acervo (0.0293),aderência (0.0304),acendia (0.0268),exploração (0.0283),honrá (0.0288)
6539,acessíveis (0.0293),dissipam (0.0304),oficinas (0.0268),esforcei (0.0283),engane (0.0288)
6540,insubstituível (0.0293),absorvia (0.0304),mudou (0.0268),intencionados (0.0283),quadril (0.0288)
6541,del (0.0293),defensiva (0.0304),lutarem (0.0268),cuidadosos (0.0283),engraçadas (0.0288)
6542,achados (0.0293),mugido (0.0304),abandonada (0.0268),perdoar (0.0283),tremule (0.0288)
6543,desfiados (0.0293),distribuídos (0.0304),devo (0.0268),frita (0.0283),rezou (0.0288)
6544,zoando (0.0293),distâncias (0.0304),moradores (0.0268),semelhantes (0.0283),ilustrando (0.0288)
6545,inspirador (0.0293),decorrer (0.0304),agradecendo (0.0268),enérgica (0.0283),condições (0.0288)
6546,zoam (0.0293),sub (0.0304),localidade (0.0268),enérgico (0.0283),risinhos (0.0288)
6547,inserido (0.0293),multiplicavam (0.0304),mágicas (0.0268),adentro (0.0283),guamá (0.0288)
6548,definiu (0.0293),melancólica (0.0304),válidas (0.0268),apagava (0.0283),guarana (0.0288)
6549,privilegiando (0.0293),divorciada (0.0304),crepuscular (0.0268),sentiram (0.0283),impede (0.0288)
6550,sensual (0.0293),sapeca (0.0304),narina (0.0268),adequar (0.0283),guardados (0.0288)
6551,intrinsicamente (0.0293),divina (0.0304),mescladas (0.0268),chef (0.0283),imparável (0.0288)
6552,abuso (0.0293),comido (0.0304),decidir (0.0268),desertos (0.0283),guardassem (0.0288)
6553,desafiavam (0.0293),restava (0.0304),ressignificar (0.0268),odeio (0.0283),questionava (0.0288)
6554,seguiam (0.0293),melhore (0.0304),limitam (0.0268),lápis (0.0283),endurece (0.0288)
6555,17 (0.0293),melo (0.0304),mudavam (0.0268),descreve (0.0283),conectados (0.0288)
6556,prendedores (0.0293),distópica (0.0304),riscados (0.0268),franjas (0.0283),entendiam (0.0288)
6557,úmidas (0.0293),restrita (0.0304),adquiriu (0.0268),esbranquiçada (0.0283),compreendam (0.0288)
6558,80 (0.0293),divergências (0.0304),mesclavam (0.0268),anônimos (0.0283),tropeçam (0.0288)
6559,jambu (0.0293),divergem (0.0304),acaba (0.0268),desenrolarem (0.0283),imensurável (0.0288)
6560,abacaxis (0.0293),divagante (0.0304),resolve (0.0268),escalar (0.0283),surpreendem (0.0288)
6561,abafadas (0.0293),melódica (0.0304),manoel (0.0268),cumplicidade (0.0283),questionador (0.0288)
6562,descobre (0.0293),administradora (0.0304),nego (0.0268),militar (0.0283),guie (0.0288)
6563,segurei (0.0293),multidões (0.0304),adentro (0.0268),percebo (0.0283),compreendia (0.0288)
6564,secretas (0.0293),absoluta (0.0304),salpicar (0.0268),acumulam (0.0283),rezava (0.0288)
6565,abotoada (0.0293),compasso (0.0304),alinhada (0.0268),carinhosas (0.0283),imaginativa (0.0288)
6566,iscas (0.0293),obscura (0.0304),desertos (0.0268),oficinas (0.0283),queira (0.0288)
6567,densas (0.0293),coar (0.0304),desenham (0.0268),buscaram (0.0283),bravo (0.0288)
6568,segurou (0.0293),àqueles (0.0304),crina (0.0268),conferindo (0.0283),queimação (0.0288)
6569,épocas (0.0293),digitava (0.0304),acumulam (0.0268),enrugava (0.0283),ganhou (0.0288)
6570,desabotoados (0.0293),contabilidade (0.0304),abordando (0.0268),izabel (0.0283),individualmente (0.0288)
6571,iorubá (0.0293),definidora (0.0304),abriam (0.0268),criativas (0.0283),erram (0.0288)
6572,inóspita (0.0293),metia (0.0304),resultantes (0.0268),apreciam (0.0283),combato (0.0288)
6573,ávida (0.0293),meticulosidade (0.0304),criatura (0.0268),garantindo (0.0283),espalhavam (0.0288)
6574,derrotas (0.0293),metido (0.0304),dependesse (0.0268),interessam (0.0283),redução (0.0288)
6575,derramei (0.0293),comportasse (0.0304),agronegócio (0.0268),ensolarada (0.0283),assustador (0.0288)
6576,ás (0.0293),metropolitana (0.0304),límpido (0.0268),nutrir (0.0283),finíssimas (0.0288)
6577,absorvi (0.0293),metros (0.0304),desejar (0.0268),mocidade (0.0283),esgotado (0.0288)
6578,dentinhos (0.0293),metrópoles (0.0304),nega (0.0268),entediado (0.0283),coloco (0.0288)
6579,presilha (0.0293),observei (0.0304),observados (0.0268),salões (0.0283),interno (0.0288)
6580,definiam (0.0293),obsessiva (0.0304),abarca (0.0268),conflito (0.0283),flash (0.0288)
6581,serras (0.0293),obsessivo (0.0304),árduas (0.0268),entenderem (0.0283),esforce (0.0288)
6582,soar (0.0293),mexendo (0.0304),cupuaçu (0.0268),precede (0.0283),esferas (0.0288)
6583,injusto (0.0293),diferenciava (0.0304),representou (0.0268),objetivas (0.0283),floresceu (0.0288)
6584,promove (0.0293),mexeriam (0.0304),narrando (0.0268),perfumes (0.0283),carga (0.0288)
6585,cultivado (0.0293),diferenciados (0.0304),resquícios (0.0268),apertam (0.0283),atestando (0.0288)
6586,viviam (0.0293),dicotomia (0.0304),responder (0.0268),improviso (0.0283),atingindo (0.0288)
6587,inclusivos (0.0293),acumularam (0.0304),delineando (0.0268),entendido (0.0283),recostavam (0.0288)
6588,ajude (0.0293),xex (0.0304),afluentes (0.0268),entes (0.0283),ativistas (0.0288)
6589,inclemência (0.0293),revelado (0.0304),moto (0.0268),acordar (0.0283),atlas (0.0288)
6590,incertezas (0.0293),adaptações (0.0304),responsável (0.0268),entrando (0.0283),consertados (0.0288)
6591,cuia (0.0293),absorvidos (0.0304),meticuloso (0.0268),desenhava (0.0283),fofa (0.0288)
6592,cruzasse (0.0293),mudinhas (0.0304),movimentação (0.0268),mineirês (0.0283),primeiras (0.0288)
6593,incentivou (0.0293),mergulhava (0.0304),miniatura (0.0268),pálpebra (0.0283),usaram (0.0288)
6594,alaúde (0.0293),disfarçadas (0.0304),afirmando (0.0268),pêssego (0.0283),recorda (0.0288)
6595,alcançavam (0.0293),discutem (0.0304),manifestações (0.0268),escutavam (0.0283),folgados (0.0288)
6596,alegrar (0.0293),estabelecidas (0.0304),códigos (0.0268),machistas (0.0283),pretensão (0.0288)
6597,visse (0.0293),complacência (0.0304),respirando (0.0268),tropeço (0.0283),espalhou (0.0288)
6598,in (0.0293),mesas (0.0304),altivo (0.0268),escutava (0.0283),assumir (0.0288)
6599,imprevisibilidade (0.0293),observacional (0.0304),descascar (0.0268),machuca (0.0283),tez (0.0288)
6600,sabiam (0.0293),sinuosa (0.0304),acentuam (0.0268),fluíam (0.0283),causando (0.0288)
6601,alfabeto (0.0293),dinossauro (0.0304),rotina (0.0267),quaisquer (0.0283),esperta (0.0288)
6602,algazarra (0.0293),diriam (0.0304),volumoso (0.0266),penetra (0.0283),fazerem (0.0288)
6603,impregnando (0.0293),strudel (0.0304),prendo (0.0266),coaxar (0.0283),dourava (0.0288)
6604,crocante (0.0293),adega (0.0304),desigualdade (0.0266),simplificações (0.0283),irecê (0.0288)
6605,viscose (0.0293),diretor (0.0304),típica (0.0266),azedo (0.0283),fechadas (0.0288)
6606,sisal (0.0293),reumatismo (0.0304),autoconfiança (0.0264),receptiva (0.0283),iorubá (0.0288)
6607,alimentava (0.0293),organiza (0.0304),deus (0.0264),descuidado (0.0283),duradouro (0.0288)
6608,alinha (0.0293),àquelas (0.0304),cearense (0.0263),flutuando (0.0283),categorizar (0.0288)
6609,direção (0.0293),stress (0.0304),bairro (0.0262),insista (0.0283),sujeira (0.0288)
6610,violino (0.0293),divorciado (0.0304),apagado (0.0261),escritas (0.0283),ferrão (0.0288)
6611,guiadas (0.0293),orlas (0.0304),descrevê (0.0261),escritoras (0.0283),espanta (0.0288)
6612,incontida (0.0293),decifrarem (0.0304),iarê (0.0261),andava (0.0283),fertilidade (0.0288)
6613,cumprimenta (0.0293),resta (0.0304),termina (0.0261),formatos (0.0283),invade (0.0288)
6614,destemida (0.0293),sumido (0.0304),apagados (0.0261),meticuloso (0.0283),fervorosa (0.0288)
6615,desmanchado (0.0293),damos (0.0304),palco (0.0261),sistema (0.0283),refletissem (0.0288)
6616,acusa (0.0293),má (0.0304),livraria (0.0261),flutuar (0.0283),especificação (0.0288)
6617,adapte (0.0293),marra (0.0304),juntar (0.0261),trouxeram (0.0283),festival (0.0288)
6618,serviam (0.0293),marreta (0.0304),desafiava (0.0261),chegarem (0.0283),refletiriam (0.0288)
6619,davina (0.0293),econômico (0.0304),rumo (0.0261),inspiro (0.0283),fidelidade (0.0288)
6620,sexta (0.0293),mutação (0.0304),desabrochar (0.0261),fortalecida (0.0283),reflectiam (0.0288)
6621,despretensão (0.0293),mutantes (0.0304),travada (0.0261),trançá (0.0283),pretender (0.0288)
6622,salão (0.0293),ecológicas (0.0304),poeirentos (0.0261),aracy (0.0282),fone (0.0288)
6623,vídeo (0.0293),sulina (0.0304),traçando (0.0261),grupo (0.0278),atravessam (0.0288)
6624,inflexão (0.0293),resolvam (0.0304),alimentar (0.0261),individuais (0.0276),retratavam (0.0288)
6625,adoção (0.0293),resolvesse (0.0304),imaginam (0.0261),22 (0.0276),escreveria (0.0288)
6626,produz (0.0293),musiquinha (0.0304),xilogravuras (0.0261),povoam (0.0276),superamos (0.0288)
6627,infiltrar (0.0293),década (0.0304),azeviche (0.0261),queimar (0.0276),rebuscadas (0.0288)
6628,devoção (0.0293),similares (0.0304),prendem (0.0261),julgam (0.0276),escolar (0.0288)
6629,afastando (0.0293),durou (0.0304),permitiu (0.0261),atarracada (0.0276),torres (0.0288)
6630,afastá (0.0293),durmo (0.0304),julgam (0.0261),indicador (0.0276),rebelam (0.0288)
6631,salteado (0.0293),respeitaram (0.0304),conversado (0.0261),baratos (0.0276),reação (0.0288)
6632,curvando (0.0293),adquiri (0.0304),espessas (0.0261),ijexá (0.0276),avançada (0.0288)
6633,vulnerabilidades (0.0293),edredom (0.0304),anterior (0.0261),irmandade (0.0276),comia (0.0288)
6634,aflorada (0.0293),educadas (0.0304),alegram (0.0261),preze (0.0276),escancarado (0.0288)
6635,salpicou (0.0293),ostensivas (0.0304),vertical (0.0261),igarassu (0.0276),funcionando (0.0288)
6636,cursei (0.0293),embaralhada (0.0304),sujos (0.0261),comprar (0.0276),funda (0.0288)
6637,prol (0.0293),sedosa (0.0304),dobrar (0.0261),assertivo (0.0276),escaldantes (0.0288)
6638,agitados (0.0293),secretária (0.0304),rotular (0.0261),indignação (0.0276),superficialidades (0.0288)
6639,incutiram (0.0293),médias (0.0304),tentem (0.0261),autoconsciência (0.0276),inflexão (0.0288)
6640,curandeiras (0.0293),cobertas (0.0304),aceso (0.0261),idiomáticas (0.0276),fundindo (0.0288)
6641,contrastantes (0.0293),volátil (0.0304),militância (0.0261),intrínsecas (0.0276),sólidos (0.0288)
6642,chumbo (0.0293),cobertor (0.0304),semiárido (0.0261),prendem (0.0276),undercut (0.0288)
6643,contrastada (0.0293),contraposta (0.0304),compunha (0.0261),recorte (0.0276),companheirismo (0.0288)
6644,surgindo (0.0293),curvilínea (0.0304),realizados (0.0261),prazeres (0.0276),gabi (0.0288)
6645,entremeando (0.0293),cobrando (0.0304),estômago (0.0261),assolam (0.0276),esbarra (0.0288)
6646,resumir (0.0293),sc (0.0304),visões (0.0261),imprimia (0.0276),azeitona (0.0288)
6647,superstições (0.0293),superei (0.0304),colônia (0.0261),astuta (0.0276),galerias (0.0288)
6648,envergonhado (0.0293),reservadas (0.0304),caique (0.0261),improvisada (0.0276),confusos (0.0288)
6649,exótico (0.0293),elogio (0.0304),questiono (0.0261),jeitão (0.0276),embalavam (0.0288)
6650,calço (0.0293),ostentar (0.0304),fugindo (0.0261),atos (0.0276),resumir (0.0288)
6651,cambaio (0.0293),colaram (0.0304),preciosos (0.0261),janaina (0.0276),fraqueza (0.0288)
6652,surf (0.0293),resgatei (0.0304),preciosas (0.0261),jeremias (0.0276),urso (0.0288)
6653,externamente (0.0293),colegas (0.0304),habituadas (0.0261),confundida (0.0276),tomei (0.0288)
6654,surgiam (0.0293),sci (0.0304),tio (0.0261),instalaram (0.0276),capela (0.0288)
6655,tomei (0.0293),colocado (0.0304),bens (0.0261),preciosas (0.0276),ressonância (0.0288)
6656,extenuante (0.0293),náutico (0.0304),benção (0.0261),interrompido (0.0276),elba (0.0288)
6657,tomavam (0.0293),orçamento (0.0304),estereotipia (0.0261),incompreensões (0.0276),instantaneamente (0.0288)
6658,compensa (0.0293),comemorativas (0.0304),rachaduras (0.0261),predileto (0.0276),combino (0.0288)
6659,caixão (0.0293),adorar (0.0304),plantavam (0.0261),iluminadas (0.0276),conseguiam (0.0288)
6660,enxerga (0.0293),contente (0.0304),estereotipados (0.0261),imperturbável (0.0276),inspirador (0.0288)
6661,reluzindo (0.0293),sardento (0.0304),cabiam (0.0261),punhado (0.0276),elogios (0.0288)
6662,relíquia (0.0293),domesticada (0.0304),esforçar (0.0261),conseguiria (0.0276),audacioso (0.0288)
6663,explorada (0.0293),sucediam (0.0304),bicos (0.0261),bens (0.0276),reclame (0.0288)
6664,explodindo (0.0293),decentemente (0.0304),gargantilha (0.0261),ladeira (0.0276),resultaria (0.0288)
6665,explodia (0.0293),decepcionar (0.0304),questiona (0.0261),recordação (0.0276),aumenta (0.0288)
6666,explique (0.0293),comecinho (0.0304),questionando (0.0261),receptivo (0.0276),canteiros (0.0288)
6667,explico (0.0293),simplório (0.0304),todxs (0.0261),imaginam (0.0276),insistisse (0.0288)
6668,compassiva (0.0293),murmura (0.0304),sentadas (0.0261),integrado (0.0276),insistira (0.0288)
6669,surpreendem (0.0293),documentos (0.0304),mergulhos (0.0261),princípio (0.0276),cantarolava (0.0288)
6670,canoa (0.0293),cometa (0.0304),frágil (0.0261),questionada (0.0276),conquistados (0.0288)
6671,equilibrava (0.0293),álcool (0.0304),sucessivas (0.0261),preferido (0.0276),tornado (0.0288)
6672,comia (0.0293),ornado (0.0304),pinho (0.0261),insistente (0.0276),forçaram (0.0288)
6673,falado (0.0293),decidirem (0.0304),franzida (0.0261),impactantes (0.0276),autoral (0.0288)
6674,caimento (0.0293),megaprojetos (0.0304),mina (0.0261),rabiscada (0.0276),franze (0.0288)
6675,renascimento (0.0293),admita (0.0304),representativo (0.0261),promissor (0.0276),insistindo (0.0288)
6676,comprimidos (0.0293),diálogos (0.0304),poderíamos (0.0261),preferirem (0.0276),assume (0.0288)
6677,festividades (0.0293),dominar (0.0304),contribuição (0.0261),impulsionava (0.0276),lavando (0.0288)
6678,festival (0.0293),dominical (0.0304),predileto (0.0261),lampejos (0.0276),dinamismo (0.0288)
6679,conceitos (0.0293),duque (0.0304),apagou (0.0261),conceder (0.0276),pousa (0.0288)
6680,festejo (0.0293),saudosa (0.0304),generosas (0.0261),lareira (0.0276),libertam (0.0288)
6681,bucólicas (0.0293),adotivos (0.0304),suada (0.0261),procurar (0.0276),navalha (0.0288)
6682,ferve (0.0293),adotei (0.0304),escondê (0.0261),assada (0.0276),separando (0.0288)
6683,ferrão (0.0293),adotar (0.0304),acolá (0.0261),deslizava (0.0276),sociável (0.0288)
6684,fera (0.0293),adotando (0.0304),ká (0.0261),manifesto (0.0276),salteado (0.0288)
6685,bucólico (0.0293),contextuais (0.0304),comparação (0.0261),entreaberta (0.0276),acúmulo (0.0288)
6686,retratos (0.0293),suja (0.0304),ajustar (0.0261),sumidos (0.0276),morava (0.0288)
6687,comunicador (0.0293),coloquem (0.0304),jeitão (0.0261),ocupando (0.0276),cujas (0.0288)
6688,refletiriam (0.0293),ângulo (0.0304),estudado (0.0261),unido (0.0276),mentir (0.0288)
6689,compro (0.0293),dove (0.0304),acolhido (0.0261),manto (0.0276),viado (0.0288)
6690,entranhado (0.0293),abraçarem (0.0304),desconfortáveis (0.0261),falanges (0.0276),negociava (0.0288)
6691,segundos (0.0293),saudades (0.0304),desenhou (0.0261),desfrutar (0.0276),soubesse (0.0288)
6692,busquei (0.0293),doutor (0.0304),adaptei (0.0261),adaptei (0.0276),apelidos (0.0288)
6693,bálsamo (0.0293),musculação (0.0304),impulsionando (0.0261),manuseava (0.0276),poeta (0.0288)
6694,bíblia (0.0293),coloração (0.0304),magras (0.0261),manuseio (0.0276),agarravam (0.0288)
6695,refrescante (0.0293),núcleo (0.0304),obrigado (0.0261),desfazer (0.0276),acreditamos (0.0288)
6696,fatia (0.0293),matutino (0.0304),imaginário (0.0261),manú (0.0276),sereia (0.0288)
6697,traduzindo (0.0293),satisfatórios (0.0304),emoldurando (0.0261),sustos (0.0276),absorveu (0.0288)
6698,fascinam (0.0293),contestadora (0.0304),infinitos (0.0261),minguar (0.0276),materno (0.0288)
6699,compreendia (0.0293),mg (0.0304),agitam (0.0261),extra (0.0276),sardinha (0.0288)
6700,traduziam (0.0293),diarista (0.0304),reconhecidas (0.0261),sólida (0.0276),partilham (0.0288)
6701,entrego (0.0293),dialogar (0.0304),vibram (0.0261),pontinhos (0.0276),dentinhos (0.0288)
6702,fantasma (0.0293),ok (0.0304),atos (0.0261),alisá (0.0276),souber (0.0288)
6703,entrei (0.0293),desconcertado (0.0304),costurou (0.0261),cintilante (0.0276),vendedor (0.0288)
6704,cachorros (0.0293),desconcertada (0.0304),ensinadas (0.0261),parecendo (0.0276),limitadoras (0.0288)
6705,renascendo (0.0293),sabedorias (0.0304),percorrido (0.0261),tamanho (0.0276),perpetuando (0.0288)
6706,rende (0.0293),descomunal (0.0304),nisso (0.0261),mina (0.0276),derramei (0.0288)
6707,guarujá (0.0293),roubavam (0.0304),interrompido (0.0261),amarrada (0.0276),viaje (0.0288)
6708,resignada (0.0293),descombinadas (0.0304),usavam (0.0261),amarradas (0.0276),magnética (0.0288)
6709,estanques (0.0293),descolado (0.0304),mudo (0.0261),militância (0.0276),narrava (0.0288)
6710,estampavam (0.0293),sofá (0.0304),desgrenhado (0.0261),fecho (0.0276),sociocultural (0.0288)
6711,circundava (0.0293),achadas (0.0304),perdia (0.0261),machucado (0.0276),manchado (0.0288)
6712,celebre (0.0293),descente (0.0304),cumprida (0.0261),enriquecendo (0.0276),veludo (0.0288)
6713,estabelecida (0.0293),softwares (0.0304),fico (0.0261),enrolar (0.0276),mostarda (0.0288)
6714,estabeleceu (0.0293),software (0.0304),direções (0.0261),sintam (0.0276),aplicação (0.0288)
6715,temperar (0.0293),descascado (0.0304),cativam (0.0261),esforça (0.0276),aplicativo (0.0288)
6716,temperamentos (0.0293),descascada (0.0304),manejando (0.0261),sobreposição (0.0276),aplicar (0.0288)
6717,escrevem (0.0293),conhecesse (0.0304),norma (0.0261),acolá (0.0276),mingau (0.0288)
6718,cintilantes (0.0293),rudes (0.0304),profano (0.0261),sobreviveu (0.0276),desvendando (0.0288)
6719,escreveram (0.0293),molhando (0.0304),incompreensões (0.0261),fincado (0.0276),declarações (0.0288)
6720,cintilam (0.0293),molhar (0.0304),abacaxi (0.0261),acontecendo (0.0276),maldormidas (0.0288)
6721,telha (0.0293),oestinos (0.0304),inegociável (0.0261),chamaremos (0.0276),maldita (0.0288)
6722,esperta (0.0293),confronto (0.0304),recorte (0.0261),cítrico (0.0276),pesares (0.0288)
6723,ceceo (0.0293),zero (0.0304),extensa (0.0261),somem (0.0276),simultânea (0.0288)
6724,tecelendo (0.0293),solicitado (0.0304),pastos (0.0261),manejando (0.0276),salpicou (0.0288)
6725,cheirinho (0.0293),modificação (0.0304),indignação (0.0261),fico (0.0276),adequam (0.0288)
6726,cheiroso (0.0293),confiam (0.0304),tamanho (0.0261),entendi (0.0276),pousar (0.0288)
6727,esperados (0.0293),demorou (0.0304),deslocado (0.0261),mangabeiras (0.0276),penetrava (0.0288)
6728,especificação (0.0293),modernizados (0.0304),limitado (0.0261),sopram (0.0276),derrotas (0.0288)
6729,tantão (0.0293),modernizar (0.0304),amarrada (0.0261),obrigado (0.0276),aflorada (0.0288)
6730,teatro (0.0293),configura (0.0304),amarradas (0.0261),ameaçador (0.0276),alheios (0.0288)
6731,especialidade (0.0293),solitude (0.0304),pendurada (0.0261),ambições (0.0276),liberada (0.0288)
6732,cidreira (0.0293),roncando (0.0304),fantásticas (0.0261),suada (0.0276),pingando (0.0288)
6733,tatuadora (0.0293),denotaria (0.0304),deslizava (0.0261),subindo (0.0276),válido (0.0288)
6734,chorei (0.0293),ronronando (0.0304),astronomia (0.0261),alimentar (0.0276),adapto (0.0288)
6735,espanto (0.0293),confortos (0.0304),silva (0.0261),marcaram (0.0276),cênicas (0.0288)
6736,espanta (0.0293),rosadas (0.0304),assada (0.0261),antebraços (0.0276),morador (0.0288)
6737,estendia (0.0293),descosturados (0.0304),programar (0.0261),melancólico (0.0276),descrença (0.0288)
6738,cearenses (0.0293),descontrair (0.0304),inconstante (0.0261),estratégicos (0.0276),afiliação (0.0288)
6739,existentes (0.0293),desconstrução (0.0304),atemporal (0.0261),escondê (0.0276),aparentava (0.0288)
6740,etnicidade (0.0293),desconsiderar (0.0304),construímos (0.0261),estima (0.0276),nômade (0.0288)
6741,cantarolava (0.0293),rotinas (0.0304),fecho (0.0261),toalhas (0.0276),coubesse (0.0288)
6742,começar (0.0293),offline (0.0304),afirmo (0.0261),melodiosas (0.0276),definiria (0.0288)
6743,canteiros (0.0293),acanhamento (0.0304),enfrente (0.0261),cantam (0.0276),litros (0.0288)
6744,surrealismo (0.0293),monocromia (0.0304),usaria (0.0261),traçando (0.0276),digam (0.0288)
6745,capela (0.0293),monocromática (0.0304),machucados (0.0261),esquecidas (0.0276),ofensiva (0.0288)
6746,ergueram (0.0293),sobressaltos (0.0304),intrínsecas (0.0261),cheirando (0.0276),santuário (0.0288)
6747,exaustão (0.0293),desafiem (0.0304),falanges (0.0261),agitam (0.0276),sofrem (0.0288)
6748,capitais (0.0293),conservas (0.0304),definhar (0.0261),chope (0.0276),peripécias (0.0288)
6749,suspirar (0.0293),morrido (0.0304),importar (0.0261),mercados (0.0276),acariciavam (0.0288)
6750,evitam (0.0293),ocupou (0.0304),perfumado (0.0261),merecido (0.0276),pato (0.0288)
6751,comece (0.0293),desajeitada (0.0304),intuição (0.0261),afirmo (0.0276),desconheço (0.0288)
6752,combinavam (0.0293),ocupações (0.0304),cheirando (0.0261),mergulho (0.0276),obrigados (0.0288)
6753,colocavam (0.0293),morango (0.0304),lindas (0.0261),mergulhos (0.0276),desconhecimento (0.0288)
6754,erram (0.0293),ruiva (0.0304),flexível (0.0261),olhada (0.0276),lotadas (0.0288)
6755,estoicismo (0.0293),ruivas (0.0304),rápidos (0.0261),desconfiado (0.0276),apagando (0.0288)
6756,sustente (0.0293),rumos (0.0304),ruído (0.0261),desconfortáveis (0.0276),obrigação (0.0288)
6757,sutilezas (0.0293),desanimado (0.0304),derreter (0.0261),meses (0.0276),altamente (0.0288)
6758,estudam (0.0293),conseguindo (0.0304),rolavam (0.0261),esculpe (0.0276),dieta (0.0288)
6759,escancarado (0.0293),desafiada (0.0304),armas (0.0261),espada (0.0276),cursiva (0.0288)
6760,terços (0.0293),russos (0.0304),faces (0.0261),travada (0.0276),anule (0.0288)
6761,terço (0.0293),dependente (0.0304),conceder (0.0261),tio (0.0276),medidas (0.0288)
6762,sérios (0.0293),consequentemente (0.0304),imersa (0.0261),estruturado (0.0276),acendo (0.0288)
6763,terminações (0.0293),desabafar (0.0304),instalaram (0.0261),paradoxo (0.0276),modelos (0.0288)
6764,categorizar (0.0293),ocupam (0.0304),abençoada (0.0261),estudei (0.0276),verdades (0.0288)
6765,cava (0.0293),ocupada (0.0304),arrancar (0.0261),parado (0.0276),alonga (0.0288)
6766,escolar (0.0293),desamarrado (0.0304),trovão (0.0261),tecelagens (0.0276),moderação (0.0288)
6767,tentarem (0.0293),acentos (0.0304),fincada (0.0261),chegados (0.0276),lista (0.0288)
6768,ressecamento (0.0293),acertem (0.0304),enchendo (0.0261),pandeiro (0.0276),zilda (0.0288)
6769,brás (0.0293),desbotar (0.0304),princípio (0.0261),expediente (0.0276),devoção (0.0288)
6770,brutal (0.0293),desbotoou (0.0304),cortar (0.0261),trânsito (0.0276),lindos (0.0288)
6771,reveladoras (0.0293),desbotava (0.0304),unir (0.0261),trovão (0.0276),acontecerem (0.0288)
6772,raras (0.0293),acerola (0.0304),ameaçador (0.0261),cidadã (0.0276),cumprimenta (0.0288)
6773,atravessam (0.0293),dentista (0.0304),desfrutar (0.0261),cambaleante (0.0276),pedagogia (0.0288)
6774,ramalho (0.0293),acentuação (0.0304),sertanejas (0.0261),alegram (0.0276),alimentava (0.0288)
6775,atravessando (0.0293),desbotaram (0.0304),entendi (0.0261),exerce (0.0276),serpenteando (0.0288)
6776,embalavam (0.0293),conservo (0.0304),bermuda (0.0261),excessos (0.0276),mencionar (0.0288)
6777,atributos (0.0293),denunciasse (0.0304),rodeada (0.0257),excessivo (0.0276),pimentas (0.0288)
6778,rapadura (0.0293),departamento (0.0304),daquela (0.0257),desenhados (0.0276),acabei (0.0288)
6779,considerariam (0.0293),soe (0.0304),civil (0.0257),tentem (0.0276),agito (0.0288)
6780,embelezava (0.0293),desavisados (0.0304),saiba (0.0256),ajustar (0.0276),acolhedores (0.0288)
6781,atuando (0.0293),desatar (0.0304),enchia (0.0256),outono (0.0276),acolhedoras (0.0288)
6782,atuação (0.0293),conotação (0.0304),destacam (0.0256),matutinas (0.0276),defini (0.0288)
6783,generalizadas (0.0293),montes (0.0304),voltar (0.0256),cicatrizado (0.0276),animes (0.0288)
6784,suar (0.0293),monumental (0.0304),girassol (0.0256),tropeços (0.0276),cresçam (0.0288)
6785,emoldurareu (0.0293),monólito (0.0304),tornou (0.0256),testada (0.0276),line (0.0288)
6786,geladinho (0.0293),monótono (0.0304),manda (0.0256),tropeiros (0.0276),acalentar (0.0288)
6787,undercut (0.0293),zumbido (0.0304),apagam (0.0256),derrubar (0.0276),definiam (0.0288)
6788,autorais (0.0293),desengonçados (0.0304),conservam (0.0256),enquadrada (0.0276),devolver (0.0288)
6789,consertados (0.0293),modernices (0.0304),reducionista (0.0256),carreira (0.0276),linguiça (0.0288)
6790,autossuficiência (0.0293),obsessão (0.0304),grafismos (0.0256),velada (0.0276),desfeitas (0.0288)
6791,auxilia (0.0293),oleiro (0.0304),ardente (0.0256),gesticulam (0.0276),agrade (0.0288)
6792,avalia (0.0293),xix (0.0304),visitantes (0.0256),cativam (0.0276),alinhamento (0.0288)
6793,raspadinho (0.0293),destoante (0.0304),ofensivas (0.0256),ardendo (0.0276),ás (0.0288)
6794,riscas (0.0293),destinos (0.0304),refinada (0.0256),grudados (0.0276),desconstruindo (0.0288)
6795,garimpando (0.0293),destaques (0.0304),conscientizar (0.0256),revelada (0.0276),convidavam (0.0288)
6796,aventureiro (0.0293),comunicaria (0.0304),grau (0.0256),gritando (0.0276),ofuscava (0.0288)
6797,empoderadoras (0.0293),deleite (0.0304),jeitos (0.0256),ligeira (0.0276),pins (0.0288)
6798,empoderamento (0.0293),onírica (0.0304),rabiscos (0.0256),revistas (0.0276),deixamos (0.0288)
6799,azeitona (0.0293),destacada (0.0304),refletiria (0.0256),ligeiro (0.0276),cozinho (0.0288)
6800,turístico (0.0293),ministério (0.0304),palmo (0.0256),costurou (0.0276),perceba (0.0288)
6801,espalhavam (0.0293),minuciosa (0.0304),lóbulo (0.0256),araguaia (0.0276),lente (0.0288)
6802,atleticano (0.0293),delgada (0.0304),poderosas (0.0256),dilema (0.0276),metade (0.0288)
6803,revelassem (0.0293),sonhando (0.0304),ignora (0.0256),limitado (0.0276),percussão (0.0288)
6804,eficazes (0.0293),despreocupada (0.0304),comportamentais (0.0256),grandiosidade (0.0276),algazarra (0.0288)
6805,guardassem (0.0293),constranja (0.0304),comportar (0.0256),limitar (0.0276),correrias (0.0288)
6806,contorno (0.0293),desprende (0.0304),valioso (0.0256),absorve (0.0276),migrar (0.0288)
6807,guarana (0.0293),constrangimento (0.0304),acontecimento (0.0256),rimas (0.0276),abacaxis (0.0288)
6808,guamá (0.0293),aconteceu (0.0304),austeridade (0.0256),brevemente (0.0276),ouvinte (0.0288)
6809,arranjar (0.0293),comédia (0.0304),pesados (0.0256),piada (0.0276),abafadas (0.0288)
6810,continuava (0.0293),despintar (0.0304),comprei (0.0256),anterior (0.0276),virando (0.0288)
6811,sonolento (0.0293),destranca (0.0304),enxergam (0.0256),gostava (0.0276),abafar (0.0288)
6812,sonoras (0.0293),delatam (0.0304),acreditam (0.0256),mostraram (0.0276),margem (0.0288)
6813,arrepiar (0.0293),constructo (0.0304),intrínseco (0.0256),vizinho (0.0276),cozinhava (0.0288)
6814,contenção (0.0293),determinantes (0.0304),binarismo (0.0256),brincado (0.0276),manicure (0.0288)
6815,soprado (0.0293),dialetos (0.0304),importam (0.0256),mútua (0.0276),vítima (0.0288)
6816,efervescente (0.0293),dezoito (0.0304),marginalização (0.0256),pisa (0.0276),motorista (0.0288)
6817,ascendências (0.0293),compreenderem (0.0304),perguntar (0.0256),guerra (0.0276),cruzasse (0.0288)
6818,urso (0.0293),consumido (0.0304),invasivas (0.0256),discute (0.0276),abaixado (0.0288)
6819,radicais (0.0293),acumula (0.0304),pernambucana (0.0256),iam (0.0276),amassarão (0.0288)
6820,elba (0.0293),definisse (0.0304),sobrevivente (0.0256),remédio (0.0276),manifestando (0.0288)
6821,contassem (0.0293),devagarinho (0.0304),inventar (0.0256),ímpar (0.0276),percurso (0.0288)
6822,assa (0.0293),detesto (0.0304),aguentam (0.0256),doer (0.0276),advogado (0.0288)
6823,gradualmente (0.0293),salivar (0.0304),resulta (0.0256),legal (0.0276),craque (0.0288)
6824,elogios (0.0293),sonoridade (0.0304),efêmera (0.0256),dolorosa (0.0276),alfabeto (0.0288)
6825,soubessem (0.0293),construtivos (0.0304),completar (0.0256),conversado (0.0276),paraibana (0.0288)
6826,goianês (0.0293),salgadas (0.0304),pincelada (0.0256),leituras (0.0276),desarruma (0.0288)
6827,street (0.0293),acabaram (0.0304),útil (0.0256),representadas (0.0276),desentendimentos (0.0288)
6828,associa (0.0293),desvie (0.0304),célula (0.0256),mutante (0.0276),íngreme (0.0288)
6829,assustada (0.0293),desviar (0.0304),raiva (0.0256),abençoada (0.0276),pintora (0.0288)
6830,atestado (0.0293),desvendo (0.0304),transbordando (0.0256),armas (0.0276),destes (0.0288)
6831,atestando (0.0293),acre (0.0304),interessa (0.0256),arranhão (0.0276),crocante (0.0288)
6832,atingindo (0.0293),sobradinho (0.0304),naqueles (0.0256),colônia (0.0276),ameaçadora (0.0288)
6833,açoita (0.0293),despigmentados (0.0304),deslocada (0.0256),arrancar (0.0276),perícia (0.0288)
6834,açudes (0.0293),acadêmicas (0.0304),arada (0.0256),xilogravuras (0.0276),craquelando (0.0288)
6835,empoeirado (0.0293),despigmentado (0.0304),mesclados (0.0256),levei (0.0276),multiplicam (0.0288)
6836,bois (0.0293),demonstrados (0.0304),desistem (0.0256),mínimo (0.0276),apreciação (0.0288)
6837,enfrentá (0.0293),motivou (0.0304),companheiros (0.0256),múltipla (0.0276),manipula (0.0288)
6838,travo (0.0293),desfilava (0.0304),reconhecido (0.0256),plantavam (0.0276),segundos (0.0288)
6839,sucessos (0.0293),acomodar (0.0304),enrugadas (0.0256),leãozinho (0.0276),xangô (0.0288)
6840,bioma (0.0293),demográfica (0.0304),sisudo (0.0256),guiar (0.0276),street (0.0288)
6841,engana (0.0293),acomodada (0.0304),incerto (0.0256),emocionais (0.0276),paletó (0.0288)
6842,tratores (0.0293),olhava (0.0304),transitando (0.0256),voam (0.0276),dados (0.0288)
6843,tratava (0.0293),soltinhos (0.0304),menores (0.0256),cerrada (0.0276),movido (0.0288)
6844,recolhidas (0.0293),mobilidade (0.0304),maravilhoso (0.0256),aprecie (0.0276),cruzeiro (0.0288)
6845,bloco (0.0293),conectarem (0.0304),perdidas (0.0256),lotados (0.0276),mudaram (0.0288)
6846,forjou (0.0293),soluções (0.0304),razoável (0.0256),salpicavam (0.0276),amaro (0.0288)
6847,blusão (0.0293),desespero (0.0304),brilhar (0.0256),cruza (0.0276),desafiavam (0.0288)
6848,reconhecem (0.0293),conectei (0.0304),achatado (0.0256),funerais (0.0276),parecidos (0.0288)
6849,recorda (0.0293),solteiro (0.0304),convencional (0.0256),verá (0.0276),motivação (0.0288)
6850,revirava (0.0293),demore (0.0304),suavizando (0.0256),fundia (0.0276),desafie (0.0288)
6851,gabriela (0.0293),desenvolvi (0.0304),eterna (0.0256),saía (0.0276),afastá (0.0288)
6852,bonança (0.0293),demorem (0.0304),levando (0.0256),burocracia (0.0276),contorno (0.0288)
6853,enriquecedora (0.0293),demoro (0.0304),esvoaçando (0.0256),secar (0.0276),letra (0.0288)
6854,sufocam (0.0293),confessar (0.0304),lago (0.0256),desvendado (0.0276),amargos (0.0288)
6855,bonés (0.0293),miséria (0.0304),estável (0.0256),burro (0.0276),moças (0.0288)
6856,conectava (0.0293),rockabilly (0.0304),preconceituoso (0.0256),fugindo (0.0276),17 (0.0288)
6857,bordam (0.0293),constituir (0.0304),testemunharam (0.0256),vertical (0.0276),cortando (0.0288)
6858,recônditos (0.0293),delineado (0.0304),mágica (0.0256),semiárido (0.0276),contrabalançada (0.0288)
6859,enriqueceu (0.0293),miscigenações (0.0304),protetora (0.0256),perdia (0.0276),despercebida (0.0288)
6860,enrolado (0.0293),misericórdia (0.0304),deixá (0.0256),ninar (0.0276),parcimônia (0.0288)
6861,transmitiria (0.0293),mouse (0.0304),cajus (0.0256),apagados (0.0276),simbolizando (0.0288)
6862,brasas (0.0293),despenteia (0.0304),anedota (0.0256),franzida (0.0276),maneja (0.0288)
6863,transitam (0.0293),motos (0.0304),domino (0.0256),sereias (0.0276),tingidos (0.0287)
6864,brejo (0.0293),desmistifica (0.0304),caxias (0.0256),vende (0.0276),jenipapo (0.0280)
6865,conformo (0.0293),concentro (0.0304),mostrou (0.0256),líquido (0.0276),grosseira (0.0279)
6866,sucedido (0.0293),sombreados (0.0304),reproduzir (0.0256),norma (0.0276),prontos (0.0279)
6867,confundam (0.0293),onduladas (0.0304),relevantes (0.0256),fortuna (0.0276),transitória (0.0279)
6868,rezou (0.0293),desgrudo (0.0304),protegida (0.0256),saborear (0.0276),romper (0.0279)
6869,gabi (0.0293),sobrava (0.0304),sussurram (0.0256),esforçam (0.0276),traindo (0.0279)
6870,empreitada (0.0293),condiciona (0.0304),fracamente (0.0256),enchiam (0.0276),pautada (0.0279)
6871,bah (0.0293),on (0.0304),cigarras (0.0256),rápidos (0.0276),alpargatas (0.0279)
6872,suavizava (0.0293),consta (0.0304),quadrados (0.0256),acaricio (0.0276),inventam (0.0279)
6873,baile (0.0293),desinformação (0.0304),dentre (0.0256),encantamento (0.0276),soltar (0.0279)
6874,encaixada (0.0293),desilusões (0.0304),carinhoso (0.0256),rotular (0.0276),utilizam (0.0279)
6875,furiosa (0.0293),roberto (0.0304),carismática (0.0256),vibram (0.0276),devora (0.0279)
6876,bambu (0.0293),robô (0.0304),chegado (0.0256),livraria (0.0276),respeitável (0.0279)
6877,bananas (0.0293),requinte (0.0304),divido (0.0256),ruído (0.0276),rompendo (0.0279)
6878,fundindo (0.0293),edição (0.0304),priorizando (0.0256),generosas (0.0276),rolando (0.0279)
6879,riem (0.0293),cervejaria (0.0304),original (0.0256),diamante (0.0276),sistema (0.0279)
6880,fugiam (0.0293),escapiava (0.0304),fluem (0.0256),desculpas (0.0271),serviram (0.0279)
6881,barrentas (0.0293),nebulosos (0.0304),flutua (0.0256),interessa (0.0271),ressequida (0.0279)
6882,encostada (0.0293),reforçaria (0.0304),orientação (0.0256),desenvolver (0.0271),cupuaçu (0.0279)
6883,reação (0.0293),escolares (0.0304),evidência (0.0256),90 (0.0271),atender (0.0279)
6884,encurvada (0.0293),criadas (0.0304),ditas (0.0256),concebidos (0.0271),econômica (0.0279)
6885,frizz (0.0293),esclarece (0.0304),festivais (0.0256),disseram (0.0271),empurrar (0.0279)
6886,triste (0.0293),neblina (0.0304),carros (0.0256),ensinado (0.0271),sujo (0.0279)
6887,subtons (0.0293),escassas (0.0304),folgada (0.0256),enxergam (0.0271),azuladas (0.0279)
6888,batatas (0.0293),cem (0.0304),cantadas (0.0256),enrugadas (0.0271),incontestável (0.0279)
6889,confusos (0.0293),escapadas (0.0304),robustas (0.0256),desenvolvida (0.0271),impossíveis (0.0279)
6890,trilhados (0.0293),escolheram (0.0304),ferida (0.0256),pulsava (0.0271),animados (0.0279)
6891,reúno (0.0293),escala (0.0304),cospe (0.0256),vazio (0.0271),conservada (0.0279)
6892,baía (0.0293),alcançava (0.0304),discrição (0.0256),veia (0.0271),despontando (0.0279)
6893,recarrego (0.0293),lxs (0.0304),risca (0.0256),divido (0.0271),visitou (0.0279)
6894,enfeitando (0.0293),paradisíaco (0.0304),anseios (0.0256),envolvo (0.0271),entendemos (0.0279)
6895,beijo (0.0293),esboçado (0.0304),falecido (0.0256),abstrata (0.0271),florescia (0.0279)
6896,cultivam (0.0293),serviu (0.0304),falada (0.0256),invasivas (0.0271),envolto (0.0279)
6897,rodei (0.0293),esbarro (0.0304),colagens (0.0256),acumulado (0.0271),individualista (0.0279)
6898,negociava (0.0293),lâmpada (0.0304),amada (0.0256),acentuado (0.0271),genéticos (0.0279)
6899,padroeira (0.0293),visitando (0.0304),tona (0.0256),inventando (0.0271),indireta (0.0279)
6900,julgar (0.0293),alemanha (0.0304),geométrica (0.0256),puxada (0.0271),rapaziada (0.0279)
6901,nervoso (0.0293),albino (0.0304),cozido (0.0256),azulejos (0.0271),confrontar (0.0279)
6902,manifestavam (0.0293),escovação (0.0304),convenções (0.0256),bagunçar (0.0271),entes (0.0279)
6903,multiplicam (0.0293),alheia (0.0304),braçal (0.0255),diluída (0.0271),echarpe (0.0279)
6904,morava (0.0293),separação (0.0304),goiás (0.0254),visualmente (0.0271),afasto (0.0279)
6905,peneira (0.0293),lucrativo (0.0304),reservada (0.0254),deslocada (0.0271),carrinho (0.0279)
6906,mordaz (0.0293),corretora (0.0304),resquício (0.0252),voltar (0.0271),complementada (0.0279)
6907,lavadeira (0.0293),íntegra (0.0304),romântica (0.0252),invisibilização (0.0271),referir (0.0279)
6908,pato (0.0293),correto (0.0304),fardos (0.0252),elétrico (0.0271),despercebido (0.0279)
6909,olfativa (0.0293),virtuais (0.0304),amazônicas (0.0252),adorava (0.0271),consideração (0.0279)
6910,picape (0.0293),cedendo (0.0304),vaso (0.0252),efêmera (0.0271),tranquilas (0.0279)
6911,matriarcas (0.0293),paranaenses (0.0304),herdando (0.0252),trema (0.0271),versatilidade (0.0279)
6912,medidas (0.0293),reformado (0.0304),desenhadas (0.0252),condição (0.0271),carrinhos (0.0279)
6913,manchado (0.0293),escondidos (0.0304),tentativas (0.0252),desistem (0.0271),tanque (0.0279)
6914,migrou (0.0293),alfaces (0.0304),participar (0.0252),intrínseco (0.0271),empregada (0.0279)
6915,narra (0.0293),refletisse (0.0304),cerrados (0.0252),aliviar (0.0271),finaliza (0.0279)
6916,leitora (0.0293),visam (0.0304),estruturadas (0.0252),quatro (0.0271),quilombos (0.0279)
6917,juntando (0.0293),crescidas (0.0304),brincavam (0.0252),risca (0.0271),converso (0.0279)
6918,motorista (0.0293),correntes (0.0304),cuidaram (0.0252),impingir (0.0271),dialogam (0.0279)
6919,leitos (0.0293),alemãs (0.0304),envolvendo (0.0252),goianos (0.0271),considerado (0.0279)
6920,participativo (0.0293),reflito (0.0304),pedrarias (0.0252),apropriadas (0.0271),carlos (0.0279)
6921,ocasionais (0.0293),lâmpadas (0.0304),fascina (0.0252),girassol (0.0271),ficaram (0.0279)
6922,movimentando (0.0293),esbarrava (0.0304),modelo (0.0252),reduzir (0.0271),observados (0.0279)
6923,maçã (0.0293),negociada (0.0304),reuniões (0.0252),rosário (0.0271),dançaram (0.0279)
6924,pareçam (0.0293),80m (0.0304),insistência (0.0252),apressado (0.0271),matéria (0.0279)
6925,olá (0.0293),envelhecidos (0.0304),singulares (0.0252),geométrica (0.0271),vôlei (0.0279)
6926,organizar (0.0293),ch (0.0304),errados (0.0252),gentis (0.0271),mudavam (0.0279)
6927,leave (0.0293),envelhecer (0.0304),apoiar (0.0252),redondezas (0.0271),delu (0.0279)
6928,migrei (0.0293),chaleira (0.0304),reafirmação (0.0252),geladas (0.0271),pressões (0.0279)
6929,narrava (0.0293),entusiasma (0.0304),falham (0.0252),régia (0.0271),assustou (0.0279)
6930,paraibana (0.0293),rejeita (0.0304),resumida (0.0252),impressão (0.0271),provenientes (0.0279)
6931,ovo (0.0293),chamaram (0.0304),ruim (0.0252),imprimir (0.0271),coloniais (0.0279)
6932,perceberia (0.0293),coringa (0.0304),costurando (0.0252),saí (0.0271),empoderar (0.0279)
6933,linguiça (0.0293),chamativa (0.0304),opto (0.0252),fugir (0.0271),reunidos (0.0279)
6934,pareceram (0.0293),envolva (0.0304),necessariamente (0.0252),aparenta (0.0271),revisora (0.0279)
6935,multidisciplinar (0.0293),entregar (0.0304),sinônimo (0.0252),apagam (0.0271),nutrida (0.0279)
6936,modernista (0.0293),tablets (0.0304),caneta (0.0252),fracamente (0.0271),movimentação (0.0279)
6937,pimentas (0.0293),tablet (0.0304),armado (0.0252),serpenteiam (0.0271),alternavam (0.0279)
6938,pingando (0.0293),magricela (0.0304),deturpada (0.0252),incessantemente (0.0271),admirada (0.0279)
6939,lavo (0.0293),ídolo (0.0304),abrigo (0.0252),aproximar (0.0271),rainha (0.0279)
6940,londrina (0.0293),chapado (0.0304),rígida (0.0252),rindo (0.0271),pintei (0.0279)
6941,posts (0.0293),agências (0.0304),produzir (0.0252),descontração (0.0271),criativas (0.0279)
6942,perguntarem (0.0293),vivenciadas (0.0304),adaptavam (0.0252),imperfeita (0.0271),narrando (0.0279)
6943,lindos (0.0293),envergonhada (0.0304),sistemas (0.0252),remendada (0.0271),emboladas (0.0279)
6944,modelada (0.0293),superfícies (0.0304),autonomia (0.0252),ignora (0.0271),bandeiras (0.0279)
6945,pontuados (0.0293),alargador (0.0304),servia (0.0252),convencional (0.0271),insinuando (0.0279)
6946,legou (0.0293),equipe (0.0304),rs (0.0252),humanidade (0.0271),avassaladora (0.0279)
6947,milhão (0.0293),alardes (0.0304),minucioso (0.0252),convida (0.0271),mascavo (0.0279)
6948,latino (0.0293),alarde (0.0304),implacáveis (0.0252),representações (0.0271),médios (0.0279)
6949,moderação (0.0293),errada (0.0304),admirável (0.0252),útil (0.0271),moto (0.0279)
6950,mastiga (0.0293),lógica (0.0304),carregarei (0.0252),igualitária (0.0271),nascerem (0.0279)
6951,limpar (0.0293),65 (0.0304),inusitado (0.0252),registro (0.0271),frita (0.0279)
6952,precisasse (0.0293),cercando (0.0304),ametista (0.0252),resistiram (0.0271),frestas (0.0279)
6953,molhados (0.0293),ajustes (0.0304),despercebidos (0.0252),reggae (0.0271),fluíam (0.0279)
6954,motriz (0.0293),cereais (0.0304),riquíssima (0.0252),halo (0.0271),penetra (0.0279)
6955,partido (0.0293),sessões (0.0304),garoto (0.0252),ilustração (0.0271),criatura (0.0279)
6956,litros (0.0293),normalidade (0.0304),fivela (0.0252),respeitem (0.0271),comerciantes (0.0279)
6957,ligações (0.0293),reimaginadas (0.0304),respondo (0.0252),respeitosas (0.0271),criavam (0.0279)
6958,mentir (0.0293),reina (0.0304),aceito (0.0252),imediata (0.0271),desalinhado (0.0279)
6959,mané (0.0293),reinava (0.0304),oriunda (0.0252),corto (0.0271),espelham (0.0279)
6960,mera (0.0293),equidade (0.0304),perene (0.0252),cospe (0.0271),solidez (0.0279)
6961,mexem (0.0293),vitais (0.0304),ente (0.0252),arada (0.0271),elis (0.0279)
6962,murchar (0.0293),equestres (0.0304),ambição (0.0252),riacho (0.0271),descascar (0.0279)
6963,ofuscar (0.0293),reinterprete (0.0304),agrícola (0.0252),aquecer (0.0271),prioridade (0.0279)
6964,preconceituosas (0.0293),corinthians (0.0304),apresentando (0.0252),anseios (0.0271),sentiram (0.0279)
6965,observe (0.0293),refira (0.0304),risco (0.0252),silenciosamente (0.0271),amá (0.0279)
6966,limparam (0.0293),corretos (0.0304),imaginária (0.0252),folgada (0.0271),fábrica (0.0279)
6967,jô (0.0293),chaves (0.0304),determinados (0.0252),simpático (0.0271),admiráveis (0.0279)
6968,jura (0.0293),espirituosos (0.0304),brava (0.0252),extroversão (0.0271),embalou (0.0279)
6969,50 (0.0290),esporádica (0.0304),mastigar (0.0252),deixara (0.0271),inigualáveis (0.0279)
6970,tecelagem (0.0290),reconhecível (0.0304),plantado (0.0252),ausência (0.0271),admira (0.0279)
6971,habilidade (0.0289),linguagens (0.0304),naquilo (0.0252),deixá (0.0271),escalar (0.0279)
6972,símbolos (0.0287),esportiva (0.0304),estereotipar (0.0252),explícito (0.0271),goles (0.0279)
6973,impiedoso (0.0284),reconheçam (0.0304),pulmões (0.0252),experimental (0.0271),sonharam (0.0279)
6974,desaprender (0.0284),cascudo (0.0304),reconecta (0.0252),indústria (0.0271),encara (0.0279)
6975,espalharam (0.0284),casei (0.0304),focada (0.0252),expandir (0.0271),amamenta (0.0279)
6976,impossíveis (0.0284),reconstrói (0.0304),despojada (0.0252),demonstrado (0.0271),embalada (0.0279)
6977,cativavam (0.0284),espiritualidades (0.0304),sexualidade (0.0252),tentava (0.0271),automático (0.0279)
6978,ache (0.0284),esporádicas (0.0304),interseção (0.0252),evidência (0.0271),playlists (0.0279)
6979,respeitável (0.0284),vinícola (0.0304),ônix (0.0252),tesouros (0.0271),autoestima (0.0279)
6980,agropecuária (0.0284),espinhoso (0.0304),descendência (0.0252),testemunharam (0.0271),afirmando (0.0279)
6981,perde (0.0284),participações (0.0304),inteligente (0.0252),desafiadoras (0.0271),sonhava (0.0279)
6982,respirando (0.0284),lisinha (0.0304),estilos (0.0251),aguentam (0.0271),plenitude (0.0279)
6983,preços (0.0284),espessura (0.0304),valores (0.0250),tiro (0.0271),conquistadas (0.0279)
6984,aceitando (0.0284),cosmopolitas (0.0304),verdes (0.0250),desarmar (0.0271),comidinha (0.0279)
6985,pragas (0.0284),castigador (0.0304),expostas (0.0248),descalças (0.0271),descansam (0.0279)
6986,interações (0.0284),recordada (0.0304),cravar (0.0248),conquistado (0.0271),bando (0.0279)
6987,engolido (0.0284),nicoletta (0.0304),artístico (0.0248),descoloridas (0.0271),informação (0.0279)
6988,integração (0.0284),vinculadas (0.0304),partilha (0.0248),desconhecido (0.0271),narina (0.0279)
6989,período (0.0284),serraria (0.0304),perdeu (0.0248),definia (0.0271),buscaram (0.0279)
6990,integrada (0.0284),esquema (0.0304),influenciando (0.0248),alternativas (0.0271),alvorecer (0.0279)
6991,parafusos (0.0284),seringueiro (0.0304),cantou (0.0248),razoável (0.0271),rabisco (0.0279)
6992,oficinas (0.0284),reconciliar (0.0304),aproximava (0.0248),sororidade (0.0271),sobrevivi (0.0279)
6993,resolve (0.0284),esquisitices (0.0304),secreta (0.0248),anedota (0.0271),grelhado (0.0279)
6994,cabeças (0.0284),cartunescos (0.0304),reflexiva (0.0248),recebi (0.0271),entrava (0.0279)
6995,animados (0.0284),reconectar (0.0304),nesta (0.0248),sisudo (0.0271),entranhas (0.0279)
6996,regados (0.0284),country (0.0304),intensifica (0.0248),inclusive (0.0271),inesquecíveis (0.0279)
6997,handmade (0.0284),esquentando (0.0304),teceram (0.0248),florescem (0.0271),garantem (0.0279)
6998,descascar (0.0284),limite (0.0304),represente (0.0248),barco (0.0271),cristão (0.0279)
6999,admira (0.0284),coxear (0.0304),estiagens (0.0248),ampara (0.0271),tailleur (0.0279)
7000,aipim (0.0284),casco (0.0304),torrencial (0.0248),solitária (0.0271),acordar (0.0279)
7001,reforçam (0.0284),esquecendo (0.0304),sorrindo (0.0248),ameno (0.0271),caladas (0.0279)
7002,lições (0.0284),casal (0.0304),usei (0.0248),consoantes (0.0271),límpido (0.0279)
7003,avoada (0.0284),passageiros (0.0304),seguras (0.0248),falada (0.0271),semelhantes (0.0279)
7004,evidenciadas (0.0284),espremido (0.0304),enfiar (0.0248),façam (0.0271),envergonha (0.0279)
7005,faltam (0.0284),passageiro (0.0304),ganhavam (0.0248),debater (0.0271),movida (0.0279)
7006,andiroba (0.0284),espremendo (0.0304),fabricadas (0.0248),fatos (0.0271),acontecem (0.0279)
7007,inesquecíveis (0.0284),teimavam (0.0304),protesto (0.0248),atualizado (0.0271),escritas (0.0279)
7008,automático (0.0284),alongavam (0.0304),convicta (0.0248),sumindo (0.0271),interações (0.0279)
7009,ancoram (0.0284),nervosamente (0.0304),instala (0.0248),amada (0.0271),lê (0.0279)
7010,amá (0.0284),litorâneo (0.0304),divide (0.0248),suportar (0.0271),fofoca (0.0279)
7011,revisora (0.0284),servido (0.0304),breve (0.0248),surgir (0.0271),retraída (0.0279)
7012,esgota (0.0284),septum (0.0304),encontram (0.0248),surgiu (0.0271),gritante (0.0279)
7013,autoestima (0.0284),causados (0.0304),amado (0.0248),customizada (0.0271),fluída (0.0279)
7014,chamas (0.0284),corriqueiro (0.0304),encontravam (0.0248),caçula (0.0271),preços (0.0279)
7015,amplitude (0.0284),esgravata (0.0304),inspirando (0.0248),negócios (0.0271),avoada (0.0279)
7016,playlists (0.0284),corrijo (0.0304),riquezas (0.0248),cavalos (0.0271),conseguiram (0.0279)
7017,persistir (0.0284),37 (0.0304),impressionante (0.0248),bucólica (0.0271),efervescência (0.0279)
7018,doméstica (0.0284),caval (0.0304),adicionam (0.0248),paleta (0.0271),receptiva (0.0279)
7019,enrijecidos (0.0284),esfrega (0.0304),observo (0.0248),pernambucana (0.0271),amapá (0.0279)
7020,andando (0.0284),esforçando (0.0304),grudar (0.0248),clarice (0.0271),nazaré (0.0279)
7021,situa (0.0284),reduzi (0.0304),grãos (0.0248),perseverante (0.0271),comendo (0.0279)
7022,prevalece (0.0284),alimentavam (0.0304),madrugada (0.0248),persistem (0.0271),dependesse (0.0279)
7023,traindo (0.0284),reduzidos (0.0304),nadar (0.0248),montanha (0.0271),fragilidades (0.0279)
7024,plenitude (0.0284),reencontrei (0.0304),questionamentos (0.0248),manguezais (0.0271),enchente (0.0279)
7025,teimando (0.0284),parasse (0.0304),jericoacoara (0.0248),preciosa (0.0271),resultados (0.0279)
7026,escutava (0.0284),aliados (0.0304),sentem (0.0248),paulistanas (0.0271),andando (0.0279)
7027,televisão (0.0284),referindo (0.0304),espiral (0.0248),lispector (0.0271),nega (0.0279)
7028,zyan (0.0284),caídos (0.0304),populações (0.0248),compartimentos (0.0271),cabeças (0.0279)
7029,inevitavelmente (0.0284),escritor (0.0304),choro (0.0248),perguntar (0.0271),nego (0.0279)
7030,regina (0.0284),virem (0.0304),armadura (0.0248),pesada (0.0271),reclama (0.0279)
7031,skinny (0.0284),londres (0.0304),esporte (0.0248),marginalização (0.0271),turbulento (0.0279)
7032,respeitava (0.0284),virado (0.0304),franja (0.0248),caxias (0.0271),fortaleceram (0.0279)
7033,interessam (0.0284),alinhavam (0.0304),calçado (0.0248),lagoa (0.0271),cabia (0.0279)
7034,avassaladora (0.0284),especialização (0.0304),formar (0.0248),chiado (0.0271),matemática (0.0279)
7035,andava (0.0284),recriar (0.0304),cativa (0.0248),binarismo (0.0271),machistas (0.0279)
7036,farol (0.0284),catarinenses (0.0304),esperavam (0.0248),calmas (0.0271),eficiência (0.0279)
7037,mitológica (0.0284),especulações (0.0304),alegra (0.0248),lampião (0.0271),perdoar (0.0279)
7038,ossatura (0.0284),alinhava (0.0304),abelha (0.0248),começou (0.0271),museus (0.0279)
7039,desbotou (0.0284),parreirais (0.0304),inesgotável (0.0248),pirenópolis (0.0271),válidas (0.0279)
7040,intacta (0.0284),espectros (0.0304),centelha (0.0248),parecida (0.0271),assola (0.0279)
7041,batalhadoras (0.0284),especificidade (0.0304),sugerir (0.0248),menores (0.0271),castigado (0.0279)
7042,banquetes (0.0284),lixando (0.0304),regular (0.0248),perfumando (0.0271),cyberpunk (0.0279)
7043,trouxeram (0.0284),parlendas (0.0304),lampejo (0.0248),carros (0.0271),desertos (0.0279)
7044,ondulações (0.0284),espacinho (0.0304),transpirava (0.0248),batidas (0.0271),extrai (0.0279)
7045,stars (0.0284),esparsas (0.0304),associadas (0.0248),machista (0.0271),apertam (0.0279)
7046,explode (0.0284),espantar (0.0304),complementava (0.0248),nasalado (0.0271),persistir (0.0279)
7047,embalou (0.0284),cortante (0.0304),fortaleço (0.0248),jeitos (0.0271),organizado (0.0279)
7048,orixás (0.0284),recíproco (0.0304),grampos (0.0248),mostrou (0.0271),abraçavam (0.0279)
7049,bando (0.0284),loft (0.0304),contador (0.0248),percebida (0.0271),organizações (0.0279)
7050,exploração (0.0284),redatora (0.0304),adunco (0.0248),mútuo (0.0271),vence (0.0279)
7051,condensado (0.0284),uau (0.0304),fotos (0.0248),múltiplo (0.0271),preguiçosas (0.0279)
7052,ambivalência (0.0284),loirinhos (0.0304),usadas (0.0248),caudalosos (0.0271),desertas (0.0279)
7053,imensos (0.0284),sólidas (0.0304),apertar (0.0248),maxi (0.0271),hesita (0.0279)
7054,emboladas (0.0284),depreciativo (0.0304),compradas (0.0248),madeixas (0.0271),hesitações (0.0279)
7055,celebramos (0.0284),nativista (0.0304),iluminando (0.0248),pentear (0.0271),abordando (0.0279)
7056,rompendo (0.0284),chunky (0.0304),turbulentas (0.0248),celebro (0.0271),sola (0.0279)
7057,ribeirinhos (0.0284),novembro (0.0304),encaixe (0.0248),colagens (0.0271),aborda (0.0279)
7058,eficiência (0.0284),narrativo (0.0304),desejos (0.0248),lóbulo (0.0271),estarei (0.0279)
7059,conformidade (0.0284),surpreso (0.0304),fones (0.0248),comportar (0.0271),sabão (0.0279)
7060,acordar (0.0284),mansamente (0.0304),quebram (0.0248),presas (0.0271),tentou (0.0279)
7061,alternativa (0.0284),enganadora (0.0304),comunicava (0.0248),cantadas (0.0271),reluzente (0.0279)
7062,nobreza (0.0284),encenação (0.0304),real (0.0248),jana (0.0271),preferidos (0.0279)
7063,alicerces (0.0284),agachada (0.0304),expressivas (0.0245),luva (0.0271),ribeirinhos (0.0279)
7064,ignoro (0.0284),circulam (0.0304),encontrado (0.0245),preparado (0.0271),stars (0.0279)
7065,elis (0.0284),engatinha (0.0304),notava (0.0245),oxidada (0.0271),mescladas (0.0279)
7066,exigir (0.0284),rendia (0.0304),pensam (0.0245),bebia (0.0271),opressões (0.0279)
7067,existam (0.0284),engessados (0.0304),desvendar (0.0245),comprei (0.0271),abrindo (0.0279)
7068,brandas (0.0284),abastada (0.0304),passarinho (0.0245),performance (0.0271),ardor (0.0279)
7069,existiam (0.0284),engolfou (0.0304),considerados (0.0245),potes (0.0271),cercavam (0.0279)
7070,baseados (0.0284),renunciar (0.0304),moço (0.0245),narrar (0.0271),faltam (0.0279)
7071,preconceituosa (0.0284),engolidas (0.0304),injusta (0.0245),poderosas (0.0271),possuo (0.0279)
7072,cupuaçu (0.0284),cisnormativo (0.0304),casos (0.0245),notícias (0.0271),aipim (0.0279)
7073,construía (0.0284),senis (0.0304),pronunciar (0.0245),mantidos (0.0271),preparação (0.0279)
7074,publicações (0.0284),noturnas (0.0304),orgulhar (0.0245),lembre (0.0271),acabado (0.0279)
7075,souberam (0.0284),mantenha (0.0304),aspirações (0.0245),cajus (0.0271),limito (0.0279)
7076,ria (0.0284),enjoar (0.0304),central (0.0245),lavradores (0.0271),coaxar (0.0279)
7077,cumprido (0.0284),agressivos (0.0304),interrompida (0.0245),observações (0.0271),perpetua (0.0279)
7078,opaca (0.0284),agressões (0.0304),alívio (0.0245),carismático (0.0271),limitam (0.0279)
7079,acumulam (0.0284),surpresas (0.0304),cumprem (0.0245),cintilar (0.0271),imagina (0.0279)
7080,enfeitada (0.0284),ciúmes (0.0304),vigor (0.0245),chapinha (0.0271),apegado (0.0279)
7081,tentarei (0.0284),noticiário (0.0304),explora (0.0245),charmosa (0.0271),conduz (0.0279)
7082,ilegal (0.0284),curado (0.0304),explosão (0.0245),julgadores (0.0266),descreve (0.0279)
7083,experimentei (0.0284),cubo (0.0304),prosperar (0.0245),preferem (0.0266),comprimento (0.0279)
7084,consultoria (0.0284),chês (0.0304),reflexão (0.0245),devia (0.0266),jatobá (0.0279)
7085,inserção (0.0284),enormes (0.0304),ordem (0.0245),maldosos (0.0266),terna (0.0279)
7086,concentrar (0.0284),culminou (0.0304),numerosa (0.0245),herdando (0.0266),arquiteto (0.0279)
7087,enfiado (0.0284),manifeste (0.0304),artesãs (0.0245),mastigar (0.0266),sincretismo (0.0279)
7088,engajados (0.0284),sela (0.0304),agradece (0.0245),ocupava (0.0266),alicerces (0.0279)
7089,honestamente (0.0284),encontrá (0.0304),resistiu (0.0245),perene (0.0266),voltados (0.0279)
7090,tentou (0.0284),manifestou (0.0304),sobreposto (0.0245),malfeito (0.0266),subterrâneo (0.0279)
7091,esperado (0.0284),agitadas (0.0304),aventureira (0.0245),sábados (0.0266),clichês (0.0279)
7092,opressões (0.0284),repensar (0.0304),aguenta (0.0245),contribuindo (0.0266),contagiosos (0.0279)
7093,dócil (0.0284),ciclismo (0.0304),particularidades (0.0245),falecida (0.0266),desdentado (0.0279)
7094,reformas (0.0284),siamesas (0.0304),repouso (0.0245),raros (0.0266),tentarei (0.0279)
7095,aderia (0.0284),cici (0.0304),gaúchas (0.0245),fita (0.0266),ensolarada (0.0279)
7096,amassado (0.0284),suspensa (0.0304),cobertos (0.0245),fixo (0.0266),exaustiva (0.0279)
7097,passeios (0.0284),seis (0.0304),amoroso (0.0245),tentativas (0.0266),contidos (0.0279)
7098,maravilhosas (0.0284),novidade (0.0304),evolução (0.0245),abertas (0.0266),55 (0.0279)
7099,perfumes (0.0284),cicatrizados (0.0304),cantado (0.0245),libertador (0.0266),página (0.0279)
7100,tranquilas (0.0284),enfraquecido (0.0304),revelaria (0.0245),salpicava (0.0266),pagar (0.0279)
7101,açafrão (0.0284),cicatriza (0.0304),comer (0.0245),salientes (0.0266),hostilidade (0.0279)
7102,modernidades (0.0284),agenda (0.0304),plural (0.0245),falham (0.0266),desenrolarem (0.0279)
7103,tramas (0.0284),encontraria (0.0304),cicinho (0.0245),confio (0.0266),solidária (0.0279)
7104,vivencio (0.0284),oásis (0.0304),compreensivo (0.0245),ametista (0.0266),concebida (0.0279)
7105,hesitação (0.0284),repetidamente (0.0304),fundem (0.0245),incerteza (0.0266),evidenciadas (0.0279)
7106,azedo (0.0284),viés (0.0304),pesam (0.0245),ruim (0.0266),seguiu (0.0279)
7107,pintei (0.0284),significam (0.0304),andrógina (0.0245),determinados (0.0266),estrondo (0.0279)
7108,acompanhadas (0.0284),encolher (0.0304),estudar (0.0245),incidência (0.0266),bobo (0.0279)
7109,perdoar (0.0284),enfoque (0.0304),transportam (0.0245),jaborandi (0.0266),legítimo (0.0279)
7110,espiritualizada (0.0284),nacionais (0.0304),compartilhado (0.0245),logística (0.0266),últimas (0.0279)
7111,amapá (0.0284),viço (0.0304),apertada (0.0245),brotava (0.0266),discuto (0.0279)
7112,insinuando (0.0284),manquejar (0.0304),frenética (0.0245),transbordava (0.0266),repousam (0.0279)
7113,resgato (0.0284),novinho (0.0304),esvoaça (0.0245),ente (0.0266),estudiosa (0.0279)
7114,carinhosamente (0.0284),surpreendentemente (0.0304),sentiu (0.0245),soltando (0.0266),englobar (0.0279)
7115,imitar (0.0284),notei (0.0304),trabalham (0.0245),aceito (0.0266),19 (0.0279)
7116,parcela (0.0284),voltavam (0.0304),prendê (0.0245),permeada (0.0266),aprimorar (0.0279)
7117,alunas (0.0284),enrugavam (0.0304),netas (0.0245),saboroso (0.0266),15 (0.0279)
7118,alvorecer (0.0284),chiados (0.0304),linguajar (0.0245),garoto (0.0266),precede (0.0279)
7119,concedido (0.0284),empoeirada (0.0304),durabilidade (0.0245),manchados (0.0266),estático (0.0279)
7120,concederam (0.0284),natação (0.0304),vencer (0.0245),visito (0.0266),preconceituosa (0.0279)
7121,sujo (0.0284),afiando (0.0304),josé (0.0245),vindos (0.0266),oxalá (0.0279)
7122,dependem (0.0284),mamãe (0.0304),acender (0.0245),evita (0.0266),riscados (0.0279)
7123,concebidas (0.0284),maquinário (0.0304),sorridente (0.0245),frustrações (0.0266),chico (0.0279)
7124,exaustiva (0.0284),seguintes (0.0304),molhado (0.0245),formou (0.0266),remo (0.0279)
7125,pálpebra (0.0284),claudinha (0.0304),deságua (0.0245),educadora (0.0266),chapadão (0.0279)
7126,prioridade (0.0284),remetam (0.0304),rabinhos (0.0245),informática (0.0266),mesclavam (0.0279)
7127,amamenta (0.0284),sítios (0.0304),lados (0.0245),conviveu (0.0266),vivencio (0.0279)
7128,derivar (0.0284),empada (0.0304),adequado (0.0245),singulares (0.0266),militares (0.0279)
7129,adequar (0.0284),maratona (0.0304),desenvolvimento (0.0245),entra (0.0266),charuto (0.0279)
7130,turbulento (0.0284),enquadrado (0.0304),avental (0.0245),fofocas (0.0266),período (0.0279)
7131,emociono (0.0284),supostamente (0.0304),preparam (0.0245),urubus (0.0266),renascer (0.0279)
7132,responder (0.0284),maravilhar (0.0304),coleciono (0.0245),desabrochando (0.0266),chef (0.0279)
7133,acariciam (0.0284),climas (0.0304),apaixonada (0.0245),entregam (0.0266),abarca (0.0279)
7134,despercebido (0.0284),contrastou (0.0304),honesto (0.0244),caatingas (0.0266),júlio (0.0279)
7135,preparou (0.0284),clube (0.0304),puxados (0.0244),lutei (0.0266),mestiço (0.0279)
7136,serviram (0.0284),palito (0.0304),limpas (0.0243),motiva (0.0266),craquelava (0.0279)
7137,discuto (0.0284),clubes (0.0304),mista (0.0242),desisto (0.0266),exigiria (0.0279)
7138,preparação (0.0284),maldade (0.0304),colonial (0.0242),ornava (0.0266),diversificado (0.0279)
7139,garantem (0.0284),mídias (0.0304),assado (0.0242),queimadas (0.0266),representem (0.0279)
7140,dançava (0.0284),outubro (0.0304),julgamento (0.0242),medalhas (0.0266),velocidade (0.0279)
7141,abarca (0.0284),relho (0.0304),centros (0.0242),percebem (0.0266),exibiam (0.0279)
7142,dançaram (0.0284),marcadores (0.0304),arqueados (0.0242),conheça (0.0266),arados (0.0279)
7143,possuo (0.0284),maquiada (0.0304),interage (0.0242),inquestionável (0.0266),contraponto (0.0279)
7144,recontadas (0.0284),conversavam (0.0304),encantadora (0.0242),carisma (0.0266),decide (0.0279)
7145,irônica (0.0284),móveis (0.0304),escorrer (0.0242),contudo (0.0266),exclusão (0.0279)
7146,conseguimos (0.0284),surpreenda (0.0304),rastas (0.0242),severo (0.0266),contraem (0.0279)
7147,estrangeiro (0.0284),renascidas (0.0304),amarelado (0.0242),pensamento (0.0266),sucedida (0.0279)
7148,flutuar (0.0284),contundência (0.0304),tornar (0.0242),fluir (0.0266),abraçado (0.0279)
7149,aprimorar (0.0284),contrários (0.0304),considerar (0.0242),descomplicado (0.0266),construía (0.0279)
7150,coleção (0.0284),chocando (0.0304),mesclado (0.0242),entenderam (0.0266),salve (0.0279)
7151,despontando (0.0284),clareada (0.0304),cuidam (0.0242),inegáveis (0.0266),irônica (0.0279)
7152,entrando (0.0284),ícones (0.0304),marcavam (0.0242),conserto (0.0266),suga (0.0279)
7153,lápis (0.0284),clarearam (0.0304),militante (0.0242),tocantins (0.0266),reforçam (0.0279)
7154,fluíam (0.0284),represa (0.0304),justamente (0.0242),mídia (0.0266),crepuscular (0.0279)
7155,fluída (0.0284),clareiam (0.0304),signifique (0.0242),matizes (0.0266),passeios (0.0279)
7156,repetir (0.0284),encabulado (0.0304),biotipo (0.0242),ouvia (0.0266),mocidade (0.0279)
7157,garimpeiros (0.0284),surpreendam (0.0304),vencida (0.0242),inesperado (0.0266),preparou (0.0279)
7158,disfarçá (0.0284),chocam (0.0304),lgbtqiapn (0.0242),falamos (0.0266),ofícios (0.0279)
7159,inchados (0.0284),enraizados (0.0304),graciosamente (0.0242),agrícola (0.0266),doses (0.0279)
7160,convivendo (0.0284),agronomia (0.0304),luminosidade (0.0242),cobrindo (0.0266),impactam (0.0279)
7161,escalar (0.0284),representasse (0.0304),promovem (0.0242),melhorar (0.0266),endurecida (0.0279)
7162,entes (0.0284),empreendedorismo (0.0304),cabeludo (0.0242),comportamentos (0.0266),positiva (0.0279)
7163,chuvosa (0.0284),cristãs (0.0304),volumosa (0.0242),parques (0.0266),farol (0.0279)
7164,esbranquiçada (0.0284),empolga (0.0304),berço (0.0242),penetrar (0.0266),pesquisas (0.0279)
7165,assombram (0.0284),enriquecia (0.0304),transbordar (0.0242),abundantes (0.0266),lisas (0.0279)
7166,coloniais (0.0284),classicismo (0.0304),dado (0.0242),adaptada (0.0266),voluntário (0.0279)
7167,agronegócio (0.0284),enrola (0.0304),cresce (0.0242),servia (0.0266),espiritualizada (0.0279)
7168,estático (0.0284),agropecuário (0.0304),caber (0.0242),apresentando (0.0266),oferendas (0.0279)
7169,convidam (0.0284),natalinas (0.0304),pausas (0.0242),morada (0.0266),rápidas (0.0279)
7170,deslizando (0.0284),abaulado (0.0304),diziam (0.0242),favorito (0.0266),entediado (0.0279)
7171,gaveta (0.0284),enrolação (0.0304),superações (0.0242),intermináveis (0.0266),testemunhara (0.0279)
7172,gatos (0.0284),aficionada (0.0304),tentavam (0.0242),pesar (0.0266),regina (0.0279)
7173,afluentes (0.0284),brilhavam (0.0304),temperado (0.0242),reflexivo (0.0266),imensos (0.0279)
7174,gata (0.0284),sagrados (0.0304),fisionomia (0.0242),venceu (0.0266),dominguinhos (0.0279)
7175,floreios (0.0284),volumosos (0.0303),foge (0.0242),aranha (0.0266),queria (0.0279)
7176,índia (0.0284),agilidade (0.0302),envolvem (0.0242),carvalho (0.0266),sexismo (0.0279)
7177,estática (0.0284),argolas (0.0301),dependerá (0.0242),plantado (0.0266),imitar (0.0279)
7178,torresmo (0.0284),repente (0.0301),formiga (0.0242),fenda (0.0266),severa (0.0279)
7179,florescia (0.0284),injustiça (0.0301),moram (0.0242),revele (0.0266),imaginários (0.0279)
7180,narrando (0.0284),salvador (0.0301),aguento (0.0242),dom (0.0266),regados (0.0279)
7181,sobrinhas (0.0284),guaraná (0.0301),fortaleceu (0.0242),ereto (0.0266),compreendidas (0.0279)
7182,entrava (0.0284),grito (0.0301),limitantes (0.0242),traçavam (0.0266),felizes (0.0279)
7183,campinas (0.0284),escorre (0.0301),costume (0.0242),conferem (0.0266),reforça (0.0279)
7184,conquistou (0.0284),baião (0.0301),descrito (0.0242),passava (0.0266),cativavam (0.0279)
7185,dever (0.0284),brinca (0.0300),menor (0.0242),transmitidas (0.0266),aracy (0.0278)
7186,óbvio (0.0284),cascata (0.0300),etiquetas (0.0242),calçada (0.0266),parda (0.0274)
7187,fronteira (0.0284),tinta (0.0300),catar (0.0242),áfrica (0.0266),salpicadas (0.0274)
7188,observados (0.0284),pantanal (0.0298),pilares (0.0242),transporta (0.0266),generosas (0.0273)
7189,bobo (0.0284),trançados (0.0298),leio (0.0242),impactante (0.0266),estudei (0.0273)
7190,estreito (0.0284),baiana (0.0298),choque (0.0242),brava (0.0266),amarradas (0.0273)
7191,frita (0.0284),perfeitos (0.0297),perderam (0.0242),rodeio (0.0266),mínimo (0.0273)
7192,coberta (0.0284),juba (0.0296),expressavam (0.0242),engenho (0.0266),manuseava (0.0273)
7193,cobalto (0.0284),grafites (0.0295),construções (0.0242),contanto (0.0266),legal (0.0273)
7194,arquiteto (0.0284),brasilidade (0.0293),ficou (0.0240),carvão (0.0266),contrapõe (0.0273)
7195,devemos (0.0284),semente (0.0292),grudam (0.0240),labirinto (0.0266),plantavam (0.0273)
7196,recantos (0.0284),folhas (0.0292),rádio (0.0240),concentração (0.0266),intrínsecas (0.0273)
7197,fábrica (0.0284),definições (0.0292),antepassado (0.0240),riquíssima (0.0266),bronzear (0.0273)
7198,portugal (0.0284),pousar (0.0290),cansa (0.0240),acessível (0.0266),idiomáticas (0.0273)
7199,preguiçoso (0.0284),troquei (0.0290),usada (0.0240),implacáveis (0.0266),apagou (0.0273)
7200,mestiço (0.0284),atuação (0.0290),produto (0.0240),explica (0.0266),setenta (0.0273)
7201,saiu (0.0284),cítricas (0.0290),coube (0.0240),gramática (0.0266),entidades (0.0273)
7202,sofrendo (0.0284),corcunda (0.0290),consequência (0.0240),interseção (0.0266),enquadrada (0.0273)
7203,recebeu (0.0284),astrofísica (0.0290),gritar (0.0240),resquício (0.0266),curitiba (0.0273)
7204,matemática (0.0284),him (0.0290),brilharem (0.0240),respondo (0.0266),intuição (0.0273)
7205,minuto (0.0284),açoita (0.0290),aceita (0.0240),regadas (0.0266),acaricio (0.0273)
7206,limitam (0.0284),imitam (0.0290),gratidão (0.0240),talhada (0.0266),pisa (0.0273)
7207,15 (0.0284),rédea (0.0290),aprendidas (0.0240),captar (0.0266),assolam (0.0273)
7208,incontestável (0.0284),tristes (0.0290),combinados (0.0240),episódio (0.0266),auxiliar (0.0273)
7209,reclama (0.0284),herdeiras (0.0290),encanto (0.0240),transição (0.0266),xilogravuras (0.0273)
7210,fortalecida (0.0284),senta (0.0290),justas (0.0240),começaram (0.0266),cambaleante (0.0273)
7211,fortaleceram (0.0284),singularidades (0.0290),funk (0.0240),inacabada (0.0266),mina (0.0273)
7212,incomodada (0.0284),criaturas (0.0290),gesticula (0.0240),imaginária (0.0266),abençoada (0.0273)
7213,incomodarem (0.0284),imerso (0.0290),histórica (0.0240),caseiros (0.0266),quantidade (0.0273)
7214,terrenos (0.0284),associado (0.0290),despachado (0.0240),inventaram (0.0266),ímpar (0.0273)
7215,tornavam (0.0284),her (0.0290),pilar (0.0240),charutos (0.0266),traçando (0.0273)
7216,folhagens (0.0284),guarujá (0.0290),adulta (0.0240),desenhadas (0.0266),mostraram (0.0273)
7217,enérgica (0.0284),idades (0.0290),sentimento (0.0240),harmonizava (0.0266),procurar (0.0273)
7218,percebo (0.0284),coxilhas (0.0290),57 (0.0240),reconecta (0.0266),deslizava (0.0273)
7219,joga (0.0284),bailes (0.0290),astro (0.0240),sugerem (0.0266),socioeconômica (0.0273)
7220,sabemos (0.0284),serenas (0.0290),casado (0.0240),fascina (0.0266),genes (0.0273)
7221,conseguiram (0.0284),sinuoso (0.0290),notar (0.0240),pertences (0.0266),assada (0.0273)
7222,pagar (0.0284),coubesse (0.0290),ruivos (0.0240),afetuoso (0.0266),superadas (0.0273)
7223,cisnormatividade (0.0284),in (0.0290),produção (0.0240),mudei (0.0266),mútua (0.0273)
7224,jaciara (0.0284),imperceptivelmente (0.0290),fenótipos (0.0240),relaciona (0.0266),adjetivos (0.0273)
7225,valorizava (0.0284),contrastantes (0.0290),vizinha (0.0240),suma (0.0266),fundia (0.0273)
7226,positiva (0.0284),defini (0.0290),todes (0.0240),famoso (0.0266),retratar (0.0273)
7227,arrumadas (0.0284),assumir (0.0290),cano (0.0240),armado (0.0266),costurou (0.0273)
7228,formatos (0.0284),aventureiro (0.0290),animação (0.0240),poesias (0.0263),vêm (0.0273)
7229,adquiriu (0.0284),curvando (0.0290),lu (0.0240),casamentos (0.0263),funerais (0.0273)
7230,calosidade (0.0284),hesitam (0.0290),importe (0.0238),básica (0.0263),parente (0.0273)
7231,envolto (0.0284),trilhados (0.0290),abandonar (0.0238),errar (0.0263),perdia (0.0273)
7232,forrós (0.0284),contrato (0.0290),proporciona (0.0238),autônoma (0.0263),igarassu (0.0273)
7233,vovó (0.0284),salão (0.0290),tornando (0.0238),adicionam (0.0263),desaforo (0.0273)
7234,soltar (0.0284),conservar (0.0290),pergunta (0.0238),refletidas (0.0263),chapéus (0.0273)
7235,improviso (0.0284),contrabalançada (0.0290),revolto (0.0238),contemporaneidade (0.0263),plataformas (0.0273)
7236,entendemos (0.0284),assustada (0.0290),escape (0.0238),desenhando (0.0263),filtros (0.0273)
7237,propositalmente (0.0284),impede (0.0290),exibindo (0.0238),chegaram (0.0263),enfrentado (0.0273)
7238,agradam (0.0284),cênicas (0.0290),abrasador (0.0238),arde (0.0263),calçando (0.0273)
7239,começava (0.0284),cordial (0.0290),tendo (0.0238),cansativo (0.0263),somem (0.0273)
7240,abraçada (0.0284),tropeçando (0.0290),dada (0.0238),influenciando (0.0263),unia (0.0273)
7241,planícies (0.0284),cursei (0.0290),incluem (0.0238),tilintavam (0.0263),reparos (0.0273)
7242,volto (0.0284),setores (0.0290),última (0.0238),cobra (0.0263),cafeteira (0.0273)
7243,lutem (0.0284),implícita (0.0290),ativo (0.0238),desabrocha (0.0263),estratégicos (0.0273)
7244,mescladas (0.0284),cozinhava (0.0290),transbordam (0.0238),absolutamente (0.0263),afasta (0.0273)
7245,impressionantes (0.0284),he (0.0290),dedicando (0.0238),sussurrados (0.0263),veja (0.0273)
7246,desenham (0.0284),she (0.0290),misturados (0.0238),envelhecida (0.0263),surrados (0.0273)
7247,representado (0.0284),sementinhas (0.0290),hábitos (0.0238),consegui (0.0263),gargantilha (0.0273)
7248,crepuscular (0.0284),cravam (0.0290),certas (0.0238),observo (0.0263),gênio (0.0273)
7249,descreve (0.0284),assentam (0.0290),transpareciam (0.0238),breve (0.0263),movimentavam (0.0273)
7250,saíam (0.0284),cortada (0.0290),encontrava (0.0238),forno (0.0263),apagados (0.0273)
7251,admiráveis (0.0284),seio (0.0290),diretamente (0.0238),imaginava (0.0263),incompleta (0.0273)
7252,enchentes (0.0284),constrangedoras (0.0290),palidez (0.0238),retratando (0.0263),lampejos (0.0273)
7253,considerado (0.0284),auxilia (0.0290),rente (0.0238),relacionamentos (0.0263),marcaram (0.0273)
7254,apagava (0.0284),senão (0.0290),digitais (0.0238),seguinte (0.0263),secar (0.0273)
7255,fervendo (0.0284),habitar (0.0290),amava (0.0238),estilosa (0.0263),compartilhamos (0.0273)
7256,desejar (0.0284),corrigir (0.0290),apropriado (0.0238),espessa (0.0263),parado (0.0273)
7257,agradecendo (0.0284),sobram (0.0290),apego (0.0238),igarapés (0.0263),rendo (0.0273)
7258,vence (0.0284),davina (0.0290),integral (0.0238),desconfortável (0.0263),gerou (0.0273)
7259,cheguei (0.0284),impulsionou (0.0290),instante (0.0238),tradicionalmente (0.0263),mantida (0.0273)
7260,preenchidas (0.0284),correrias (0.0290),sentimental (0.0238),traduzem (0.0263),individualidades (0.0273)
7261,acadêmico (0.0284),separando (0.0290),las (0.0238),encaixe (0.0263),paladar (0.0273)
7262,militares (0.0284),guie (0.0290),tênis (0.0238),castanha (0.0263),pastos (0.0273)
7263,anápolis (0.0284),trocado (0.0290),microagressões (0.0236),sair (0.0263),ufmg (0.0273)
7264,manhoso (0.0284),crepitar (0.0290),encontraram (0.0236),afetivas (0.0263),adulto (0.0273)
7265,imprevisíveis (0.0284),açude (0.0290),imprecisas (0.0236),sacola (0.0263),mexo (0.0273)
7266,enchente (0.0284),cresceram (0.0290),cheira (0.0236),nervosa (0.0263),àquela (0.0273)
7267,felizes (0.0284),ilustrando (0.0290),rusticidade (0.0236),reconstruir (0.0263),textos (0.0273)
7268,gostinho (0.0284),consistente (0.0290),étnica (0.0236),esperava (0.0263),equilibram (0.0273)
7269,árduas (0.0284),autorais (0.0290),estrategicamente (0.0236),sentado (0.0263),vinil (0.0273)
7270,cantadores (0.0284),separe (0.0290),partida (0.0236),variáveis (0.0263),prazeres (0.0273)
7271,goste (0.0284),considerariam (0.0290),impregnada (0.0236),personificada (0.0263),afeta (0.0273)
7272,esconda (0.0284),sobrepõem (0.0290),primeiro (0.0236),encontravam (0.0263),garantia (0.0273)
7273,desdobra (0.0284),declarações (0.0290),grão (0.0236),apresento (0.0263),ameaçador (0.0273)
7274,retraída (0.0284),pratique (0.0290),sonha (0.0236),vicente (0.0263),emolduar (0.0273)
7275,chico (0.0284),curiosas (0.0290),variadas (0.0236),ocupação (0.0263),programação (0.0273)
7276,invadia (0.0284),atleticano (0.0290),bode (0.0236),válvula (0.0263),cheirando (0.0273)
7277,organizado (0.0284),controle (0.0290),apurada (0.0236),encontram (0.0263),agradável (0.0273)
7278,combinar (0.0284),skate (0.0290),espalhada (0.0236),crescem (0.0263),predominantemente (0.0273)
7279,sobrevivi (0.0284),cordialidade (0.0290),inclinação (0.0236),personagens (0.0263),pertencesse (0.0273)
7280,subterrâneo (0.0284),atleta (0.0290),constrói (0.0236),incansavelmente (0.0263),fecho (0.0273)
7281,mesclavam (0.0284),posts (0.0290),organização (0.0236),esporte (0.0263),desvendado (0.0273)
7282,abraçá (0.0284),soar (0.0290),programador (0.0236),realizado (0.0263),abacaxi (0.0273)
7283,geográficas (0.0284),bah (0.0290),respeitam (0.0236),incorporando (0.0263),infinitos (0.0273)
7284,siamesa (0.0284),polir (0.0290),optar (0.0236),real (0.0263),ocupando (0.0273)
7285,precede (0.0284),sentiam (0.0290),enfim (0.0236),planos (0.0263),aventuro (0.0273)
7286,terem (0.0284),deixará (0.0290),esperteza (0.0236),poeirentas (0.0263),impacta (0.0273)
7287,meias (0.0284),bagunçá (0.0290),troca (0.0236),inesgotável (0.0263),manifestar (0.0273)
7288,oxalá (0.0284),cortei (0.0290),altiva (0.0236),unem (0.0263),goiaba (0.0273)
7289,esquentar (0.0284),podão (0.0290),bronzeadas (0.0236),frescuras (0.0263),mudo (0.0273)
7290,vastas (0.0284),segurei (0.0290),escrevendo (0.0236),escuridão (0.0263),questionando (0.0273)
7291,ataque (0.0284),contextualizada (0.0290),brincalhão (0.0236),imponência (0.0263),cabiam (0.0273)
7292,cangaço (0.0284),associa (0.0290),camisas (0.0236),escutam (0.0263),excessos (0.0273)
7293,voltados (0.0284),cruzeiro (0.0290),pigmentação (0.0236),enfiar (0.0263),trovão (0.0273)
7294,redonda (0.0284),sentidos (0.0290),acompanhar (0.0236),genuínos (0.0263),representativo (0.0273)
7295,contrapõem (0.0284),iluminação (0.0290),pior (0.0236),descrevem (0.0263),excelente (0.0273)
7296,comerciantes (0.0284),contemplando (0.0290),realçar (0.0236),rodeiam (0.0263),bonecas (0.0273)
7297,performances (0.0284),políticos (0.0290),ajudei (0.0236),juazeiros (0.0263),precisava (0.0273)
7298,abriam (0.0284),siga (0.0290),doloroso (0.0236),ondulada (0.0263),desfrutar (0.0273)
7299,comendo (0.0284),franze (0.0290),barra (0.0236),goianas (0.0263),patchouli (0.0273)
7300,empregada (0.0284),travo (0.0290),encanta (0.0236),funcionam (0.0263),marco (0.0273)
7301,girar (0.0284),engana (0.0290),pronunciava (0.0236),indicavam (0.0263),sentadas (0.0273)
7302,desenrolarem (0.0284),fascinou (0.0290),volumosos (0.0235),virão (0.0263),sólida (0.0273)
7303,graus (0.0284),fascinam (0.0290),cultivada (0.0234),choro (0.0263),impactantes (0.0273)
7304,quintais (0.0284),encontre (0.0290),incomoda (0.0234),ondulação (0.0263),planalto (0.0273)
7305,mês (0.0284),endurece (0.0290),termo (0.0234),kimono (0.0263),números (0.0273)
7306,divulgar (0.0284),tirem (0.0290),começavam (0.0234),nesta (0.0263),afirmo (0.0273)
7307,entenderem (0.0284),endurecidos (0.0290),teimosamente (0.0234),empreendedora (0.0263),livrar (0.0273)
7308,marginal (0.0284),endurecimento (0.0290),chorar (0.0234),pegou (0.0263),sereias (0.0273)
7309,quim (0.0284),reparo (0.0290),espetados (0.0234),usadas (0.0263),pincel (0.0273)
7310,dividir (0.0284),fandango (0.0290),criava (0.0234),feminista (0.0263),queimar (0.0273)
7311,chocalho (0.0284),enfeite (0.0290),cinzas (0.0234),alemão (0.0263),construímos (0.0273)
7312,apegada (0.0284),caimento (0.0290),religioso (0.0234),instala (0.0263),sarja (0.0273)
7313,graciosa (0.0284),caipiras (0.0290),canaviais (0.0234),cajueiros (0.0263),ligeira (0.0273)
7314,loiros (0.0283),tinto (0.0290),litorânea (0.0234),úmidos (0.0263),faces (0.0273)
7315,preta (0.0279),engajar (0.0290),arregaçadas (0.0234),mantenho (0.0263),anjo (0.0273)
7316,benção (0.0277),falaria (0.0290),foice (0.0234),inspirando (0.0263),falanges (0.0273)
7317,patchouli (0.0277),calço (0.0290),manifestam (0.0234),depender (0.0263),usaria (0.0273)
7318,merecido (0.0277),quis (0.0290),praticar (0.0234),comunicam (0.0263),dolorosa (0.0273)
7319,lareira (0.0277),engane (0.0290),outrora (0.0234),sês (0.0263),intensas (0.0273)
7320,categoria (0.0277),falado (0.0290),enfrentam (0.0234),suco (0.0263),arrancar (0.0273)
7321,voam (0.0277),engraçadas (0.0290),páginas (0.0234),balada (0.0263),linguísticas (0.0273)
7322,precisava (0.0277),cale (0.0290),paredes (0.0234),peculiaridades (0.0263),vende (0.0273)
7323,emolduar (0.0277),sutilezas (0.0290),sufoca (0.0234),eduarda (0.0263),gravata (0.0273)
7324,poeirentos (0.0277),exótico (0.0290),pores (0.0234),pérolas (0.0263),exóticas (0.0273)
7325,inconstante (0.0277),rachando (0.0290),potencialmente (0.0234),mudas (0.0263),verá (0.0273)
7326,pausa (0.0277),extremo (0.0290),capítulo (0.0234),pensa (0.0263),machucado (0.0273)
7327,teoria (0.0277),enriquecedora (0.0290),angústias (0.0234),canavial (0.0263),atrapalha (0.0273)
7328,meses (0.0277),raciais (0.0290),potente (0.0232),displicente (0.0263),grudados (0.0273)
7329,emoldurando (0.0277),calosidades (0.0290),conquistada (0.0232),maré (0.0263),culinárias (0.0273)
7330,parado (0.0277),calvície (0.0290),terno (0.0232),sofisticada (0.0263),astral (0.0273)
7331,imperturbável (0.0277),ensinados (0.0290),saudável (0.0232),comunicava (0.0263),ei (0.0273)
7332,definhar (0.0277),surrealismo (0.0290),iniciais (0.0232),expostas (0.0263),fortuna (0.0273)
7333,inadequada (0.0277),circundava (0.0290),aromas (0.0232),tendência (0.0263),burburinho (0.0273)
7334,estômago (0.0277),cisnormativa (0.0290),reta (0.0232),avistar (0.0263),imensas (0.0273)
7335,agitam (0.0277),cachorros (0.0290),atribuir (0.0232),davam (0.0263),rabiscada (0.0273)
7336,moldadas (0.0277),tornado (0.0290),conserva (0.0232),abelha (0.0263),esforçam (0.0273)
7337,terapia (0.0277),coletivas (0.0290),privilegiada (0.0232),extrair (0.0263),termina (0.0273)
7338,pausadamente (0.0277),resina (0.0290),apurado (0.0232),ecoe (0.0263),cantam (0.0273)
7339,tentem (0.0277),pálido (0.0290),aventura (0.0232),mancha (0.0263),iam (0.0273)
7340,batismo (0.0277),efervescente (0.0290),companheiro (0.0232),sábio (0.0263),prezo (0.0273)
7341,sereias (0.0277),residente (0.0290),brilhando (0.0232),passaram (0.0263),matinais (0.0273)
7342,lampejos (0.0277),reservados (0.0290),ouvido (0.0232),alegra (0.0263),maravilhas (0.0273)
7343,sertanejas (0.0277),superficialidades (0.0290),regras (0.0232),baru (0.0263),coloriam (0.0273)
7344,ajustar (0.0277),busquei (0.0290),cícero (0.0232),amado (0.0263),contadora (0.0273)
7345,ajustavam (0.0277),buzinando (0.0290),carro (0.0232),sustentáveis (0.0263),gritantes (0.0273)
7346,estruturado (0.0277),embate (0.0290),amo (0.0232),físicas (0.0261),agitam (0.0273)
7347,improvisada (0.0277),festividades (0.0290),calçados (0.0230),repouso (0.0259),notebook (0.0273)
7348,traçando (0.0277),topete (0.0290),debates (0.0230),optando (0.0259),sucessivas (0.0273)
7349,imensas (0.0277),fervorosa (0.0290),funcionalidade (0.0230),coloca (0.0259),tamanho (0.0273)
7350,encaixou (0.0277),ferrenha (0.0290),compõe (0.0230),normal (0.0259),apresentável (0.0273)
7351,cativam (0.0277),superstições (0.0290),abraços (0.0230),escassa (0.0259),preze (0.0273)
7352,rendo (0.0277),representá (0.0290),esquina (0.0230),coleciono (0.0259),notas (0.0273)
7353,manuseio (0.0277),fera (0.0290),clareza (0.0230),aspirações (0.0259),desfazer (0.0273)
7354,lustroso (0.0277),fendas (0.0290),sulcada (0.0230),iluminam (0.0259),olhada (0.0273)
7355,alegram (0.0277),surf (0.0290),destino (0.0230),incomodar (0.0259),estético (0.0273)
7356,trocar (0.0277),empoeirado (0.0290),aparados (0.0230),alívio (0.0259),atemporal (0.0273)
7357,combater (0.0277),tomavam (0.0290),progressista (0.0230),ponderado (0.0259),tropeços (0.0273)
7358,atarracada (0.0277),cabral (0.0290),costumava (0.0230),desvendar (0.0259),menininha (0.0273)
7359,filtros (0.0277),clareia (0.0290),persistência (0.0230),elisa (0.0259),lindas (0.0273)
7360,atemporal (0.0277),representada (0.0290),finalmente (0.0230),selvagens (0.0259),sofisticados (0.0273)
7361,chope (0.0277),encaixaram (0.0290),político (0.0230),harmoniosamente (0.0259),curvilíneo (0.0273)
7362,desfazer (0.0277),claramente (0.0290),marido (0.0230),caprichada (0.0259),pedem (0.0273)
7363,unir (0.0277),encaixotada (0.0290),ajudaram (0.0230),acadêmica (0.0259),gritando (0.0273)
7364,veja (0.0277),encantadoras (0.0290),dunas (0.0230),experimentar (0.0259),domados (0.0273)
7365,gesticulam (0.0277),externamente (0.0290),século (0.0230),roceiros (0.0259),culturalmente (0.0273)
7366,saía (0.0277),extenso (0.0290),sustentar (0.0230),compreensivo (0.0259),permitindo (0.0273)
7367,pontinhos (0.0277),ecos (0.0290),sagaz (0.0230),desabrocham (0.0259),reconheça (0.0273)
7368,ruguinha (0.0277),etnicidade (0.0290),esportes (0.0230),vagas (0.0259),imbatível (0.0273)
7369,goiaba (0.0277),capitais (0.0290),reunida (0.0229),uniformes (0.0259),preciosas (0.0273)
7370,ponte (0.0277),reflectiam (0.0290),adereço (0.0229),sóis (0.0259),usavam (0.0273)
7371,surrados (0.0277),escreveram (0.0290),perdoa (0.0229),plantei (0.0259),contribuição (0.0273)
7372,atrapalha (0.0277),evitam (0.0290),tristezas (0.0229),participação (0.0259),janelas (0.0273)
7373,apagou (0.0277),caprichado (0.0290),masculinidade (0.0229),estudos (0.0259),cochichos (0.0273)
7374,rachaduras (0.0277),evidenciado (0.0290),castigar (0.0229),central (0.0259),empresária (0.0273)
7375,rachados (0.0277),eventual (0.0290),arguta (0.0229),casos (0.0259),super (0.0273)
7376,apagado (0.0277),esferas (0.0290),colhido (0.0229),cantado (0.0259),periféricas (0.0273)
7377,gostava (0.0277),esforce (0.0290),carregaram (0.0229),artesãs (0.0259),gratificante (0.0273)
7378,dobrar (0.0277),esgotado (0.0290),conter (0.0229),lados (0.0259),religiosos (0.0273)
7379,cheirando (0.0277),europa (0.0290),usá (0.0229),chegando (0.0259),mergulho (0.0273)
7380,livraria (0.0277),teatro (0.0290),brancas (0.0229),pesam (0.0259),cidadã (0.0273)
7381,livrarias (0.0277),causando (0.0290),peguei (0.0229),santista (0.0259),li (0.0273)
7382,ultrapassa (0.0277),etérea (0.0290),claridade (0.0229),considerados (0.0259),carreira (0.0273)
7383,doer (0.0277),católicos (0.0290),puro (0.0229),diminui (0.0259),fininhas (0.0273)
7384,gratificante (0.0277),chegava (0.0290),cropped (0.0229),datas (0.0259),vibra (0.0273)
7385,povoam (0.0277),especialidade (0.0290),engajado (0.0229),trabalham (0.0259),religiosamente (0.0273)
7386,genes (0.0277),rebuscadas (0.0290),preço (0.0229),salto (0.0259),saborear (0.0273)
7387,fininhas (0.0277),recostavam (0.0290),errado (0.0229),cravadas (0.0259),escolaridade (0.0273)
7388,tatuada (0.0277),recorrente (0.0290),influenciada (0.0229),atentos (0.0259),torrado (0.0273)
7389,reconhecidas (0.0277),recordações (0.0290),universidade (0.0229),conectando (0.0259),analítica (0.0273)
7390,limitado (0.0277),castelos (0.0290),explicações (0.0229),comer (0.0259),magras (0.0273)
7391,arrancar (0.0277),estoicismo (0.0290),juntos (0.0229),cálido (0.0259),socioeconômicos (0.0273)
7392,matinais (0.0277),estilizadas (0.0290),fascinante (0.0227),esvoaça (0.0259),enrolar (0.0273)
7393,ligeira (0.0277),estereotipadas (0.0290),musicais (0.0227),apertada (0.0259),compreendo (0.0273)
7394,salpicavam (0.0277),telha (0.0290),construídas (0.0227),cinco (0.0259),sufocando (0.0273)
7395,sólido (0.0277),reconforta (0.0290),grata (0.0227),resistiu (0.0259),leãozinho (0.0273)
7396,desvendado (0.0277),estabeleceu (0.0290),cotovelos (0.0227),moço (0.0259),turma (0.0273)
7397,saborear (0.0277),reclame (0.0290),oxum (0.0227),gingado (0.0259),preferirem (0.0273)
7398,cisterna (0.0277),estabelecida (0.0290),repletas (0.0227),dúvida (0.0259),tentem (0.0273)
7399,coleciona (0.0277),ceceo (0.0290),desfiado (0.0227),masculinos (0.0259),quebradas (0.0273)
7400,percorre (0.0277),escrevem (0.0290),impreciso (0.0227),paterna (0.0259),fincada (0.0273)
7401,direções (0.0277),cede (0.0290),fáceis (0.0227),aliada (0.0259),rachaduras (0.0273)
7402,realizados (0.0277),evoluindo (0.0290),transparente (0.0227),trata (0.0259),verso (0.0273)
7403,reconheça (0.0277),extensas (0.0290),enraizado (0.0227),formavam (0.0259),universitária (0.0273)
7404,ruído (0.0277),relevo (0.0290),valorizando (0.0227),novelas (0.0259),autoconsciência (0.0273)
7405,despretensiosos (0.0277),radicais (0.0290),tios (0.0227),borda (0.0259),questionada (0.0273)
7406,sanfona (0.0277),sólidos (0.0290),escrevo (0.0227),evidenciam (0.0259),advogada (0.0273)
7407,rédeas (0.0277),exposto (0.0290),inigualável (0.0227),ocupadas (0.0259),juntar (0.0273)
7408,discute (0.0277),entrada (0.0290),fazendeiro (0.0227),resumem (0.0259),preferido (0.0273)
7409,assaré (0.0277),entrei (0.0290),suavidade (0.0227),aguentar (0.0259),gostava (0.0273)
7410,recordação (0.0277),exploro (0.0290),curioso (0.0227),favoritos (0.0259),prendem (0.0273)
7411,pescarias (0.0277),relacionadas (0.0290),síntese (0.0227),encontrado (0.0259),trânsito (0.0273)
7412,percorri (0.0277),envergonhado (0.0290),descanso (0.0227),sombreava (0.0259),mastigando (0.0273)
7413,gargantilha (0.0277),envolvi (0.0290),grita (0.0226),notava (0.0259),inspirou (0.0273)
7414,dispenso (0.0277),envolvimento (0.0290),crítica (0.0226),ambiguidade (0.0259),tirava (0.0273)
7415,deslocado (0.0277),enxerga (0.0290),sete (0.0226),afiada (0.0259),espetáculo (0.0273)
7416,disputada (0.0277),canivete (0.0290),gota (0.0226),reflexão (0.0259),resultando (0.0273)
7417,flexível (0.0277),equilibrado (0.0290),privilégio (0.0226),estiloso (0.0259),fizemos (0.0273)
7418,marco (0.0277),equilibrava (0.0290),boi (0.0226),prosperar (0.0259),dispenso (0.0273)
7419,secar (0.0277),raras (0.0290),reto (0.0226),grilos (0.0259),iarê (0.0273)
7420,dolorosa (0.0277),registrando (0.0290),pensar (0.0226),estudar (0.0259),extensa (0.0273)
7421,sentadas (0.0277),ceramista (0.0290),camadas (0.0226),enfatizar (0.0259),pausadamente (0.0273)
7422,lotados (0.0277),esbarra (0.0290),batalhas (0.0226),costura (0.0259),navego (0.0273)
7423,dúvidas (0.0277),exceto (0.0290),troco (0.0226),quadros (0.0259),antebraços (0.0273)
7424,cercou (0.0277),cera (0.0290),lindo (0.0226),intrinsecamente (0.0259),pausa (0.0273)
7425,extra (0.0277),celta (0.0290),enchem (0.0226),pronunciar (0.0259),teoria (0.0273)
7426,comunitários (0.0277),exaustão (0.0290),alegres (0.0226),aguçado (0.0259),estômago (0.0273)
7427,extensa (0.0277),reforçando (0.0290),habitualmente (0.0226),entrever (0.0259),percorridos (0.0273)
7428,cena (0.0277),exaustivas (0.0290),dava (0.0226),netas (0.0259),confiar (0.0273)
7429,semiárido (0.0277),exalava (0.0290),sílaba (0.0226),rabinhos (0.0259),elias (0.0273)
7430,expresse (0.0277),reflitam (0.0290),máquina (0.0226),enfeitadas (0.0259),manú (0.0273)
7431,menininha (0.0277),escovados (0.0290),ideais (0.0224),barbante (0.0259),baratos (0.0273)
7432,iam (0.0277),buraco (0.0290),indicava (0.0224),imposta (0.0259),dna (0.0273)
7433,religiosamente (0.0277),bucólico (0.0290),calo (0.0224),rocha (0.0259),merecido (0.0273)
7434,religiosos (0.0277),conselho (0.0290),dedicados (0.0224),ri (0.0259),libertar (0.0273)
7435,pastos (0.0277),despretensão (0.0290),resto (0.0224),folha (0.0259),piscar (0.0273)
7436,turma (0.0277),soltá (0.0290),testemunhou (0.0224),decepções (0.0259),libertadora (0.0273)
7437,idealista (0.0277),gastronômicas (0.0290),plantação (0.0224),reconhecida (0.0259),impulsionava (0.0273)
7438,punhado (0.0277),garrafa (0.0290),coturno (0.0224),rodado (0.0259),punhado (0.0273)
7439,paraty (0.0277),deslavado (0.0290),quiser (0.0224),progressistas (0.0259),pirenópolis (0.0267)
7440,rolavam (0.0277),garimpando (0.0290),tomo (0.0224),permito (0.0259),imperfeita (0.0267)
7441,idiomáticas (0.0277),risinhos (0.0290),desejo (0.0224),enfeitava (0.0259),all (0.0267)
7442,trovão (0.0277),riscas (0.0290),urbanos (0.0224),contagiantes (0.0259),concebidos (0.0267)
7443,alimentar (0.0277),despercebida (0.0290),volante (0.0224),infelizmente (0.0259),questionadora (0.0267)
7444,ignorada (0.0277),pretinho (0.0290),colheram (0.0224),básico (0.0259),desenhado (0.0267)
7445,nisso (0.0277),concede (0.0290),cinzento (0.0223),escolas (0.0259),geométrica (0.0267)
7446,prazeres (0.0277),despertar (0.0290),espalhar (0.0223),acender (0.0259),rolava (0.0267)
7447,experimentando (0.0277),ganhou (0.0290),temperada (0.0223),precisam (0.0259),imperfeição (0.0267)
7448,tropeiros (0.0277),riram (0.0290),escondido (0.0223),danado (0.0259),engloba (0.0267)
7449,imaculado (0.0277),transmitiria (0.0290),cercas (0.0223),aguenta (0.0259),modesto (0.0267)
7450,amarradas (0.0277),sonolento (0.0290),lavoura (0.0223),crente (0.0256),protetora (0.0267)
7451,parecendo (0.0277),transformações (0.0290),encarar (0.0223),fôlego (0.0256),tucumã (0.0267)
7452,reflita (0.0277),comunicador (0.0290),maracatu (0.0223),dançam (0.0256),pesados (0.0267)
7453,queimar (0.0277),sonoras (0.0290),qualidade (0.0223),mesclado (0.0256),brega (0.0267)
7454,desconfortáveis (0.0277),desvendando (0.0290),dormir (0.0223),classificação (0.0256),amada (0.0267)
7455,desconfiado (0.0277),galerias (0.0290),ilustrações (0.0223),padre (0.0256),puxada (0.0267)
7456,grudados (0.0277),prezam (0.0290),ocasional (0.0223),lgbtqiapn (0.0256),aflora (0.0267)
7457,questionada (0.0277),desvincular (0.0290),equilibra (0.0222),acolheram (0.0256),grafismos (0.0267)
7458,roçando (0.0277),riem (0.0290),liberta (0.0222),deveria (0.0256),perfumando (0.0267)
7459,melancólico (0.0277),ridículo (0.0290),intensificavam (0.0222),caminhando (0.0256),robustas (0.0267)
7460,autoconsciência (0.0277),compro (0.0290),intenção (0.0222),sozinho (0.0256),enrugadas (0.0267)
7461,autodepreciativo (0.0277),soprado (0.0290),bia (0.0222),comunica (0.0256),barco (0.0267)
7462,domésticas (0.0277),riachos (0.0290),aparecida (0.0222),pescadores (0.0256),transitando (0.0267)
7463,guará (0.0277),fusca (0.0290),primos (0.0222),transbordar (0.0256),herdeiro (0.0267)
7464,superficiais (0.0277),reúno (0.0290),boas (0.0222),tecnobrega (0.0256),surgia (0.0267)
7465,fantásticas (0.0277),privacidade (0.0290),combinam (0.0222),desfaz (0.0256),bebia (0.0267)
7466,advogada (0.0277),desfiados (0.0290),repetidas (0.0222),rês (0.0256),ilustração (0.0267)
7467,olhada (0.0277),presilha (0.0290),azulados (0.0222),trancinhas (0.0256),alimentando (0.0267)
7468,maravilhosos (0.0277),generalizadas (0.0290),grafite (0.0222),meter (0.0256),comprei (0.0267)
7469,habituadas (0.0277),generalizado (0.0290),propriedade (0.0222),índios (0.0256),gritam (0.0267)
7470,comprado (0.0277),conseguiriam (0.0290),gola (0.0222),olhinhos (0.0256),montanha (0.0267)
7471,dreads (0.0277),desafiadores (0.0290),satisfação (0.0221),femininos (0.0256),descontração (0.0267)
7472,técnica (0.0277),sobrou (0.0290),matriarca (0.0221),filtro (0.0256),pernambucana (0.0267)
7473,ameaçador (0.0277),sociocultural (0.0290),zefa (0.0221),pros (0.0256),grunge (0.0267)
7474,mulato (0.0277),desalinho (0.0290),brotar (0.0221),rodeava (0.0256),ramo (0.0267)
7475,quantidade (0.0277),conquistados (0.0290),mix (0.0221),intercalada (0.0256),ignora (0.0267)
7476,desaforo (0.0277),desarruma (0.0290),serem (0.0221),trago (0.0256),corto (0.0267)
7477,superaram (0.0277),conhecidos (0.0290),sofisticado (0.0221),regularmente (0.0256),trema (0.0267)
7478,notas (0.0277),preferencialmente (0.0290),aceitam (0.0221),risquinhos (0.0256),amareladas (0.0267)
7479,superadas (0.0277),grama (0.0290),estilizado (0.0221),levava (0.0256),vívidas (0.0267)
7480,desafiava (0.0277),gradualmente (0.0290),gostosa (0.0221),temperado (0.0256),inclusive (0.0267)
7481,super (0.0277),preferidas (0.0290),conquistar (0.0221),militante (0.0256),comunitárias (0.0267)
7482,perfumado (0.0277),rudimentar (0.0290),visíveis (0.0221),preenchia (0.0256),quadrados (0.0267)
7483,limitar (0.0277),tratores (0.0290),claros (0.0220),caso (0.0256),milagres (0.0267)
7484,prezo (0.0277),descobre (0.0290),caixinha (0.0220),casuais (0.0256),completando (0.0267)
7485,acontece (0.0277),confundam (0.0290),prateada (0.0220),terreiro (0.0256),surgir (0.0267)
7486,magras (0.0277),barracas (0.0290),adora (0.0220),acredite (0.0256),completar (0.0267)
7487,cabras (0.0277),solicitação (0.0290),rodas (0.0220),defendendo (0.0256),cozinham (0.0267)
7488,sobreposição (0.0277),desconstruindo (0.0290),sessenta (0.0220),marcavam (0.0256),encaixá (0.0267)
7489,mexo (0.0277),descrença (0.0290),coquetel (0.0220),pinta (0.0256),banco (0.0267)
7490,torrado (0.0277),barulhento (0.0290),dedico (0.0220),pretendo (0.0256),cozido (0.0267)
7491,mamão (0.0277),solidários (0.0290),avelã (0.0220),seguram (0.0256),vícios (0.0267)
7492,permitindo (0.0277),solstícios (0.0290),desconforto (0.0220),metáforas (0.0256),incerto (0.0267)
7493,tido (0.0277),conferia (0.0290),plantou (0.0220),branquear (0.0256),marginalização (0.0267)
7494,enchendo (0.0277),desentendimentos (0.0290),imagens (0.0219),severidade (0.0256),deslocada (0.0267)
7495,brevemente (0.0277),geográfico (0.0290),querido (0.0219),adornavam (0.0256),performance (0.0267)
7496,siamês (0.0277),conectividade (0.0290),comidas (0.0219),vencida (0.0256),escolhendo (0.0267)
7497,programação (0.0277),transporte (0.0290),médio (0.0219),instalações (0.0256),rigor (0.0267)
7498,preocupada (0.0277),soltinhas (0.0290),visuais (0.0219),colonial (0.0256),ornam (0.0267)
7499,cabiam (0.0277),rezava (0.0290),trocaria (0.0219),inseparável (0.0256),lago (0.0267)
7500,suada (0.0277),privilegiando (0.0290),inesquecível (0.0219),fortalecem (0.0256),tona (0.0267)
7501,cantoria (0.0277),bucólicas (0.0290),andrógino (0.0219),escorrer (0.0256),acontecimento (0.0267)
7502,enrolar (0.0277),proveito (0.0290),costurar (0.0219),preparava (0.0256),consertaram (0.0267)
7503,equilibram (0.0277),resultam (0.0290),20 (0.0219),ancora (0.0256),sarcástica (0.0267)
7504,contradizia (0.0277),divindade (0.0290),chamativo (0.0219),lentamente (0.0256),interessa (0.0267)
7505,traga (0.0277),divino (0.0290),vinho (0.0219),último (0.0256),econômicos (0.0267)
7506,enfrente (0.0277),fone (0.0290),ossudo (0.0219),etiqueta (0.0256),tambores (0.0267)
7507,carroça (0.0277),folgados (0.0290),comecei (0.0219),cobrir (0.0256),novamente (0.0267)
7508,princípio (0.0277),protejo (0.0290),prejudiciais (0.0219),carnaúba (0.0256),distintos (0.0267)
7509,brincado (0.0277),começar (0.0290),exploram (0.0219),rabos (0.0256),florescem (0.0267)
7510,simpática (0.0277),doa (0.0290),irmã (0.0218),férias (0.0256),tiro (0.0267)
7511,engajamento (0.0277),comerciais (0.0290),impecável (0.0218),leio (0.0256),reducionista (0.0267)
7512,esforça (0.0277),comentário (0.0290),cá (0.0218),limitantes (0.0256),colhiam (0.0267)
7513,pendurada (0.0277),comece (0.0290),maneiras (0.0218),catar (0.0256),aquecer (0.0267)
7514,outono (0.0277),fofa (0.0290),virar (0.0218),firula (0.0256),intrínseco (0.0267)
7515,canal (0.0277),sucedidas (0.0290),joãozinho (0.0218),piranha (0.0256),dê (0.0267)
7516,inspirou (0.0277),sucedido (0.0290),óleo (0.0218),descalça (0.0256),refinada (0.0267)
7517,xilogravuras (0.0277),sucessos (0.0290),cativava (0.0218),signifique (0.0256),lóbulo (0.0267)
7518,conversado (0.0277),revolta (0.0290),junina (0.0218),suspiro (0.0256),machista (0.0267)
7519,sobreviveu (0.0277),colorindo (0.0290),sincero (0.0218),promessas (0.0256),incorporam (0.0267)
7520,líquido (0.0277),ressecado (0.0290),afirmar (0.0218),adornando (0.0256),maduras (0.0267)
7521,adaptei (0.0277),donos (0.0290),sento (0.0217),chora (0.0256),frescor (0.0267)
7522,testemunhos (0.0277),sufocada (0.0290),políticas (0.0217),escultura (0.0256),recarregar (0.0267)
7523,étnicos (0.0277),dourava (0.0290),relações (0.0217),curtindo (0.0256),frequentar (0.0267)
7524,entenderiam (0.0277),total (0.0290),ganhar (0.0217),agrada (0.0256),tornou (0.0267)
7525,permeadas (0.0277),sufocavam (0.0290),morar (0.0217),julgamento (0.0256),inspiradoras (0.0267)
7526,curandeiros (0.0277),torres (0.0290),caracterizam (0.0216),pareço (0.0256),frequenta (0.0267)
7527,transmissão (0.0277),driblar (0.0290),felicidade (0.0216),foge (0.0256),priorizando (0.0267)
7528,múltipla (0.0277),colocava (0.0290),minimalistas (0.0216),articulado (0.0256),anciãos (0.0267)
7529,silenciado (0.0277),duradouro (0.0290),oficina (0.0216),mexia (0.0256),silenciosamente (0.0267)
7530,caetano (0.0277),colinas (0.0290),marcava (0.0216),grampo (0.0256),inteiras (0.0267)
7531,bordando (0.0277),resolvida (0.0290),linda (0.0216),disciplina (0.0256),madeixas (0.0267)
7532,caiçara (0.0277),financeira (0.0290),xote (0.0216),assado (0.0256),recentemente (0.0267)
7533,escolaridade (0.0277),prosperidades (0.0290),derretido (0.0216),sustentabilidade (0.0256),choraram (0.0267)
7534,cumprida (0.0277),resultante (0.0290),realçando (0.0215),tilintar (0.0256),poeirento (0.0267)
7535,culturalmente (0.0277),resultaria (0.0290),informal (0.0215),fundamentais (0.0256),fracamente (0.0267)
7536,retratar (0.0277),formigas (0.0290),trabalhei (0.0215),luminosidade (0.0256),forçar (0.0267)
7537,intrínsecas (0.0277),frustração (0.0290),machismo (0.0215),entenda (0.0256),resulta (0.0267)
7538,toalhas (0.0277),revirava (0.0290),inquieta (0.0215),superado (0.0254),negócios (0.0267)
7539,silva (0.0277),dificulte (0.0290),apartamento (0.0215),tinem (0.0254),inventando (0.0267)
7540,plantavam (0.0277),souber (0.0290),autoexpressão (0.0215),absorvido (0.0254),inventar (0.0267)
7541,mina (0.0277),frizz (0.0290),aro (0.0215),ateliê (0.0254),conscientizar (0.0267)
7542,transformo (0.0277),bois (0.0290),opiniões (0.0215),engolir (0.0254),levando (0.0267)
7543,militância (0.0277),revelariam (0.0290),estrada (0.0215),crença (0.0254),expandir (0.0267)
7544,cultivamos (0.0277),dilemas (0.0290),permanente (0.0214),profissionalmente (0.0254),charmosa (0.0267)
7545,trabalhão (0.0277),diminuíam (0.0290),criativo (0.0214),estudando (0.0254),divido (0.0267)
7546,manifestar (0.0277),reunia (0.0290),salpicando (0.0214),cadeira (0.0254),olhe (0.0267)
7547,insistam (0.0277),profundezas (0.0290),pronto (0.0214),daniel (0.0254),preparado (0.0267)
7548,curitiba (0.0277),prol (0.0290),design (0.0214),entrelaçado (0.0254),abundante (0.0267)
7549,predominantemente (0.0277),complementavam (0.0290),gesticulava (0.0214),corria (0.0254),customizada (0.0267)
7550,adulto (0.0277),discordando (0.0290),densos (0.0214),pintados (0.0254),arraigada (0.0267)
7551,achei (0.0277),retratos (0.0290),fatores (0.0214),colheu (0.0254),experimental (0.0267)
7552,jaquetas (0.0277),complementados (0.0290),polo (0.0214),esmaecido (0.0254),definia (0.0267)
7553,pautas (0.0277),fraqueza (0.0290),cafezais (0.0214),acinzentados (0.0254),relaxamento (0.0267)
7554,jujuba (0.0277),promove (0.0290),joia (0.0213),impunha (0.0254),ardente (0.0267)
7555,periféricas (0.0277),retirantes (0.0290),aparada (0.0213),rostos (0.0254),dedicado (0.0267)
7556,boho (0.0277),pronominal (0.0290),minimalista (0.0213),humanas (0.0254),simpático (0.0267)
7557,janelas (0.0277),compensa (0.0290),espectro (0.0213),animação (0.0254),aplicam (0.0267)
7558,burro (0.0277),compatíveis (0.0290),digamos (0.0213),fenótipos (0.0254),poética (0.0267)
7559,mitologia (0.0277),compassiva (0.0290),queimou (0.0212),espalhados (0.0254),remendada (0.0267)
7560,cambaleante (0.0277),bordou (0.0290),intercalando (0.0212),desigual (0.0254),dizendo (0.0267)
7561,cristalinas (0.0277),forçou (0.0290),interesses (0.0212),apaga (0.0254),resistiram (0.0267)
7562,calçando (0.0277),disputam (0.0290),europeus (0.0212),responsabilidades (0.0254),subia (0.0267)
7563,corridas (0.0277),boteco (0.0290),faculdade (0.0212),trazendo (0.0254),festivais (0.0267)
7564,burburinho (0.0277),pronunciá (0.0290),inclusiva (0.0212),fresquinho (0.0254),curupiras (0.0267)
7565,tonalidades (0.0277),distintivos (0.0290),exuberantes (0.0212),colhidos (0.0254),consoantes (0.0267)
7566,encarnação (0.0277),ascendências (0.0290),esverdeado (0.0212),manipulando (0.0254),observações (0.0267)
7567,continham (0.0277),neutralidade (0.0290),fins (0.0211),morrer (0.0254),duram (0.0267)
7568,manejando (0.0277),leave (0.0290),registrada (0.0211),panelas (0.0254),sisudo (0.0267)
7569,pedem (0.0277),ávida (0.0290),superior (0.0211),adulta (0.0254),invisibilização (0.0267)
7570,rimas (0.0277),admiro (0.0290),jovialidade (0.0211),abarcar (0.0254),ferida (0.0267)
7571,indicador (0.0277),arrumada (0.0290),frequente (0.0211),binariedade (0.0254),convenções (0.0267)
7572,paladar (0.0277),varie (0.0290),apoiam (0.0211),pulsar (0.0254),90 (0.0267)
7573,janaina (0.0277),arruda (0.0290),grudava (0.0211),intimamente (0.0254),constituem (0.0267)
7574,revistas (0.0277),utilitárias (0.0290),coqueiros (0.0211),plástico (0.0254),domésticos (0.0267)
7575,esforçam (0.0277),alonga (0.0290),crescendo (0.0211),exclusivamente (0.0254),apagam (0.0267)
7576,acreditando (0.0272),mutuamente (0.0290),26 (0.0211),amplas (0.0254),convencional (0.0267)
7577,grafismos (0.0272),abrangente (0.0290),agricultores (0.0211),consideradas (0.0254),arada (0.0267)
7578,goianos (0.0272),abrasadores (0.0290),cozinha (0.0210),esquece (0.0254),ácido (0.0267)
7579,igualzinho (0.0272),zilda (0.0290),bagunçado (0.0210),produção (0.0254),artrite (0.0267)
7580,segurando (0.0272),acessíveis (0.0290),cortados (0.0210),ouvidos (0.0254),parecida (0.0267)
7581,testemunharam (0.0272),arrepiar (0.0290),independentes (0.0210),raimundão (0.0254),oferecendo (0.0267)
7582,cozinham (0.0272),murchar (0.0290),adoro (0.0210),ruivos (0.0254),reproduzir (0.0267)
7583,intrínseco (0.0272),leitora (0.0290),topo (0.0209),sentada (0.0254),aproximar (0.0267)
7584,influenciar (0.0272),acervo (0.0290),aprende (0.0209),ornamenta (0.0254),demonstrado (0.0267)
7585,companheiros (0.0272),vendavais (0.0290),caipira (0.0209),sentimento (0.0254),sobrevivente (0.0267)
7586,brasiliense (0.0272),ovo (0.0290),umas (0.0209),traçadas (0.0254),realização (0.0267)
7587,rolava (0.0272),viaje (0.0290),apoia (0.0209),agulha (0.0254),manifestava (0.0267)
7588,visualmente (0.0272),pareçam (0.0290),facilmente (0.0209),anda (0.0254),administrativa (0.0267)
7589,ressoa (0.0272),latinos (0.0290),hábito (0.0209),exigem (0.0254),saí (0.0267)
7590,apagam (0.0272),permita (0.0290),recife (0.0209),kátia (0.0254),calmas (0.0267)
7591,convencional (0.0272),juntam (0.0290),teimou (0.0208),estranhos (0.0254),sóbrias (0.0267)
7592,tentava (0.0272),milhão (0.0290),mente (0.0208),57 (0.0254),avermelhadas (0.0267)
7593,duram (0.0272),violino (0.0290),mundinho (0.0208),aprendidas (0.0254),gelo (0.0267)
7594,contribuem (0.0272),meireles (0.0290),vivaz (0.0208),verdadeiros (0.0251),paleta (0.0267)
7595,estabilidade (0.0272),animes (0.0290),emoções (0.0208),passam (0.0251),evidenciava (0.0267)
7596,silvestre (0.0272),perceba (0.0290),cansado (0.0208),rodeado (0.0251),rastros (0.0267)
7597,carismático (0.0272),pins (0.0290),igreja (0.0208),mexer (0.0251),sonhador (0.0267)
7598,anular (0.0272),lente (0.0290),gargalhadas (0.0208),impossível (0.0251),múltiplo (0.0267)
7599,marginalização (0.0272),achados (0.0290),toques (0.0207),amarras (0.0251),mangaba (0.0267)
7600,registro (0.0272),instalou (0.0290),confesso (0.0207),gravidade (0.0251),cajus (0.0267)
7601,chiado (0.0272),piso (0.0290),pop (0.0207),trançar (0.0251),continuará (0.0267)
7602,visitantes (0.0272),lotadas (0.0290),janeiro (0.0207),refletido (0.0251),indústria (0.0267)
7603,barco (0.0272),irmão (0.0290),cacho (0.0207),variação (0.0251),aventurar (0.0267)
7604,rendeu (0.0272),individualmente (0.0290),barriga (0.0207),cervejas (0.0251),esvoaçando (0.0267)
7605,divido (0.0272),aplicar (0.0290),claras (0.0207),filosofia (0.0251),esvoaçavam (0.0267)
7606,roubada (0.0272),manifestando (0.0290),jogo (0.0207),escolho (0.0251),telefone (0.0267)
7607,registrar (0.0272),amargor (0.0290),acham (0.0206),superficial (0.0251),azulejos (0.0267)
7608,inventar (0.0272),unidas (0.0290),cercado (0.0206),entremeadas (0.0251),caixotes (0.0267)
7609,manguezais (0.0272),meditação (0.0290),septo (0.0206),prepara (0.0251),calmaria (0.0267)
7610,milagres (0.0272),interessarem (0.0290),carinhosa (0.0206),frias (0.0251),disseram (0.0267)
7611,pentear (0.0272),acreditamos (0.0290),pedreiro (0.0206),arraigados (0.0251),palmo (0.0267)
7612,registradas (0.0272),ofensiva (0.0290),animadas (0.0205),andamento (0.0251),rosário (0.0267)
7613,madeixas (0.0272),amargos (0.0290),contrastes (0.0205),customizado (0.0251),apressado (0.0267)
7614,apareciam (0.0272),aparo (0.0290),apertado (0.0205),vivia (0.0251),simbolismo (0.0267)
7615,avermelhadas (0.0272),abotoada (0.0290),introspecção (0.0205),secos (0.0251),naqueles (0.0267)
7616,desarmar (0.0272),aprendera (0.0290),relativamente (0.0205),proximidade (0.0251),começou (0.0267)
7617,reduzir (0.0272),picape (0.0290),esmeralda (0.0205),externa (0.0251),gentis (0.0267)
7618,girassol (0.0272),juntando (0.0290),mesa (0.0205),dedicar (0.0251),apropriadas (0.0267)
7619,parecida (0.0272),virando (0.0290),miscigenação (0.0204),situações (0.0251),ergue (0.0267)
7620,palmas (0.0272),organizar (0.0290),pensando (0.0204),habilidosos (0.0251),erra (0.0267)
7621,patativa (0.0272),limitação (0.0290),coloria (0.0204),proporciona (0.0251),desafiadoras (0.0267)
7622,simbolismo (0.0272),pensadas (0.0290),agitada (0.0204),pluralidade (0.0251),transbordando (0.0267)
7623,deixá (0.0272),mordaz (0.0290),batom (0.0204),entusiasmo (0.0251),maniçoba (0.0267)
7624,barreira (0.0272),ocasionais (0.0290),gado (0.0204),ganhei (0.0251),reunião (0.0267)
7625,expandir (0.0272),apertaram (0.0290),morando (0.0203),sofreu (0.0251),pentear (0.0267)
7626,riacho (0.0272),interioridade (0.0290),moldada (0.0203),famílias (0.0251),gargalhada (0.0263)
7627,cervejinha (0.0272),maldita (0.0290),bronzeou (0.0203),certas (0.0251),fardos (0.0263)
7628,palmo (0.0272),invisto (0.0290),refúgio (0.0202),dançavam (0.0251),passava (0.0263)
7629,inimiga (0.0272),maldormidas (0.0290),feliz (0.0202),pertencer (0.0251),pessoalmente (0.0263)
7630,escolhendo (0.0272),acusa (0.0290),feijoada (0.0202),insaciável (0.0251),habitavam (0.0263)
7631,rosário (0.0272),influenciaram (0.0290),desabotoada (0.0202),guimarães (0.0251),acalenta (0.0263)
7632,útil (0.0272),zoam (0.0290),irreverência (0.0201),entrelaçavam (0.0251),famoso (0.0263)
7633,comportar (0.0272),varandas (0.0290),pitada (0.0201),inquietude (0.0251),farinha (0.0263)
7634,lembre (0.0272),van (0.0290),construiu (0.0201),elástico (0.0251),rasteirinha (0.0263)
7635,acentuado (0.0272),pintora (0.0290),rachadas (0.0201),envolver (0.0251),compartilham (0.0263)
7636,amada (0.0272),agente (0.0290),cravo (0.0201),fisicamente (0.0249),catinga (0.0263)
7637,priorizando (0.0272),mostarda (0.0290),inglês (0.0201),bota (0.0249),risco (0.0263)
7638,concebidos (0.0272),aquecendo (0.0290),ironia (0.0201),verdadeiramente (0.0249),colagem (0.0263)
7639,descascadas (0.0272),indicar (0.0290),cabra (0.0200),organização (0.0249),favorito (0.0263)
7640,suportar (0.0272),paletó (0.0290),sonhadora (0.0200),autoafirmação (0.0249),petisco (0.0263)
7641,quiabo (0.0272),adaptaram (0.0290),batalhadora (0.0200),devota (0.0249),irreverente (0.0263)
7642,aumentava (0.0272),agitados (0.0290),praias (0.0200),partida (0.0249),ocupava (0.0263)
7643,fartas (0.0272),movido (0.0290),alinhados (0.0199),confunde (0.0249),sugerem (0.0263)
7644,enrugadas (0.0272),acabei (0.0290),curiosa (0.0199),pura (0.0249),aranha (0.0263)
7645,brilhar (0.0272),acende (0.0290),entoações (0.0198),transpira (0.0249),técnico (0.0263)
7646,olhe (0.0272),limpar (0.0290),acostumada (0.0198),extravagâncias (0.0249),acariciaram (0.0263)
7647,austeridade (0.0272),apoiou (0.0290),estrutural (0.0198),alimentada (0.0249),manjericão (0.0263)
7648,compensar (0.0272),águia (0.0290),improvisado (0.0198),aço (0.0249),quentinha (0.0263)
7649,grunge (0.0272),zoando (0.0290),erguida (0.0198),pragmática (0.0249),abundantes (0.0263)
7650,vinham (0.0272),jura (0.0290),aberta (0.0198),inteiramente (0.0249),brava (0.0263)
7651,descoloridas (0.0272),pedregoso (0.0290),formal (0.0197),fazendas (0.0249),julgadores (0.0263)
7652,vermelhos (0.0272),arrematadas (0.0290),óculos (0.0197),estrategicamente (0.0249),despercebidos (0.0263)
7653,questionadora (0.0272),absorveu (0.0290),violão (0.0196),fraco (0.0249),rarear (0.0263)
7654,comunitárias (0.0272),absorvi (0.0290),moda (0.0196),antigamente (0.0249),libertador (0.0263)
7655,transbordando (0.0272),mera (0.0290),gráfico (0.0196),honrar (0.0249),mudava (0.0263)
7656,sedentária (0.0272),viado (0.0290),afinal (0.0195),primeiro (0.0249),apertos (0.0263)
7657,inspiradoras (0.0272),mudarem (0.0290),devagar (0.0195),chegou (0.0249),contanto (0.0263)
7658,surgir (0.0272),morador (0.0290),solidariedade (0.0195),simpatia (0.0249),divirto (0.0263)
7659,domino (0.0272),mudaram (0.0290),conceição (0.0195),jardinagem (0.0249),ornava (0.0263)
7660,queridos (0.0272),pareceram (0.0290),receitas (0.0195),grão (0.0249),preferências (0.0263)
7661,domésticos (0.0272),adere (0.0290),acostumei (0.0194),cultivaram (0.0249),preferem (0.0263)
7662,temperatura (0.0272),moças (0.0290),causos (0.0194),perguntam (0.0249),lexe (0.0263)
7663,pendura (0.0272),line (0.0290),cadenciado (0.0194),habitava (0.0249),cravaram (0.0263)
7664,extroversão (0.0272),lava (0.0290),projetos (0.0194),regionalismos (0.0249),minorias (0.0263)
7665,sumindo (0.0272),movo (0.0290),despontar (0.0193),gostar (0.0249),pesar (0.0263)
7666,puxada (0.0272),migalhas (0.0290),moreno (0.0193),respeitam (0.0249),abertas (0.0263)
7667,amazonense (0.0272),abuso (0.0290),extrovertida (0.0193),complementando (0.0249),seguravam (0.0263)
7668,perdidas (0.0272),ajustada (0.0290),caseira (0.0193),ignorar (0.0249),apresentando (0.0263)
7669,condição (0.0272),macho (0.0290),designer (0.0193),rusticidade (0.0249),bento (0.0263)
7670,comportamentais (0.0272),perceberia (0.0290),pontuado (0.0193),ignorância (0.0249),estados (0.0263)
7671,descontração (0.0272),nasal (0.0290),nordestinos (0.0192),manejo (0.0249),episódio (0.0263)
7672,all (0.0272),mistas (0.0290),caleidoscópio (0.0192),mineiras (0.0249),jaguatirica (0.0263)
7673,herdeiro (0.0272),nomeia (0.0290),ruas (0.0192),ficava (0.0249),coalho (0.0263)
7674,ensinado (0.0272),ouvem (0.0290),sabores (0.0191),impregnada (0.0249),romântica (0.0263)
7675,celebrados (0.0272),aprendizagem (0.0290),daquelas (0.0191),camada (0.0249),alimentação (0.0263)
7676,grau (0.0272),inefável (0.0290),risadas (0.0191),baixos (0.0249),falham (0.0263)
7677,chegado (0.0272),arquear (0.0290),risada (0.0191),paulistano (0.0249),falecida (0.0263)
7678,bandeja (0.0272),acolhedores (0.0290),charme (0.0190),constrói (0.0249),simbolismos (0.0263)
7679,identificava (0.0272),miscigenada (0.0290),vocabulário (0.0190),compartilhados (0.0249),enfeitam (0.0263)
7680,brega (0.0272),modernista (0.0290),fortaleza (0.0188),raro (0.0249),despojada (0.0263)
7681,remendada (0.0272),apreciadora (0.0290),âmbar (0.0187),decoradas (0.0249),singulares (0.0263)
7682,falada (0.0272),acolhedoras (0.0290),dez (0.0187),oral (0.0249),falamos (0.0263)
7683,pesados (0.0272),joguei (0.0290),varanda (0.0187),oração (0.0249),queimadas (0.0263)
7684,anseios (0.0272),livra (0.0290),floral (0.0186),apurada (0.0249),abstrato (0.0263)
7685,atualizado (0.0272),irão (0.0290),esmalte (0.0186),série (0.0249),romance (0.0263)
7686,engloba (0.0272),paradigmas (0.0290),política (0.0186),valorização (0.0249),relaciona (0.0263)
7687,lavradores (0.0272),instrução (0.0290),rasteirinhas (0.0186),ensolaradas (0.0249),opacas (0.0263)
7688,expressada (0.0272),insistisse (0.0290),quentes (0.0185),emanar (0.0247),mantê (0.0263)
7689,desconhecido (0.0272),inchadas (0.0290),viagem (0.0185),misterioso (0.0247),particularmente (0.0263)
7690,compartimentos (0.0272),adoção (0.0290),senso (0.0185),impressas (0.0247),queimando (0.0263)
7691,notável (0.0272),vulnerabilidades (0.0290),comunicativa (0.0184),conscientização (0.0247),cremes (0.0263)
7692,sketchbook (0.0272),necessários (0.0290),espalhadas (0.0184),fraca (0.0247),conhecedora (0.0263)
7693,alternativas (0.0272),advogado (0.0290),alta (0.0184),arma (0.0247),elx (0.0263)
7694,relevantes (0.0272),utilizá (0.0290),contradições (0.0183),tia (0.0247),sinuosos (0.0263)
7695,carinhoso (0.0272),omita (0.0290),vestidos (0.0183),comunitária (0.0247),peitoral (0.0263)
7696,vendia (0.0272),interno (0.0290),profissão (0.0182),protegiam (0.0247),paga (0.0263)
7697,gritam (0.0272),interconectados (0.0290),educação (0.0180),entorno (0.0247),vaso (0.0263)
7698,nheengatu (0.0272),participativo (0.0290),pausado (0.0180),ambientes (0.0247),identificam (0.0263)
7699,maravilhoso (0.0272),amaciado (0.0290),considero (0.0177),comércio (0.0247),formou (0.0263)
7700,tucumã (0.0272),lista (0.0290),casual (0.0177),litorânea (0.0247),conheça (0.0263)
7701,maduras (0.0272),ousar (0.0290),cozinhar (0.0177),impressa (0.0247),motiva (0.0263)
7702,sofri (0.0272),itens (0.0290),caramelo (0.0177),rústicas (0.0247),morada (0.0263)
7703,invadir (0.0272),liberada (0.0290),típico (0.0176),praticar (0.0247),mídia (0.0263)
7704,manta (0.0272),modelos (0.0290),baiano (0.0175),reza (0.0247),focada (0.0263)
7705,colagens (0.0272),libertam (0.0290),trabalhador (0.0175),carnaval (0.0247),informática (0.0263)
7706,decoração (0.0272),apanhei (0.0290),florais (0.0174),conhecida (0.0247),matizes (0.0263)
7707,cigarras (0.0272),italianas (0.0290),alegre (0.0173),respeitado (0.0247),rs (0.0263)
7708,mútuo (0.0272),visitei (0.0290),ralos (0.0171),sabia (0.0247),serpenteava (0.0263)
7709,trema (0.0272),litorâneas (0.0290),nordestinas (0.0171),problema (0.0247),peculiares (0.0263)
7710,presas (0.0272),afastando (0.0290),culinária (0.0170),arregaçadas (0.0247),perene (0.0263)
7711,portadora (0.0272),alegrar (0.0290),goiânia (0.0170),pulsação (0.0247),guria (0.0263)
7712,saborosas (0.0272),íntimas (0.0290),tardes (0.0169),farofa (0.0247),trabalhe (0.0263)
7713,shorts (0.0272),antônia (0.0290),porto (0.0166),principal (0.0247),comportamentos (0.0263)
7714,curupiras (0.0272),navegação (0.0290),professora (0.0164),contendo (0.0247),perfeição (0.0263)
7715,incessantemente (0.0272),visse (0.0290),mineiro (0.0162),zen (0.0247),produzir (0.0263)
7716,jana (0.0272),acordei (0.0290),africana (0.0160),definido (0.0247),caatingas (0.0263)
7717,dedicado (0.0272),incomode (0.0290),afro (0.0158),farpado (0.0247),revele (0.0263)
7718,convite (0.0272),vislumbre (0.0290),gírias (0.0157),páginas (0.0247),frustrações (0.0263)
7719,modesto (0.0272),lóbulos (0.0290),cobalto (0.0000),maravilhosa (0.0247),evita (0.0263)
7720,conscientizar (0.0272),namorado (0.0290),cobertor (0.0000),clarear (0.0247),malfeito (0.0263)
7721,pescando (0.0272),naftalina (0.0290),debater (0.0000),bater (0.0247),amplificar (0.0263)
7722,incisivos (0.0272),abarrotada (0.0290),davina (0.0000),relacionados (0.0245),resumida (0.0263)
7723,vá (0.0272),agito (0.0290),datas (0.0000),sustentável (0.0245),adaptavam (0.0263)
7724,evidenciava (0.0272),inclusivos (0.0290),sucesso (0.0000),lascado (0.0245),desisto (0.0263)
7725,evidenciavam (0.0272),modinhas (0.0290),circulação (0.0000),procurando (0.0245),aprendem (0.0263)
7726,fugir (0.0272),valer (0.0290),darem (0.0000),bola (0.0245),urubus (0.0263)
7727,cascatas (0.0272),acidentados (0.0290),cintilante (0.0000),privilegiada (0.0245),mastigar (0.0263)
7728,jandira (0.0272),aluno (0.0290),crescera (0.0000),oi (0.0245),silente (0.0263)
7729,prendia (0.0272),padroeira (0.0290),sub (0.0000),profissões (0.0245),der (0.0263)
7730,mantidos (0.0272),passividade (0.0290),decorrer (0.0000),ilustrador (0.0245),cansativa (0.0263)
7731,sóbrias (0.0272),ajustado (0.0290),ronronando (0.0000),daquele (0.0245),manchada (0.0263)
7732,representações (0.0272),antiguidades (0.0290),debatendo (0.0000),fundiam (0.0245),cantada (0.0263)
7733,músico (0.0272),ligações (0.0290),decorações (0.0000),compartilha (0.0245),entregam (0.0263)
7734,tornou (0.0272),jogou (0.0290),colava (0.0000),cícero (0.0245),devia (0.0263)
7735,rigor (0.0272),mineirinho (0.0290),sapateiro (0.0000),62 (0.0245),somente (0.0263)
7736,performance (0.0272),agressividade (0.0290),cintilar (0.0000),independentemente (0.0245),internacional (0.0263)
7737,cospe (0.0272),adoçado (0.0290),sufixos (0.0000),perfeito (0.0245),dicção (0.0263)
7738,aproximar (0.0272),percurso (0.0290),roseiras (0.0000),catarina (0.0245),descomplicado (0.0263)
7739,conquistado (0.0272),maçã (0.0290),soul (0.0000),centenária (0.0245),servia (0.0263)
7740,esvoaçavam (0.0272),ouvinte (0.0290),clássico (0.0000),sagradas (0.0245),transmito (0.0263)
7741,mesclados (0.0272),vítima (0.0290),declarações (0.0000),curvado (0.0245),consigam (0.0263)
7742,persistem (0.0272),ari (0.0289),cordel (0.0000),conserva (0.0245),profissionais (0.0263)
7743,traçados (0.0272),transfobia (0.0289),cisnormativa (0.0000),línguas (0.0245),inventaram (0.0263)
7744,imprimir (0.0272),geométricos (0.0289),suavizá (0.0000),pensativa (0.0245),transporta (0.0263)
7745,cala (0.0272),habilidade (0.0287),convidava (0.0000),testemunham (0.0245),superfície (0.0263)
7746,razoável (0.0272),indomável (0.0285),star (0.0000),time (0.0245),serviços (0.0263)
7747,carros (0.0272),feitas (0.0284),convidavam (0.0000),lata (0.0243),assemelha (0.0263)
7748,régia (0.0272),jurema (0.0284),coqueiro (0.0000),encontrados (0.0243),alongado (0.0263)
7749,apressado (0.0272),lembravam (0.0283),circulam (0.0000),pecuária (0.0243),escapou (0.0263)
7750,discurso (0.0272),herda (0.0282),decote (0.0000),variando (0.0243),aposentada (0.0263)
7751,binarismo (0.0272),inventam (0.0282),cisgeneridade (0.0000),caco (0.0243),fenda (0.0263)
7752,destacam (0.0272),acompanhados (0.0282),clássicos (0.0000),precisamos (0.0243),modelo (0.0263)
7753,cajus (0.0272),frequentam (0.0282),sapos (0.0000),barreiras (0.0243),reflexivo (0.0263)
7754,vívidas (0.0272),sorviam (0.0282),subjetivas (0.0000),canção (0.0243),sinônimo (0.0263)
7755,fluem (0.0272),condensado (0.0282),circundava (0.0000),alecrim (0.0243),admirável (0.0263)
7756,perseverante (0.0272),enfiado (0.0282),subjetiva (0.0000),sandália (0.0243),alaranjados (0.0263)
7757,calmaria (0.0272),invadia (0.0282),cochichos (0.0000),finamente (0.0243),caruru (0.0263)
7758,despedidas (0.0272),ambulante (0.0282),decoração (0.0000),gama (0.0243),manha (0.0263)
7759,perfumando (0.0272),experimentei (0.0282),clínica (0.0000),marido (0.0243),fita (0.0263)
7760,deslocada (0.0272),revisora (0.0282),coral (0.0000),abertamente (0.0243),adolescentes (0.0263)
7761,sussurram (0.0272),deslizes (0.0282),sucessos (0.0000),preocupo (0.0243),danada (0.0263)
7762,afetação (0.0272),metálico (0.0282),suco (0.0000),diria (0.0243),ruim (0.0263)
7763,sofro (0.0272),piedade (0.0282),rotulada (0.0000),inspiradora (0.0243),carvão (0.0263)
7764,musculosa (0.0272),preguiçoso (0.0282),suculentas (0.0000),abraçou (0.0243),versão (0.0263)
7765,valioso (0.0272),meticuloso (0.0282),cinzentos (0.0000),entremeado (0.0243),delícias (0.0263)
7766,trator (0.0272),sussurrando (0.0282),sementinhas (0.0000),queimaduras (0.0243),desenhadas (0.0263)
7767,chuvoso (0.0272),comprada (0.0282),convite (0.0000),calçava (0.0243),obrigada (0.0263)
7768,imperfeição (0.0272),militares (0.0282),conversavam (0.0000),silenciar (0.0243),goiabada (0.0263)
7769,arraigada (0.0272),sorriam (0.0282),roncando (0.0000),vegetação (0.0243),resquício (0.0263)
7770,negócios (0.0272),chuvosa (0.0282),romântico (0.0000),adornar (0.0243),verdes (0.0261)
7771,encaixá (0.0272),acorda (0.0282),subindo (0.0000),sulcada (0.0243),desejos (0.0259)
7772,rindo (0.0272),minúsculo (0.0282),cinzenta (0.0000),letícia (0.0242),honra (0.0259)
7773,frescor (0.0272),concebida (0.0282),corajosa (0.0000),cúmplice (0.0242),debate (0.0259)
7774,tesouros (0.0272),concebidas (0.0282),cinzelou (0.0000),vozes (0.0242),abastece (0.0259)
7775,recarregar (0.0272),espontânea (0.0282),colarinho (0.0000),ensino (0.0242),representativa (0.0259)
7776,redondezas (0.0272),campinas (0.0282),debate (0.0000),contemplativo (0.0242),ornamentavam (0.0259)
7777,emocionante (0.0272),explode (0.0282),rosas (0.0000),incrível (0.0242),chegaram (0.0259)
7778,gentis (0.0272),infantil (0.0282),rondando (0.0000),preferir (0.0242),clama (0.0259)
7779,reproduzir (0.0272),hesitações (0.0282),coralina (0.0000),amuletos (0.0242),seguras (0.0259)
7780,metro (0.0272),comprimento (0.0282),suado (0.0000),tristezas (0.0242),pertencia (0.0259)
7781,frequenta (0.0272),despercebido (0.0282),coar (0.0000),perceber (0.0242),íntima (0.0259)
7782,definia (0.0272),hesitação (0.0282),seleção (0.0000),conservadorismo (0.0242),representativos (0.0259)
7783,robustas (0.0272),virou (0.0282),subir (0.0000),paraná (0.0242),teceram (0.0259)
7784,ditas (0.0272),concederam (0.0282),coalhado (0.0000),engenharia (0.0242),perdeu (0.0259)
7785,ramo (0.0272),camurça (0.0282),cintilava (0.0000),reunida (0.0242),personificada (0.0259)
7786,oxidada (0.0272),urgência (0.0282),rondônia (0.0000),envelhecido (0.0242),comunicam (0.0259)
7787,suavizando (0.0272),testemunhara (0.0282),coalho (0.0000),preparo (0.0242),nesta (0.0259)
7788,influencia (0.0272),rapidamente (0.0282),corcunda (0.0000),leais (0.0242),sofisticada (0.0259)
7789,invisibilização (0.0272),inevitavelmente (0.0282),sudestino (0.0000),perco (0.0242),forno (0.0259)
7790,vícios (0.0272),honestamente (0.0282),ciranda (0.0000),compromisso (0.0242),cantinho (0.0259)
7791,esvoaçando (0.0272),teimando (0.0282),colaram (0.0000),resistências (0.0242),fotos (0.0259)
7792,repicado (0.0272),existam (0.0282),stress (0.0000),dedica (0.0242),agarram (0.0259)
7793,gelo (0.0272),deslumbrantes (0.0282),coco (0.0000),jataí (0.0242),franja (0.0259)
7794,torço (0.0272),influenciariam (0.0282),cora (0.0000),negócio (0.0242),descem (0.0259)
7795,lampião (0.0272),gaveta (0.0282),coradas (0.0000),escuta (0.0242),torrencial (0.0259)
7796,consoantes (0.0272),persistir (0.0282),seis (0.0000),zona (0.0242),básica (0.0259)
7797,indicam (0.0267),ossatura (0.0282),sela (0.0000),elegantes (0.0242),xilogravura (0.0259)
7798,riquíssima (0.0267),representou (0.0282),cobertas (0.0000),constituição (0.0240),retratando (0.0259)
7799,céus (0.0267),representem (0.0282),sudestina (0.0000),escrevo (0.0240),esbranquiçado (0.0259)
7800,descomplicado (0.0267),cliente (0.0282),classicismo (0.0000),mediano (0.0240),trabalhadoras (0.0259)
7801,intermináveis (0.0267),receptiva (0.0282),coqueirais (0.0000),copa (0.0240),sentado (0.0259)
7802,harmonizava (0.0267),fábrica (0.0282),declaração (0.0000),tronco (0.0240),real (0.0259)
7803,luan (0.0267),período (0.0282),data (0.0000),fusão (0.0240),tradicionalmente (0.0259)
7804,obrigada (0.0267),esvoaçava (0.0282),decidirem (0.0000),fiz (0.0240),traduzem (0.0259)
7805,cobrindo (0.0267),respeitável (0.0282),clareou (0.0000),castigava (0.0240),glamour (0.0259)
7806,ornava (0.0267),matemática (0.0282),substituir (0.0000),fascinante (0.0240),errar (0.0259)
7807,engenho (0.0267),coloniais (0.0282),sublinhava (0.0000),brasa (0.0240),envelhecida (0.0259)
7808,marítima (0.0267),caros (0.0282),convém (0.0000),oxum (0.0240),sensações (0.0259)
7809,inatas (0.0267),empoderar (0.0282),clareiam (0.0000),complexas (0.0240),equitativo (0.0259)
7810,insistência (0.0267),responder (0.0282),convidam (0.0000),lágrimas (0.0240),transcender (0.0259)
7811,habitavam (0.0267),empreendedor (0.0282),clareia (0.0000),quimono (0.0240),adunco (0.0259)
7812,farinha (0.0267),resposta (0.0282),stars (0.0000),tecia (0.0240),genuínas (0.0259)
7813,calçada (0.0267),amapá (0.0282),startup (0.0000),manusear (0.0240),genuínos (0.0259)
7814,vendo (0.0267),dorzinha (0.0282),clareava (0.0000),fazendeiro (0.0240),formar (0.0259)
7815,usado (0.0267),resquícios (0.0282),clarearam (0.0000),morte (0.0240),peculiaridades (0.0259)
7816,fardos (0.0267),surfar (0.0282),cooperativa (0.0000),hospitalidade (0.0240),esforços (0.0259)
7817,entregam (0.0267),ressaltando (0.0282),coisinhas (0.0000),vários (0.0240),olha (0.0259)
7818,armado (0.0267),biscoito (0.0282),clareamento (0.0000),quais (0.0240),voar (0.0259)
7819,frustrações (0.0267),graus (0.0282),semelhantes (0.0000),ocupar (0.0240),cravar (0.0259)
7820,logística (0.0267),empurrar (0.0282),decidiu (0.0000),emoldurare (0.0240),expostas (0.0259)
7821,corredeiras (0.0267),adquiriu (0.0282),strudel (0.0000),regra (0.0239),sussurradas (0.0259)
7822,particularmente (0.0267),mascavo (0.0282),rosado (0.0000),apaixonado (0.0239),relaxar (0.0259)
7823,lição (0.0267),inusitados (0.0282),coitada (0.0000),indumentária (0.0239),externas (0.0259)
7824,ametista (0.0267),estático (0.0282),clareada (0.0000),privilégio (0.0239),extrair (0.0259)
7825,internacional (0.0267),tensão (0.0282),coexistem (0.0000),sete (0.0239),abriu (0.0259)
7826,inacabada (0.0267),flutuar (0.0282),santos (0.0000),sucesso (0.0239),absolutamente (0.0259)
7827,afetuoso (0.0267),ostente (0.0282),convidativa (0.0000),entendimento (0.0239),sussurrados (0.0259)
7828,labirinto (0.0267),prioridade (0.0282),convivo (0.0000),mudança (0.0239),passaram (0.0259)
7829,secreto (0.0267),embalada (0.0282),rotinas (0.0000),fome (0.0239),familiarizada (0.0259)
7830,cerrados (0.0267),liberava (0.0282),rosário (0.0000),disse (0.0239),cobrem (0.0259)
7831,formou (0.0267),marginal (0.0282),convicto (0.0000),convívio (0.0239),grudar (0.0259)
7832,brotava (0.0267),elis (0.0282),clarice (0.0000),arranjo (0.0239),regulares (0.0259)
7833,históricas (0.0267),afastar (0.0282),classificação (0.0000),usam (0.0239),regular (0.0259)
7834,mocinha (0.0267),estratégico (0.0282),submissa (0.0000),misturo (0.0239),coexistir (0.0259)
7835,acentua (0.0267),estreito (0.0282),suavizar (0.0000),ambientais (0.0239),habilidoso (0.0259)
7836,severo (0.0267),eficiência (0.0282),decide (0.0000),reto (0.0239),ocupação (0.0259)
7837,queimando (0.0267),arados (0.0282),decepções (0.0000),questionar (0.0239),cativa (0.0259)
7838,envolvendo (0.0267),carinhosamente (0.0282),semi (0.0000),verdadeiro (0.0239),briga (0.0259)
7839,guardasse (0.0267),inserção (0.0282),decepção (0.0000),dualidade (0.0239),crescem (0.0259)
7840,singulares (0.0267),emociono (0.0282),classe (0.0000),enigma (0.0239),refletidas (0.0259)
7841,queimadas (0.0267),osso (0.0282),clarão (0.0000),colho (0.0239),tilintavam (0.0259)
7842,bacana (0.0267),vier (0.0282),crescerem (0.0000),introspectivo (0.0239),grudenta (0.0259)
7843,ecléticos (0.0267),pertença (0.0282),decidi (0.0000),rodeia (0.0237),patos (0.0259)
7844,formado (0.0267),estudiosa (0.0282),decidida (0.0000),janela (0.0237),entendia (0.0259)
7845,educar (0.0267),amamenta (0.0282),rosados (0.0000),envolvia (0.0237),breve (0.0259)
7846,suma (0.0267),echarpe (0.0282),codó (0.0000),arame (0.0237),instala (0.0259)
7847,conserto (0.0267),maravilhosas (0.0282),decepcionar (0.0000),frescos (0.0237),sujeito (0.0259)
7848,interação (0.0267),inquietação (0.0282),suavizado (0.0000),ajudava (0.0237),possuem (0.0259)
7849,coalho (0.0267),afirmando (0.0282),submeter (0.0000),mania (0.0237),doem (0.0259)
7850,fria (0.0267),evangélica (0.0282),daquilo (0.0000),olhando (0.0237),ruins (0.0259)
7851,chamou (0.0267),combinar (0.0282),clarinhos (0.0000),macio (0.0237),universal (0.0259)
7852,melhorar (0.0267),inunda (0.0282),clarinho (0.0000),fluindo (0.0237),aproximava (0.0259)
7853,cruel (0.0267),disposto (0.0282),claudicar (0.0000),organizada (0.0237),mecânica (0.0259)
7854,ônix (0.0267),cisnormatividade (0.0282),sapeca (0.0000),praticante (0.0237),lama (0.0259)
7855,pixie (0.0267),habituou (0.0282),cordial (0.0000),filmes (0.0237),conselhos (0.0259)
7856,falecida (0.0267),adequar (0.0282),claudicação (0.0000),coletadas (0.0237),artístico (0.0259)
7857,saco (0.0267),terrenos (0.0282),decididos (0.0000),filme (0.0237),juazeiros (0.0259)
7858,naquilo (0.0267),disfarçá (0.0282),claudinha (0.0000),pedaços (0.0237),mesclam (0.0259)
7859,favorito (0.0267),discuto (0.0282),convictos (0.0000),jogando (0.0237),posiciona (0.0259)
7860,falham (0.0267),ambivalência (0.0282),rosadas (0.0000),preserva (0.0236),usadas (0.0259)
7861,famoso (0.0267),azedo (0.0282),decentemente (0.0000),curtido (0.0236),elemento (0.0259)
7862,julgadores (0.0267),organizações (0.0282),clichês (0.0000),glamouroso (0.0236),baseado (0.0259)
7863,mistos (0.0267),adentro (0.0282),sucedidas (0.0000),ajudou (0.0236),populações (0.0259)
7864,resquício (0.0267),cintilavam (0.0282),copo (0.0000),guerreiros (0.0236),incorporando (0.0259)
7865,parques (0.0267),retraída (0.0282),clube (0.0000),tela (0.0236),arde (0.0259)
7866,manjericão (0.0267),exigir (0.0282),debatida (0.0000),máquinas (0.0236),emolduradas (0.0259)
7867,contudo (0.0267),esquecido (0.0282),ciúmes (0.0000),pontas (0.0236),contemporaneidade (0.0259)
7868,fenda (0.0267),organizado (0.0282),sucediam (0.0000),pertence (0.0236),enfiar (0.0259)
7869,variavam (0.0267),retêm (0.0282),sucedida (0.0000),rígidas (0.0236),precisas (0.0259)
7870,fivela (0.0267),inspirações (0.0282),roraimense (0.0000),enfrentando (0.0236),conservava (0.0259)
7871,polido (0.0267),dinâmica (0.0282),classes (0.0000),aprecio (0.0235),usem (0.0259)
7872,abelhas (0.0267),stars (0.0282),crescemos (0.0000),42 (0.0235),incansavelmente (0.0259)
7873,assumida (0.0267),cantadores (0.0282),clubes (0.0000),correm (0.0235),influenciando (0.0259)
7874,carisma (0.0267),diminuía (0.0282),suavizaram (0.0000),repousa (0.0235),amado (0.0259)
7875,garoto (0.0267),encara (0.0282),streetwear (0.0000),morado (0.0235),contador (0.0259)
7876,encontrada (0.0267),areião (0.0282),style (0.0000),áreas (0.0235),verdadeiras (0.0259)
7877,recusam (0.0267),agradecendo (0.0282),cla (0.0000),joaquim (0.0235),tecnologias (0.0259)
7878,catarinense (0.0267),afluentes (0.0282),suavizava (0.0000),lavagem (0.0235),superados (0.0259)
7879,entenderam (0.0267),ressignifica (0.0282),colada (0.0000),residem (0.0235),pisaram (0.0259)
7880,sudestino (0.0267),transformavam (0.0282),sucedido (0.0000),evocam (0.0235),caíam (0.0257)
7881,existente (0.0267),voltados (0.0282),semelhança (0.0000),chanel (0.0235),decorada (0.0256)
7882,refletidos (0.0267),ressignificando (0.0282),clássica (0.0000),curvada (0.0235),cantado (0.0256)
7883,inegáveis (0.0267),comerciantes (0.0282),clássicas (0.0000),maiores (0.0235),abrangendo (0.0256)
7884,interseção (0.0267),diários (0.0282),cissa (0.0000),tapeçaria (0.0235),desconexão (0.0256)
7885,impunham (0.0267),meias (0.0282),suavizavam (0.0000),esculpindo (0.0233),folha (0.0256)
7886,soltando (0.0267),reclama (0.0282),colagem (0.0000),espera (0.0233),reflexão (0.0256)
7887,abertas (0.0267),divulgar (0.0282),cisnormativo (0.0000),adaptação (0.0233),reluz (0.0256)
7888,silente (0.0267),admiráveis (0.0282),cisnormatividade (0.0000),específicas (0.0233),explosivo (0.0256)
7889,largar (0.0267),carreguem (0.0282),selo (0.0000),almoços (0.0233),perdi (0.0256)
7890,goiabada (0.0267),bobo (0.0282),suados (0.0000),faca (0.0233),andam (0.0256)
7891,cansativa (0.0267),recomeço (0.0282),climático (0.0000),assistindo (0.0233),transparecer (0.0256)
7892,inesperado (0.0267),dividir (0.0282),cliente (0.0000),problemas (0.0233),feridas (0.0256)
7893,rodeio (0.0267),restam (0.0282),coordenando (0.0000),verões (0.0233),ornamentam (0.0256)
7894,maresia (0.0267),aquecido (0.0282),suar (0.0000),digo (0.0233),notava (0.0256)
7895,visito (0.0267),admira (0.0282),decente (0.0000),freelancer (0.0232),reciclado (0.0256)
7896,beijou (0.0267),carrinho (0.0282),clamou (0.0000),confecção (0.0232),foca (0.0256)
7897,transição (0.0267),legítimo (0.0282),rosada (0.0000),ideia (0.0232),aliada (0.0256)
7898,desisto (0.0267),ditado (0.0282),decifrarem (0.0000),aconchego (0.0232),coloquiais (0.0256)
7899,deliciosas (0.0267),boba (0.0282),cola (0.0000),fechada (0.0231),polidas (0.0256)
7900,risco (0.0267),compartilhada (0.0282),convida (0.0000),viajar (0.0231),demorei (0.0256)
7901,abra (0.0267),pagar (0.0282),subtil (0.0000),vincos (0.0231),pragmatismo (0.0256)
7902,implacáveis (0.0267),gritante (0.0282),subtom (0.0000),vinho (0.0231),divertido (0.0256)
7903,beijado (0.0267),fortalecida (0.0282),decifrou (0.0000),curtida (0.0231),inspirada (0.0256)
7904,serpenteava (0.0267),taciturna (0.0282),subtons (0.0000),luas (0.0231),escolas (0.0256)
7905,luminoso (0.0267),atender (0.0282),coordenadora (0.0000),nativa (0.0231),chegando (0.0256)
7906,ensolarados (0.0267),englobar (0.0282),rosáceo (0.0000),short (0.0231),aspirações (0.0256)
7907,venceu (0.0267),anuncia (0.0282),sapato (0.0000),60 (0.0230),franca (0.0256)
7908,barcos (0.0267),55 (0.0282),semear (0.0000),querem (0.0230),intercaladas (0.0256)
7909,somente (0.0267),decifrando (0.0282),cobrava (0.0000),encontrei (0.0230),josé (0.0256)
7910,confio (0.0267),centenário (0.0282),clientes (0.0000),perpetuar (0.0230),pasto (0.0256)
7911,compartilham (0.0267),árduas (0.0282),clamam (0.0000),localização (0.0230),acender (0.0256)
7912,admirável (0.0267),intensidades (0.0282),subúrbio (0.0000),cuidadoso (0.0230),aguentar (0.0256)
7913,abrigo (0.0267),decide (0.0282),semipreciosas (0.0000),rurais (0.0229),conectando (0.0256)
7914,romântica (0.0267),decente (0.0282),cobrando (0.0000),luísa (0.0229),possuir (0.0256)
7915,suculentas (0.0267),contentamento (0.0282),copacabana (0.0000),sede (0.0229),florestas (0.0256)
7916,ousados (0.0267),animados (0.0282),subjugados (0.0000),hábeis (0.0229),aguçado (0.0256)
7917,permeada (0.0267),arrisco (0.0282),conviveu (0.0000),ébano (0.0229),aguenta (0.0256)
7918,fluir (0.0267),simplificações (0.0282),semana (0.0000),ocre (0.0229),limão (0.0256)
7919,crescerem (0.0267),entrava (0.0282),climas (0.0000),cenário (0.0228),caprichada (0.0256)
7920,grisalha (0.0267),imigrante (0.0282),street (0.0000),intrincadas (0.0228),participação (0.0256)
7921,lutei (0.0267),tomates (0.0282),chumbo (0.0000),físicos (0.0228),extraordinário (0.0256)
7922,focada (0.0267),contidos (0.0282),cordialidade (0.0000),ostentava (0.0228),apertada (0.0256)
7923,tentativas (0.0267),imitar (0.0282),cosméticos (0.0000),ceci (0.0227),compreensivo (0.0256)
7924,adolescentes (0.0267),tatuadas (0.0282),degradê (0.0000),cecília (0.0227),novelas (0.0256)
7925,sugerem (0.0267),decote (0.0282),ritualístico (0.0000),berimbau (0.0227),deixe (0.0256)
7926,colégio (0.0267),queria (0.0282),defunto (0.0000),íris (0.0227),acabou (0.0256)
7927,imaginária (0.0267),acabado (0.0282),costeira (0.0000),opiniões (0.0227),valorizada (0.0256)
7928,romance (0.0267),sexual (0.0282),roberto (0.0000),variações (0.0227),andrógina (0.0256)
7929,modelo (0.0267),moto (0.0282),surfar (0.0000),aro (0.0227),rabiscados (0.0256)
7930,carregarei (0.0267),delineando (0.0282),craquela (0.0000),participa (0.0227),atrai (0.0256)
7931,impactante (0.0267),botar (0.0282),chamaram (0.0000),tato (0.0226),moço (0.0256)
7932,manchada (0.0267),acadêmico (0.0282),sc (0.0000),violência (0.0226),beijava (0.0256)
7933,desconfiança (0.0267),interações (0.0282),craquelada (0.0000),confusão (0.0226),beijos (0.0256)
7934,justificativas (0.0267),farol (0.0282),surgia (0.0000),vivas (0.0226),interrompida (0.0256)
7935,bento (0.0267),andróginos (0.0282),surf (0.0000),polo (0.0226),ordem (0.0256)
7936,irreverente (0.0267),movimentação (0.0282),chamaremos (0.0000),totalidade (0.0225),atravessa (0.0256)
7937,medalhas (0.0267),imagina (0.0282),sci (0.0000),minimalista (0.0225),floridos (0.0256)
7938,mensagem (0.0267),construía (0.0282),science (0.0000),seda (0.0224),absorvendo (0.0256)
7939,insegurança (0.0267),nego (0.0282),robô (0.0000),clássica (0.0224),nuance (0.0256)
7940,tilintam (0.0267),chef (0.0282),surdo (0.0000),translúcida (0.0224),expressivas (0.0256)
7941,peculiares (0.0267),nega (0.0282),chamas (0.0000),requer (0.0224),característicos (0.0256)
7942,povos (0.0264),improviso (0.0282),chamativa (0.0000),ornamentava (0.0224),encontrado (0.0256)
7943,respeitados (0.0263),escritos (0.0282),chamativas (0.0000),neutras (0.0224),paulistas (0.0256)
7944,envelhecida (0.0263),chapadões (0.0282),surfe (0.0000),continuo (0.0224),torrentes (0.0256)
7945,esboçam (0.0263),contagiosas (0.0282),deitar (0.0000),curar (0.0224),lados (0.0256)
7946,intensificou (0.0263),impactam (0.0282),secretária (0.0000),diferença (0.0224),adequado (0.0256)
7947,familiarizado (0.0263),códigos (0.0282),surpreenda (0.0000),danças (0.0223),evolução (0.0256)
7948,reduzida (0.0263),mostro (0.0282),surpreendem (0.0000),48 (0.0223),pensam (0.0256)
7949,lona (0.0263),esbranquiçada (0.0282),costumeiro (0.0000),comportamento (0.0223),quadros (0.0256)
7950,pairando (0.0263),lápis (0.0282),surpreende (0.0000),vinco (0.0223),molhado (0.0256)
7951,redondo (0.0263),incomodarem (0.0282),craque (0.0000),poncho (0.0223),entonação (0.0256)
7952,nagôs (0.0263),incomodam (0.0282),riscos (0.0000),etnias (0.0222),roceiros (0.0256)
7953,sussurradas (0.0263),percebo (0.0282),saíam (0.0000),estereótipo (0.0222),associados (0.0256)
7954,atitude (0.0263),macaxeira (0.0282),surpreendam (0.0000),assistir (0.0221),prato (0.0256)
7955,assusta (0.0263),pérola (0.0282),saída (0.0000),negritude (0.0220),costura (0.0256)
7956,fincados (0.0263),note (0.0282),risinhos (0.0000),formais (0.0220),evidenciam (0.0256)
7957,abriu (0.0263),brandos (0.0282),ch (0.0000),intrincado (0.0220),básico (0.0256)
7958,pede (0.0263),jangadas (0.0282),surgiam (0.0000),mundos (0.0220),labor (0.0256)
7959,racista (0.0263),límpido (0.0282),chacoalham (0.0000),sagrada (0.0219),funde (0.0256)
7960,enrugados (0.0263),cerco (0.0282),chacota (0.0000),tapajós (0.0219),fundem (0.0256)
7961,associadas (0.0263),naquelas (0.0282),chaleira (0.0000),30 (0.0218),teimosas (0.0256)
7962,potencial (0.0263),erros (0.0282),surgir (0.0000),criaram (0.0218),estudar (0.0256)
7963,reflexiva (0.0263),impossíveis (0.0282),surgindo (0.0000),tecnologia (0.0216),amoroso (0.0256)
7964,usei (0.0263),convidam (0.0282),saídas (0.0000),sagrados (0.0216),desalinhados (0.0256)
7965,melanina (0.0263),perde (0.0282),saído (0.0000),fictício (0.0216),trabalham (0.0256)
7966,cantou (0.0263),erro (0.0282),ritmadas (0.0000),chamado (0.0215),bisavós (0.0256)
7967,grãos (0.0263),articuladas (0.0282),chamadas (0.0000),vestindo (0.0213),surpresa (0.0256)
7968,quindim (0.0263),finaliza (0.0282),supostamente (0.0000),espiritual (0.0213),nódulo (0.0256)
7969,íntima (0.0263),performances (0.0282),suportar (0.0000),descrições (0.0212),passarinho (0.0256)
7970,grudenta (0.0263),regina (0.0282),suponho (0.0000),trama (0.0212),corpos (0.0256)
7971,angústia (0.0263),incomodá (0.0282),charutos (0.0000),tecidas (0.0212),lavouras (0.0256)
7972,secreta (0.0263),serviram (0.0282),definitiva (0.0000),redes (0.0211),precisam (0.0256)
7973,possuem (0.0263),assustou (0.0282),chapéus (0.0000),crescido (0.0211),coloca (0.0256)
7974,sábio (0.0263),isa (0.0282),craquelando (0.0000),focando (0.0209),cobertos (0.0256)
7975,desrespeito (0.0263),entrelinhas (0.0282),charmosa (0.0000),preservar (0.0209),exceção (0.0256)
7976,passaram (0.0263),playlists (0.0282),cortante (0.0000),tribo (0.0209),agradece (0.0256)
7977,usadas (0.0263),irônica (0.0282),definisse (0.0000),cipó (0.0209),impõem (0.0256)
7978,entendia (0.0263),criados (0.0282),charmoso (0.0000),pretas (0.0208),alívio (0.0256)
7979,partilha (0.0263),arrumadas (0.0282),superficialidades (0.0000),conhecimentos (0.0208),dito (0.0256)
7980,equitativo (0.0263),aprimorar (0.0282),charuto (0.0000),aisha (0.0204),atentos (0.0256)
7981,ocidental (0.0263),criativas (0.0282),superficiais (0.0000),símbolos (0.0202),sombreava (0.0256)
7982,básica (0.0263),assola (0.0282),cosmopolitas (0.0000),pois (0.0202),costuro (0.0256)
7983,complementava (0.0263),felizes (0.0282),chaves (0.0000),território (0.0201),sobreposto (0.0256)
7984,grampos (0.0263),contraem (0.0282),chef (0.0000),jenipapo (0.0200),puxados (0.0254)
7985,variáveis (0.0263),genérico (0.0282),chefe (0.0000),kaiowá (0.0195),assis (0.0253)
7986,mastigação (0.0263),contrapõem (0.0282),superei (0.0000),iá (0.0194),centros (0.0253)
7987,fervor (0.0263),criatura (0.0282),sardento (0.0000),classe (0.0182),etiqueta (0.0253)
7988,cansativo (0.0263),anoitecer (0.0282),superciliar (0.0000),etnia (0.0169),transcendiam (0.0253)
7989,desejos (0.0263),machistas (0.0282),definirem (0.0000),dependerão (0.0000),promovem (0.0253)
7990,mini (0.0263),mês (0.0282),sarcástico (0.0000),abraçaram (0.0000),cenários (0.0253)
7991,íntimo (0.0263),entediado (0.0282),rocha (0.0000),abraçado (0.0000),formiga (0.0253)
7992,entoação (0.0263),ativos (0.0282),chapinha (0.0000),der (0.0000),curtindo (0.0253)
7993,cravar (0.0263),consideração (0.0282),craquelam (0.0000),diretamente (0.0000),etiquetas (0.0253)
7994,descem (0.0263),portugal (0.0282),chapadões (0.0000),acumulados (0.0000),jeitinho (0.0253)
7995,sutileza (0.0263),reforça (0.0282),chapadão (0.0000),cicatrizando (0.0000),traduzia (0.0253)
7996,anunciam (0.0263),tranquilas (0.0282),cosmopolita (0.0000),direi (0.0000),fisionomia (0.0253)
7997,feminista (0.0263),bebida (0.0282),roceiros (0.0000),causam (0.0000),descrito (0.0253)
7998,queridas (0.0263),descritas (0.0282),superstições (0.0000),depósito (0.0000),interage (0.0253)
7999,coexistir (0.0263),cozida (0.0282),superou (0.0000),abraçarem (0.0000),compreendido (0.0253)
8000,abelha (0.0263),solidez (0.0282),sebos (0.0000),cicatrizados (0.0000),levanta (0.0253)
8001,juazeiros (0.0263),agronegócio (0.0282),superiores (0.0000),ajudem (0.0000),luminosidade (0.0253)
8002,movimentava (0.0263),enrijecidos (0.0282),secado (0.0000),depreciativo (0.0000),comerciante (0.0253)
8003,nublados (0.0263),achavam (0.0282),definiu (0.0000),dependeria (0.0000),piranha (0.0253)
8004,pisaram (0.0263),desconcertante (0.0282),secar (0.0000),dependerá (0.0000),conhecendo (0.0253)
8005,familiarizada (0.0263),arraigado (0.0282),chamou (0.0000),abraçavam (0.0000),permeava (0.0253)
8006,pertencia (0.0263),interessam (0.0282),cortês (0.0000),ajude (0.0000),cuidam (0.0253)
8007,válvula (0.0263),sola (0.0282),chamá (0.0000),aconteceu (0.0000),encantadora (0.0253)
8008,estiagens (0.0263),integração (0.0282),corto (0.0000),derivados (0.0000),olhinhos (0.0253)
8009,bibliotecária (0.0263),descobertas (0.0282),chanel (0.0000),ajudavam (0.0000),metáforas (0.0253)
8010,esporte (0.0263),individualista (0.0282),superfícies (0.0000),ajeitava (0.0000),medicinal (0.0253)
8011,bordava (0.0263),tropeço (0.0282),sardinha (0.0000),catálogo (0.0000),modesta (0.0253)
8012,poeirentas (0.0263),escritas (0.0282),chapado (0.0000),ajudantes (0.0000),coloquial (0.0253)
8013,sensações (0.0263),aproximam (0.0282),craquelados (0.0000),canal (0.0000),sustentabilidade (0.0253)
8014,briga (0.0263),romper (0.0282),secreto (0.0000),abrigando (0.0000),bronzeava (0.0253)
8015,sujeito (0.0263),desdentado (0.0282),riscas (0.0000),celebrados (0.0000),fôlego (0.0253)
8016,relaciono (0.0263),barzinho (0.0282),deixara (0.0000),católicas (0.0000),assado (0.0253)
8017,conservava (0.0263),enigmático (0.0282),surpreendentemente (0.0000),acreditamos (0.0000),marcavam (0.0253)
8018,data (0.0263),taque (0.0282),satisfações (0.0000),diminutivos (0.0000),deliberados (0.0253)
8019,espessa (0.0263),integrada (0.0282),coubesse (0.0000),diminuía (0.0000),deveria (0.0253)
8020,depender (0.0263),15 (0.0282),couberam (0.0000),chês (0.0000),ofuscante (0.0253)
8021,externas (0.0263),mocidade (0.0282),sustentaram (0.0000),camurça (0.0000),cosmopolita (0.0253)
8022,daquilo (0.0263),olhadas (0.0282),coturnos (0.0000),derrama (0.0000),biotipo (0.0253)
8023,encaixe (0.0263),posses (0.0282),rimas (0.0000),camuflado (0.0000),nacional (0.0253)
8024,honra (0.0263),espelham (0.0282),cenários (0.0000),diminuírem (0.0000),guiaram (0.0253)
8025,comunicam (0.0263),reformas (0.0282),cera (0.0000),dinheirinho (0.0000),nesses (0.0253)
8026,tilintavam (0.0263),confeitaria (0.0282),rindo (0.0000),campineiro (0.0000),grato (0.0253)
8027,histórico (0.0263),versatilidade (0.0282),cotidianos (0.0000),causado (0.0000),visita (0.0253)
8028,fabricadas (0.0263),extensões (0.0282),saudades (0.0000),cicatriza (0.0000),considerar (0.0253)
8029,sentem (0.0263),chorando (0.0282),del (0.0000),dinossauro (0.0000),misturavam (0.0253)
8030,tendência (0.0263),desenham (0.0282),sussurrado (0.0000),dinâmica (0.0000),costume (0.0253)
8031,elemento (0.0263),rompe (0.0282),cotidianamente (0.0000),dinâmicas (0.0000),levava (0.0253)
8032,consiste (0.0263),positiva (0.0282),rir (0.0000),cicatrizadas (0.0000),choque (0.0253)
8033,exato (0.0263),posicionado (0.0282),deliberado (0.0000),diploma (0.0000),pros (0.0253)
8034,produzindo (0.0263),rompendo (0.0282),saudosa (0.0000),causados (0.0000),signifique (0.0253)
8035,encontravam (0.0263),desejar (0.0282),delgada (0.0000),abraçada (0.0000),demonstração (0.0253)
8036,poesias (0.0263),arquiteto (0.0282),deleite (0.0000),causar (0.0000),cânticos (0.0253)
8037,peculiaridades (0.0263),prevalece (0.0282),delatam (0.0000),ajudo (0.0000),acolheram (0.0253)
8038,conflitos (0.0263),semelhantes (0.0282),cotações (0.0000),cede (0.0000),branquear (0.0253)
8039,informada (0.0263),refresca (0.0282),country (0.0000),aboios (0.0000),sozinho (0.0253)
8040,represente (0.0263),pintei (0.0282),sustentavam (0.0000),aborda (0.0000),envolvem (0.0253)
8041,encontram (0.0263),idiomas (0.0282),centenários (0.0000),abordada (0.0000),liberal (0.0253)
8042,opala (0.0263),óbvio (0.0282),centenário (0.0000),ciclismo (0.0000),75m (0.0253)
8043,braçais (0.0263),tique (0.0282),deliciosamente (0.0000),abordagem (0.0000),ajudante (0.0253)
8044,baru (0.0263),preparação (0.0282),celebro (0.0000),albino (0.0000),mista (0.0253)
8045,rodeiam (0.0263),apertam (0.0282),suíço (0.0000),alberto (0.0000),lembretes (0.0253)
8046,iluminando (0.0263),aceitando (0.0282),celta (0.0000),dentição (0.0000),pratica (0.0253)
8047,ile (0.0263),sobrevivi (0.0282),suéter (0.0000),abotoada (0.0000),dependeria (0.0253)
8048,prece (0.0263),derivar (0.0282),coxilha (0.0000),alaúde (0.0000),suspiro (0.0253)
8049,prazer (0.0263),conservada (0.0282),coxear (0.0000),alargador (0.0000),exterior (0.0253)
8050,empreendedora (0.0263),rápidas (0.0282),sarja (0.0000),alardes (0.0000),severidade (0.0253)
8051,bar (0.0263),quilombos (0.0282),cem (0.0000),denunciar (0.0000),externo (0.0253)
8052,virtudes (0.0263),morre (0.0282),satisfatórios (0.0000),denunciasse (0.0000),extravagante (0.0253)
8053,consegui (0.0263),familiarizados (0.0282),sutilezas (0.0000),dentre (0.0000),trancinhas (0.0253)
8054,protesto (0.0263),andava (0.0282),cena (0.0000),dentista (0.0000),foge (0.0253)
8055,poderoso (0.0263),sabemos (0.0282),covinhas (0.0000),discernimento (0.0000),variável (0.0253)
8056,conselhos (0.0263),considerado (0.0282),covinha (0.0000),denta (0.0000),controlar (0.0253)
8057,casamentos (0.0263),acalorados (0.0282),couve (0.0000),densa (0.0000),shows (0.0253)
8058,luís (0.0263),conseguiram (0.0282),deliciosa (0.0000),densas (0.0000),massa (0.0253)
8059,casamento (0.0263),morenas (0.0282),sustos (0.0000),abençoar (0.0000),escapavam (0.0253)
8060,regular (0.0263),chico (0.0282),sustentáveis (0.0000),denso (0.0000),inseparável (0.0253)
8061,quebram (0.0263),espalhado (0.0282),sustente (0.0000),alcançam (0.0000),eletrônica (0.0253)
8062,brotavam (0.0263),moradores (0.0282),cercando (0.0000),abençoe (0.0000),meter (0.0253)
8063,resolver (0.0263),conquistadas (0.0282),costureiras (0.0000),discos (0.0000),lentamente (0.0253)
8064,incomum (0.0263),falha (0.0282),riscando (0.0000),dentinhos (0.0000),movendo (0.0253)
8065,demorei (0.0260),baseada (0.0282),cerveja (0.0000),caminhoneiro (0.0000),colonial (0.0253)
8066,compartilhado (0.0260),cajado (0.0282),surrados (0.0000),discordando (0.0000),chora (0.0253)
8067,compreensivo (0.0260),acentuam (0.0282),certezas (0.0000),disciplinado (0.0000),ralos (0.0253)
8068,durabilidade (0.0260),sobrinhas (0.0282),certidão (0.0000),abertos (0.0000),gesticulavam (0.0250)
8069,reconhecida (0.0260),apagava (0.0282),costura (0.0000),caminhonete (0.0000),gesticula (0.0250)
8070,pensam (0.0260),rabisco (0.0282),cozinhava (0.0000),abertura (0.0000),interesso (0.0250)
8071,enfeites (0.0260),identifique (0.0282),certinha (0.0000),alarde (0.0000),testemunhando (0.0250)
8072,fluía (0.0260),sábias (0.0282),surpreso (0.0000),abracei (0.0000),sofremos (0.0250)
8073,ocupadas (0.0260),guerreira (0.0281),cozinheira (0.0000),campinas (0.0000),transparecem (0.0250)
8074,intriga (0.0260),celebração (0.0280),surpresas (0.0000),cedendo (0.0000),gritar (0.0250)
8075,interrompida (0.0260),pintura (0.0280),cervejaria (0.0000),campestres (0.0000),atentamente (0.0250)
8076,versos (0.0260),trabalhado (0.0279),costureira (0.0000),dirige (0.0000),colhia (0.0250)
8077,quadros (0.0260),negra (0.0278),cozinheiras (0.0000),diriam (0.0000),charmoso (0.0250)
8078,chegando (0.0260),águas (0.0277),cozinho (0.0000),abranger (0.0000),filhas (0.0250)
8079,inovação (0.0260),batismo (0.0275),cervejas (0.0000),direção (0.0000),medicina (0.0250)
8080,estórias (0.0260),maravilhosos (0.0275),saí (0.0000),diretor (0.0000),ficou (0.0250)
8081,reflexão (0.0260),reflita (0.0275),cervejinha (0.0000),dependente (0.0000),otimismo (0.0250)
8082,engole (0.0260),preconceituosos (0.0275),surpresa (0.0000),abrangente (0.0000),compor (0.0250)
8083,alternando (0.0260),baú (0.0275),surpreendo (0.0000),desinformação (0.0000),pobre (0.0250)
8084,conseguiu (0.0260),apresentável (0.0275),riscadinhas (0.0000),catolicismo (0.0000),figurino (0.0250)
8085,fechado (0.0260),emocionais (0.0275),saía (0.0000),desilusões (0.0000),fresquinho (0.0250)
8086,concentrada (0.0260),libertar (0.0275),deixei (0.0000),causando (0.0000),inerentemente (0.0250)
8087,fontes (0.0260),alegram (0.0275),certeiras (0.0000),dependentes (0.0000),ouvidos (0.0250)
8088,espetado (0.0260),escondendo (0.0275),costurado (0.0000),campina (0.0000),sentada (0.0250)
8089,colarinho (0.0260),princípio (0.0275),certamente (0.0000),dirigia (0.0000),estranham (0.0250)
8090,datas (0.0260),parado (0.0275),cozinham (0.0000),abrangendo (0.0000),estranhos (0.0250)
8091,rabiscados (0.0260),mangabeiras (0.0275),cercar (0.0000),alaranjados (0.0000),personagem (0.0250)
8092,atravessa (0.0260),generosas (0.0275),cercaram (0.0000),dirijo (0.0000),inesperadas (0.0250)
8093,creio (0.0260),palco (0.0275),suspiros (0.0000),ciclicidade (0.0000),milenares (0.0250)
8094,propósito (0.0260),chegados (0.0275),costuras (0.0000),alaranjado (0.0000),fruta (0.0250)
8095,cangaceiros (0.0260),espada (0.0275),costuraram (0.0000),camisas (0.0000),marés (0.0250)
8096,linguajar (0.0260),parente (0.0275),cerco (0.0000),alagoano (0.0000),intimamente (0.0250)
8097,ioga (0.0260),permeadas (0.0275),cercou (0.0000),al (0.0000),murmúrio (0.0250)
8098,exceção (0.0260),mamão (0.0275),cereais (0.0000),ajustes (0.0000),acesso (0.0250)
8099,atentos (0.0260),ensinadas (0.0275),cozinhando (0.0000),ajustavam (0.0000),binariedade (0.0250)
8100,trata (0.0260),remédio (0.0275),suspirar (0.0000),abrange (0.0000),mancar (0.0250)
8101,harmoniosamente (0.0260),enrolar (0.0275),suspensa (0.0000),departamento (0.0000),panela (0.0250)
8102,avental (0.0260),reparos (0.0275),sushi (0.0000),dependam (0.0000),panelas (0.0250)
8103,associados (0.0260),cativam (0.0275),cerquei (0.0000),cicinho (0.0000),justas (0.0250)
8104,vizinhança (0.0260),livraria (0.0275),suscetíveis (0.0000),cici (0.0000),rádio (0.0250)
8105,originalidade (0.0260),ajustavam (0.0275),sururu (0.0000),campeira (0.0000),morenos (0.0250)
8106,múltiplos (0.0260),sustos (0.0275),riram (0.0000),dependem (0.0000),casinha (0.0250)
8107,absorvendo (0.0260),gostava (0.0275),cozinharam (0.0000),derramei (0.0000),brilharem (0.0250)
8108,disposta (0.0260),preocupada (0.0275),surrealismo (0.0000),celebrava (0.0000),abóbora (0.0250)
8109,oralidade (0.0260),enfrentado (0.0275),chegados (0.0000),celebramos (0.0000),mudado (0.0250)
8110,florestas (0.0260),integrado (0.0275),crateús (0.0000),churrasqueira (0.0000),acompanharam (0.0250)
8111,aventureira (0.0260),manejando (0.0275),cordinha (0.0000),desafiem (0.0000),absorvido (0.0250)
8112,cravadas (0.0260),prendem (0.0275),dedilharem (0.0000),diferenciava (0.0000),interiorzão (0.0250)
8113,permeado (0.0260),engajamento (0.0275),cremes (0.0000),cem (0.0000),taipa (0.0250)
8114,consiga (0.0260),espetáculo (0.0275),corredores (0.0000),aguardava (0.0000),determinadas (0.0250)
8115,pesam (0.0260),agradável (0.0275),seguinte (0.0000),cema (0.0000),esqueçam (0.0250)
8116,barbante (0.0260),entenderiam (0.0275),seguintes (0.0000),aguarda (0.0000),coube (0.0250)
8117,experimento (0.0260),cisterna (0.0275),chácara (0.0000),agrônomo (0.0000),perna (0.0250)
8118,ong (0.0260),causam (0.0275),sujo (0.0000),carente (0.0000),integrando (0.0250)
8119,enfeitadas (0.0260),sólido (0.0275),dedo (0.0000),canta (0.0000),ornamenta (0.0250)
8120,alívio (0.0260),cerrada (0.0275),cremoso (0.0000),desafiou (0.0000),diálogo (0.0250)
8121,numerosa (0.0260),ajustar (0.0275),chês (0.0000),diferenciar (0.0000),consequência (0.0250)
8122,animadamente (0.0260),esculpo (0.0275),sujeito (0.0000),acre (0.0000),beijada (0.0250)
8123,demonstrar (0.0260),paraty (0.0275),chuvoso (0.0000),desaforo (0.0000),balançar (0.0248)
8124,araras (0.0260),insolação (0.0275),seguiram (0.0000),cantada (0.0000),teço (0.0248)
8125,multidão (0.0260),representadas (0.0275),cicatriza (0.0000),acaba (0.0000),pergunta (0.0248)
8126,teimosas (0.0260),tamanho (0.0275),corporalmente (0.0000),abóboras (0.0000),sugeriam (0.0248)
8127,salto (0.0260),machucados (0.0275),crendices (0.0000),designs (0.0000),incluem (0.0248)
8128,afetam (0.0260),afirmo (0.0275),dedilhar (0.0000),abuso (0.0000),ansiosa (0.0248)
8129,orgulhar (0.0260),esforçam (0.0275),sujeitas (0.0000),abundância (0.0000),informalidade (0.0248)
8130,afiada (0.0260),grandiosidade (0.0275),dedicou (0.0000),desafie (0.0000),proporciona (0.0248)
8131,selvagens (0.0260),chamaremos (0.0275),sujeira (0.0000),desafiavam (0.0000),afável (0.0248)
8132,desvendar (0.0260),ligeira (0.0275),cicatrizados (0.0000),aguente (0.0000),matinal (0.0248)
8133,inspirada (0.0260),entreaberta (0.0275),creme (0.0000),cansava (0.0000),refletido (0.0248)
8134,masculinos (0.0260),esforçar (0.0275),creio (0.0000),celular (0.0000),acolher (0.0248)
8135,vigor (0.0260),magras (0.0275),definindo (0.0000),categoria (0.0000),saliente (0.0248)
8136,pasto (0.0260),limitado (0.0275),churrasco (0.0000),abundantemente (0.0000),agrícolas (0.0248)
8137,musgo (0.0260),encantamento (0.0275),chove (0.0000),categorizar (0.0000),guimarães (0.0248)
8138,tutu (0.0260),gargantilha (0.0275),cravejados (0.0000),cansativa (0.0000),sofreu (0.0248)
8139,normal (0.0260),carroça (0.0275),chover (0.0000),agulhas (0.0000),pertencer (0.0248)
8140,passarinho (0.0260),alimentar (0.0275),chuan (0.0000),abundante (0.0000),enfrentados (0.0248)
8141,particularidades (0.0260),livrar (0.0275),corretamente (0.0000),desafiadores (0.0000),contradição (0.0248)
8142,desabrocham (0.0260),afeta (0.0275),correrias (0.0000),agrícolas (0.0000),hesitante (0.0248)
8143,precisam (0.0260),gritantes (0.0275),segui (0.0000),diferenciados (0.0000),apego (0.0248)
8144,hostil (0.0260),iluminadas (0.0275),chunky (0.0000),catinga (0.0000),entendendo (0.0248)
8145,pedido (0.0260),desabrochar (0.0275),churrascarias (0.0000),acabo (0.0000),proximidade (0.0248)
8146,ponderado (0.0260),ruído (0.0275),churrascos (0.0000),desalinhado (0.0000),exibindo (0.0248)
8147,rebelar (0.0260),derreter (0.0275),chuvosas (0.0000),agropecuário (0.0000),modos (0.0248)
8148,deságua (0.0260),rédeas (0.0275),churrasqueira (0.0000),agropecuária (0.0000),arraigados (0.0248)
8149,observadores (0.0260),sabonete (0.0275),churrasquinho (0.0000),agronômica (0.0000),habilidosos (0.0248)
8150,classe (0.0259),tirava (0.0275),chutava (0.0000),catarinenses (0.0000),liga (0.0248)
8151,atraía (0.0257),saborear (0.0275),saraus (0.0000),diarista (0.0000),abandonar (0.0248)
8152,defendendo (0.0257),cafeteira (0.0275),romance (0.0000),chamou (0.0000),externa (0.0248)
8153,adornavam (0.0257),questiono (0.0275),correntes (0.0000),diferencia (0.0000),integral (0.0248)
8154,lentamente (0.0257),construídos (0.0275),seguida (0.0000),centenas (0.0000),andamento (0.0248)
8155,femininos (0.0257),olhada (0.0275),sulcado (0.0000),agronomia (0.0000),equilibrar (0.0248)
8156,ave (0.0257),àquela (0.0275),chuvosa (0.0000),agronegócio (0.0000),passam (0.0248)
8157,objetivos (0.0257),questionada (0.0275),seguiu (0.0000),cantamos (0.0000),variação (0.0248)
8158,fortaleceu (0.0257),questiona (0.0275),segundo (0.0000),agroindústria (0.0000),metais (0.0248)
8159,descrito (0.0257),imaculado (0.0275),suja (0.0000),acadêmicas (0.0000),dançavam (0.0248)
8160,acelerado (0.0257),unido (0.0275),sufocava (0.0000),acabei (0.0000),portuguesas (0.0248)
8161,costume (0.0257),atemporal (0.0275),coro (0.0000),acabaram (0.0000),vizinhas (0.0248)
8162,escorrer (0.0257),imaginário (0.0275),romper (0.0000),dicotomia (0.0000),importe (0.0248)
8163,pulsando (0.0257),imbatível (0.0275),crepitando (0.0000),agruras (0.0000),hábitos (0.0248)
8164,alcançam (0.0257),queimar (0.0275),científica (0.0000),cantados (0.0000),blusas (0.0248)
8165,arqueados (0.0257),idiomáticas (0.0275),corinthians (0.0000),cantadores (0.0000),percepção (0.0248)
8166,unidos (0.0257),rumo (0.0275),dedica (0.0000),dicção (0.0000),geografia (0.0248)
8167,acrescenta (0.0257),bordando (0.0275),cigarro (0.0000),acostumar (0.0000),inquietude (0.0248)
8168,risquinhos (0.0257),falanges (0.0275),cigarros (0.0000),didi (0.0000),parada (0.0248)
8169,entenda (0.0257),verso (0.0275),coringa (0.0000),cena (0.0000),espero (0.0248)
8170,rigidez (0.0257),extensa (0.0275),seguravam (0.0000),acabar (0.0000),madrugadas (0.0246)
8171,representavam (0.0257),pincel (0.0275),cicatrizaram (0.0000),dieta (0.0000),pintas (0.0246)
8172,visita (0.0257),inegociável (0.0275),cimento (0.0000),desajeitadas (0.0000),abandona (0.0246)
8173,sozinho (0.0257),desenhados (0.0275),cinco (0.0000),desajeitada (0.0000),antigamente (0.0246)
8174,maxilar (0.0257),textos (0.0275),cinema (0.0000),deslizando (0.0000),xale (0.0246)
8175,pareço (0.0257),autoconsciência (0.0275),cinemas (0.0000),desaguando (0.0000),servem (0.0246)
8176,classificação (0.0257),confiar (0.0275),sufocante (0.0000),desaforos (0.0000),igualmente (0.0246)
8177,temperado (0.0257),promissor (0.0275),segurei (0.0000),difusa (0.0000),retalhos (0.0246)
8178,interessantes (0.0257),descrevê (0.0275),sufocam (0.0000),chutava (0.0000),significativamente (0.0246)
8179,surgem (0.0257),ladeira (0.0275),sufocada (0.0000),chás (0.0000),enfim (0.0246)
8180,lgbtqiapn (0.0257),desconfortáveis (0.0275),cintila (0.0000),acumularam (0.0000),camisas (0.0246)
8181,extremamente (0.0257),ofensivos (0.0275),cidreira (0.0000),aira (0.0000),colhida (0.0246)
8182,limitada (0.0257),rachaduras (0.0275),segurando (0.0000),celebre (0.0000),nublado (0.0246)
8183,fortalecem (0.0257),individualidades (0.0275),cidadãos (0.0000),canetas (0.0000),contextos (0.0246)
8184,ouvidas (0.0257),conhecemos (0.0275),coroar (0.0000),canga (0.0000),bordadas (0.0246)
8185,cenários (0.0257),rachados (0.0275),romances (0.0000),dignificar (0.0000),salpicam (0.0246)
8186,seguram (0.0257),aceso (0.0275),sugestões (0.0000),desabafar (0.0000),bode (0.0246)
8187,assisto (0.0257),ruguinha (0.0275),cici (0.0000),desligado (0.0000),público (0.0246)
8188,rastas (0.0257),fecho (0.0275),dedicava (0.0000),digitava (0.0000),pairar (0.0246)
8189,ferro (0.0257),imersa (0.0275),segundos (0.0000),dignificam (0.0000),dose (0.0246)
8190,permeava (0.0257),quebradas (0.0275),ciclismo (0.0000),abriram (0.0000),inclinação (0.0246)
8191,70 (0.0257),semiárido (0.0275),sugeriam (0.0000),cangaço (0.0000),ajudei (0.0246)
8192,trago (0.0257),assertivo (0.0275),dedicar (0.0000),abriu (0.0000),zabumba (0.0246)
8193,bicicleta (0.0257),fincado (0.0275),sugerem (0.0000),chuvosas (0.0000),série (0.0246)
8194,firula (0.0257),setenta (0.0275),crente (0.0000),caninha (0.0000),fazendas (0.0246)
8195,preservando (0.0257),sentadas (0.0275),sapucaí (0.0000),derrubando (0.0000),tambor (0.0246)
8196,assuntos (0.0257),punhado (0.0275),cida (0.0000),acumular (0.0000),séries (0.0246)
8197,nesses (0.0257),bronzear (0.0275),sufocavam (0.0000),carnaubais (0.0000),imprecisas (0.0246)
8198,caminhando (0.0257),assada (0.0275),cidadezinha (0.0000),derrubada (0.0000),testemunhava (0.0246)
8199,menor (0.0257),apagados (0.0275),dedicado (0.0000),derrotas (0.0000),perguntam (0.0246)
8200,shows (0.0257),corridas (0.0275),coroas (0.0000),derrota (0.0000),cacto (0.0246)
8201,sampa (0.0257),plataformas (0.0275),cidadã (0.0000),celebrações (0.0000),passeio (0.0246)
8202,modesta (0.0257),cortar (0.0275),rompendo (0.0000),dilemas (0.0000),composição (0.0246)
8203,exterior (0.0257),apagou (0.0275),cidadão (0.0000),derretida (0.0000),impregnada (0.0246)
8204,dependeria (0.0257),ninar (0.0275),chorou (0.0000),aiyana (0.0000),academia (0.0246)
8205,manipulavam (0.0257),sereias (0.0275),correto (0.0000),derreter (0.0000),nota (0.0246)
8206,levanta (0.0257),trabalhão (0.0275),corretora (0.0000),derretem (0.0000),escondiam (0.0246)
8207,tocando (0.0257),couberam (0.0275),sumidos (0.0000),abençoadas (0.0000),tucupi (0.0246)
8208,tilintar (0.0257),inadequada (0.0275),corrigem (0.0000),diluíram (0.0000),imperfeições (0.0246)
8209,tentavam (0.0257),costurou (0.0275),rodeado (0.0000),caneta (0.0000),raro (0.0246)
8210,bondoso (0.0257),perdia (0.0275),cheiram (0.0000),abrindo (0.0000),oração (0.0246)
8211,articulado (0.0257),cruza (0.0275),corrige (0.0000),celebraram (0.0000),oral (0.0246)
8212,conversava (0.0257),ultrapassa (0.0275),super (0.0000),absoluta (0.0000),mitos (0.0246)
8213,lembretes (0.0257),impacta (0.0275),corridos (0.0000),digitam (0.0000),optar (0.0246)
8214,bordas (0.0257),culinárias (0.0275),cheire (0.0000),aguçados (0.0000),habitava (0.0246)
8215,criativos (0.0257),abracei (0.0275),cheirinho (0.0000),agências (0.0000),prontas (0.0246)
8216,enfrentaram (0.0257),máscara (0.0275),rodei (0.0000),aika (0.0000),mula (0.0246)
8217,fisionomia (0.0257),secar (0.0275),cheirosa (0.0000),ai (0.0000),batido (0.0246)
8218,curtindo (0.0257),aninha (0.0275),corridas (0.0000),catingueiras (0.0000),neutra (0.0246)
8219,superações (0.0257),jujuba (0.0275),cheiroso (0.0000),desafiaba (0.0000),cultivaram (0.0246)
8220,cresce (0.0257),piscar (0.0275),rodeio (0.0000),cano (0.0000),partida (0.0246)
8221,fôlego (0.0257),cabiam (0.0275),chi (0.0000),desafiada (0.0000),acompanhavam (0.0246)
8222,mesmos (0.0257),customiza (0.0275),chiado (0.0000),abstrato (0.0000),inteiramente (0.0246)
8223,apegue (0.0257),contradizia (0.0275),corrido (0.0000),absorveu (0.0000),cachorro (0.0244)
8224,especificar (0.0257),anjo (0.0275),chiados (0.0000),celeste (0.0000),fúria (0.0244)
8225,plantada (0.0257),contrapõe (0.0275),rodeios (0.0000),catingueira (0.0000),emanar (0.0244)
8226,pontuando (0.0257),étnicas (0.0275),chic (0.0000),agência (0.0000),interiorana (0.0244)
8227,transcendiam (0.0257),abençoada (0.0275),chico (0.0000),abundam (0.0000),esboçava (0.0244)
8228,bronzeava (0.0257),silenciado (0.0275),superadas (0.0000),canoa (0.0000),costa (0.0244)
8229,considerar (0.0257),traga (0.0275),corrigindo (0.0000),canoas (0.0000),tarefa (0.0244)
8230,leio (0.0257),poderíamos (0.0275),crato (0.0000),desabrochavam (0.0000),graças (0.0244)
8231,misturavam (0.0257),conversado (0.0275),superam (0.0000),abstratas (0.0000),impressas (0.0244)
8232,desfaz (0.0257),percorrido (0.0275),superava (0.0000),canjicas (0.0000),qualidades (0.0244)
8233,gravados (0.0257),percorridos (0.0275),definidora (0.0000),aiko (0.0000),grave (0.0244)
8234,volumosa (0.0257),lampejos (0.0275),superarem (0.0000),canjica (0.0000),respeitado (0.0244)
8235,severidade (0.0257),iam (0.0275),definido (0.0000),diga (0.0000),protegiam (0.0244)
8236,sentar (0.0257),acolhido (0.0275),sedenta (0.0000),deslizam (0.0000),guiando (0.0244)
8237,autênticas (0.0254),piada (0.0275),superaram (0.0000),digam (0.0000),leito (0.0244)
8238,abertos (0.0254),pautas (0.0275),rockabilly (0.0000),desabrochar (0.0000),comércio (0.0244)
8239,exigem (0.0254),dolorosa (0.0275),rodados (0.0000),absorvidos (0.0000),pimenta (0.0244)
8240,combinados (0.0254),dna (0.0275),sedentária (0.0000),digamos (0.0000),paredes (0.0244)
8241,conservadores (0.0254),subsistência (0.0275),chegava (0.0000),celebremos (0.0000),quilinhos (0.0244)
8242,beijada (0.0254),ardendo (0.0275),definiam (0.0000),absorvida (0.0000),litorânea (0.0244)
8243,transparecem (0.0254),desfazer (0.0275),chegavam (0.0000),desabrochada (0.0000),chamarem (0.0244)
8244,determinadas (0.0254),frágil (0.0275),superar (0.0000),absorvia (0.0000),farofa (0.0244)
8245,precise (0.0254),melodiosas (0.0275),corriqueiro (0.0000),canivete (0.0000),facão (0.0244)
8246,histórica (0.0254),compartilhamos (0.0275),defini (0.0000),absorvi (0.0000),potencialmente (0.0244)
8247,atentamente (0.0254),merecido (0.0275),cheguei (0.0000),denotem (0.0000),pulsação (0.0244)
8248,pintados (0.0254),cantoria (0.0275),superando (0.0000),denotaria (0.0000),cidadão (0.0244)
8249,justas (0.0254),pescarias (0.0275),corrijo (0.0000),cida (0.0000),agreste (0.0244)
8250,mudado (0.0254),ambições (0.0275),corrigir (0.0000),cintilando (0.0000),azuis (0.0244)
8251,impetuoso (0.0254),suada (0.0275),sumido (0.0000),distorcidas (0.0000),línguas (0.0242)
8252,distantes (0.0254),status (0.0275),roer (0.0000),distorcer (0.0000),tomava (0.0242)
8253,fruta (0.0254),revelada (0.0275),chorei (0.0000),distinção (0.0000),trazer (0.0242)
8254,apaga (0.0254),adaptei (0.0275),chop (0.0000),alinhavam (0.0000),expectativa (0.0242)
8255,espontâneos (0.0254),tereré (0.0275),rolo (0.0000),distintos (0.0000),dragão (0.0242)
8256,kátia (0.0254),combater (0.0275),chocalham (0.0000),alinhava (0.0000),conserva (0.0242)
8257,contados (0.0254),prazeres (0.0275),sedosa (0.0000),alinhado (0.0000),ameaça (0.0242)
8258,ornamenta (0.0254),preciosos (0.0275),defeitos (0.0000),cintilam (0.0000),cotidiana (0.0242)
8259,morrer (0.0254),insistam (0.0275),sulistas (0.0000),alinhadas (0.0000),receber (0.0242)
8260,horizontes (0.0254),colecionar (0.0275),chocam (0.0000),caçadora (0.0000),iguaçu (0.0242)
8261,discriminação (0.0254),li (0.0275),chocando (0.0000),caíque (0.0000),catarina (0.0242)
8262,responsabilidades (0.0254),pastos (0.0275),defeito (0.0000),caçador (0.0000),nação (0.0242)
8263,colhidos (0.0254),grudados (0.0275),sarcástica (0.0000),alinhada (0.0000),estrela (0.0242)
8264,intimamente (0.0254),sumidos (0.0275),chope (0.0000),distintivo (0.0000),cachimbo (0.0242)
8265,simboliza (0.0254),levei (0.0275),defensiva (0.0000),alisa (0.0000),realidades (0.0242)
8266,vencidas (0.0254),preciosas (0.0275),chopes (0.0000),distraído (0.0000),iniciais (0.0242)
8267,antepassado (0.0254),domésticas (0.0275),chopp (0.0000),alisados (0.0000),sustentável (0.0242)
8268,individualizada (0.0254),estético (0.0275),rolou (0.0000),distribua (0.0000),calção (0.0242)
8269,acinzentados (0.0254),mastigando (0.0275),sarcasmo (0.0000),alisamentos (0.0000),aventura (0.0242)
8270,sentada (0.0254),estômago (0.0275),choques (0.0000),alisar (0.0000),time (0.0242)
8271,57 (0.0254),sujos (0.0275),corretos (0.0000),caldas (0.0000),blazer (0.0242)
8272,impunha (0.0254),vêm (0.0275),sulina (0.0000),alivia (0.0000),humorado (0.0242)
8273,murmúrio (0.0254),sufocando (0.0275),sulcavam (0.0000),distribuiu (0.0000),costumavam (0.0242)
8274,federal (0.0254),coloriam (0.0275),choraram (0.0000),aliviam (0.0000),inicial (0.0240)
8275,milenares (0.0254),dilema (0.0275),choca (0.0000),52 (0.0000),calçava (0.0240)
8276,abarcar (0.0254),subindo (0.0275),suma (0.0000),aliás (0.0000),feições (0.0240)
8277,engolir (0.0254),compreendo (0.0275),roll (0.0000),all (0.0000),pairava (0.0240)
8278,aprendidas (0.0254),desvendado (0.0275),chique (0.0000),cintilantes (0.0000),aprendo (0.0240)
8279,prejudicial (0.0254),comunitários (0.0275),chimia (0.0000),deixará (0.0000),pau (0.0240)
8280,envolvido (0.0254),ralou (0.0275),china (0.0000),deixariam (0.0000),impuseram (0.0240)
8281,convivência (0.0254),testada (0.0275),rojão (0.0000),deixaremos (0.0000),pertenço (0.0240)
8282,aprendizados (0.0254),minguar (0.0275),rola (0.0000),cale (0.0000),abertamente (0.0240)
8283,entrelaça (0.0254),desfrutar (0.0275),chinelo (0.0000),caçadas (0.0000),vestiam (0.0240)
8284,consideradas (0.0254),deslizava (0.0275),defendida (0.0000),caídos (0.0000),confere (0.0240)
8285,ouvidos (0.0254),mineração (0.0275),rolam (0.0000),distinguir (0.0000),fase (0.0240)
8286,incompreensão (0.0254),acontecendo (0.0275),rolando (0.0000),distintas (0.0000),aventuras (0.0240)
8287,gritar (0.0254),desgrenhado (0.0275),chinelos (0.0000),acumula (0.0000),início (0.0240)
8288,magnetismo (0.0254),inesperada (0.0275),rolava (0.0000),distinta (0.0000),fumegante (0.0240)
8289,impregnava (0.0254),testemunhos (0.0275),chinesa (0.0000),deliberado (0.0000),precoces (0.0240)
8290,mandacaru (0.0254),expresse (0.0275),chinesas (0.0000),cinta (0.0000),respeitoso (0.0240)
8291,danço (0.0254),diamante (0.0275),chineses (0.0000),acreditariam (0.0000),mudando (0.0240)
8292,sabiá (0.0252),militância (0.0275),corrida (0.0000),calmante (0.0000),vegetação (0.0240)
8293,blusas (0.0252),experimentando (0.0275),chino (0.0000),alimentício (0.0000),more (0.0240)
8294,trançar (0.0252),cambaleante (0.0275),cravadas (0.0000),58 (0.0000),pinga (0.0240)
8295,impossível (0.0252),sopram (0.0275),cravando (0.0000),acreditarem (0.0000),preocupo (0.0240)
8296,coletiva (0.0252),aventuro (0.0275),chinês (0.0000),distingue (0.0000),modão (0.0240)
8297,incluem (0.0252),mitologia (0.0275),defendem (0.0000),caótico (0.0000),consertando (0.0238)
8298,agricultora (0.0252),iá (0.0274),daquele (0.0000),60m (0.0000),prendiam (0.0238)
8299,raspava (0.0252),dor (0.0273),sonolento (0.0000),alianças (0.0000),jogos (0.0238)
8300,agrícolas (0.0252),espiritualidade (0.0271),santo (0.0000),alimentando (0.0000),domina (0.0238)
8301,portanto (0.0252),esvoaçavam (0.0270),confeitaria (0.0000),calmamente (0.0000),introvertida (0.0238)
8302,dedicar (0.0252),folgada (0.0270),contagiosas (0.0000),delgada (0.0000),quieto (0.0238)
8303,afetividade (0.0252),amada (0.0270),contagiava (0.0000),deleite (0.0000),transmitido (0.0238)
8304,matinal (0.0252),folclóricas (0.0270),sobe (0.0000),caligrafia (0.0000),joias (0.0238)
8305,apropriado (0.0252),explícito (0.0270),salitre (0.0000),delatam (0.0000),armação (0.0238)
8306,papas (0.0252),valiosa (0.0270),conectei (0.0000),distintiva (0.0000),brancas (0.0238)
8307,parada (0.0252),caracterizava (0.0270),conectividade (0.0000),calendário (0.0000),cruzam (0.0238)
8308,saborosos (0.0252),extravagantes (0.0270),soavam (0.0000),caçada (0.0000),ficando (0.0238)
8309,abandonar (0.0252),alê (0.0270),conectou (0.0000),caíssem (0.0000),tapetes (0.0238)
8310,saliente (0.0252),lago (0.0270),soava (0.0000),calem (0.0000),puro (0.0238)
8311,arrancando (0.0252),apagam (0.0270),salientes (0.0000),calejado (0.0000),errado (0.0238)
8312,entremeadas (0.0252),prá (0.0270),soaram (0.0000),alimentava (0.0000),desgaste (0.0238)
8313,combustível (0.0252),bisavô (0.0270),contagiar (0.0000),alimentavam (0.0000),tronco (0.0237)
8314,superficial (0.0252),patativa (0.0270),contagiantes (0.0000),alimentação (0.0000),mescla (0.0237)
8315,refletida (0.0252),brilhar (0.0270),soar (0.0000),alimentos (0.0000),desfiado (0.0237)
8316,escape (0.0252),recarregar (0.0270),saliente (0.0000),distintivas (0.0000),abafado (0.0237)
8317,chinelo (0.0252),permanecem (0.0270),serviam (0.0000),distribuídos (0.0000),tupi (0.0237)
8318,entendendo (0.0252),protetora (0.0270),soam (0.0000),distrito (0.0000),florianópolis (0.0237)
8319,fantástica (0.0252),fluem (0.0270),contagiando (0.0000),cingem (0.0000),entendeu (0.0237)
8320,deixei (0.0252),recebi (0.0270),cumpre (0.0000),calarei (0.0000),fascinante (0.0237)
8321,situações (0.0252),levando (0.0270),cumplicidade (0.0000),diversificado (0.0000),construídas (0.0237)
8322,hesitante (0.0252),tiro (0.0270),slam (0.0000),definidora (0.0000),impreciso (0.0237)
8323,passam (0.0252),fátima (0.0270),cumprido (0.0000),18 (0.0000),constituição (0.0237)
8324,reinventa (0.0252),evidenciava (0.0270),contagiosos (0.0000),carismática (0.0000),carnudos (0.0237)
8325,trans (0.0252),anedota (0.0270),cumprimenta (0.0000),definindo (0.0000),quilômetros (0.0237)
8326,compreendida (0.0252),experimental (0.0270),salpica (0.0000),19 (0.0000),vários (0.0237)
8327,revolto (0.0252),invasivas (0.0270),sobreposição (0.0000),definirem (0.0000),morte (0.0237)
8328,banhara (0.0252),linguística (0.0270),sobrepeso (0.0000),calaremos (0.0000),embala (0.0235)
8329,inscreveu (0.0252),lavradores (0.0270),rédea (0.0000),20 (0.0000),privilégio (0.0235)
8330,gravidade (0.0252),alimentando (0.0270),curado (0.0000),caçava (0.0000),convívio (0.0235)
8331,pensamentos (0.0252),pedindo (0.0270),rédeas (0.0000),definiria (0.0000),arranjo (0.0235)
8332,verdadeiros (0.0252),intrínseco (0.0270),sertanejo (0.0000),definisse (0.0000),heranças (0.0235)
8333,enfrentados (0.0252),frescor (0.0270),sertanejos (0.0000),definitiva (0.0000),introspectivo (0.0235)
8334,educada (0.0252),cajus (0.0270),sobrava (0.0000),divergências (0.0000),material (0.0235)
8335,rezas (0.0252),lembre (0.0270),crochê (0.0000),alongavam (0.0000),entrelaçados (0.0235)
8336,primavera (0.0252),evidência (0.0270),sobral (0.0000),17 (0.0000),áspero (0.0235)
8337,externa (0.0252),evidenciavam (0.0270),sobem (0.0000),alpargatas (0.0000),transita (0.0235)
8338,haviam (0.0252),cavalos (0.0270),cumprindo (0.0000),calar (0.0000),despretensiosa (0.0235)
8339,vivem (0.0252),vermelhas (0.0270),cumprimento (0.0000),caladão (0.0000),aves (0.0235)
8340,intelectual (0.0252),verbalmente (0.0270),cumprimentavam (0.0000),15 (0.0000),ambientais (0.0235)
8341,navegando (0.0250),tesouros (0.0270),salivar (0.0000),diversão (0.0000),aparentemente (0.0235)
8342,companheiras (0.0250),calmaria (0.0270),cumprimentava (0.0000),cinzenta (0.0000),católica (0.0234)
8343,neutra (0.0250),perguntar (0.0270),sobradinho (0.0000),altamente (0.0000),quiser (0.0234)
8344,apreço (0.0250),ferida (0.0270),sobra (0.0000),caço (0.0000),tempestade (0.0234)
8345,pairar (0.0250),calorenta (0.0270),cruciais (0.0000),12 (0.0000),prefira (0.0234)
8346,defendo (0.0250),reduzir (0.0270),conectarem (0.0000),divertir (0.0000),volante (0.0234)
8347,bronzeadas (0.0250),quadrados (0.0270),skinny (0.0000),definiam (0.0000),necessárias (0.0234)
8348,ignorância (0.0250),quadradinhos (0.0270),sketchbook (0.0000),cariris (0.0000),frios (0.0234)
8349,sombras (0.0250),telefone (0.0270),conduzia (0.0000),defini (0.0000),nativas (0.0234)
8350,silenciadas (0.0250),forjar (0.0270),skate (0.0000),alterna (0.0000),juca (0.0234)
8351,carreguei (0.0250),apareciam (0.0270),confiar (0.0000),alternam (0.0000),indicava (0.0234)
8352,iguais (0.0250),jeitos (0.0270),confiava (0.0000),caçar (0.0000),amplamente (0.0234)
8353,verdadeiramente (0.0250),amaram (0.0270),confidente (0.0000),23 (0.0000),ligado (0.0234)
8354,aromáticas (0.0250),inaudível (0.0270),confidências (0.0000),4c (0.0000),perdas (0.0234)
8355,variadas (0.0250),brega (0.0270),configura (0.0000),calculado (0.0000),inusitada (0.0234)
8356,instrumentos (0.0250),precisando (0.0270),consumo (0.0000),37 (0.0000),arquitetura (0.0234)
8357,bermudas (0.0250),sobrevivente (0.0270),consumido (0.0000),deixadas (0.0000),pertence (0.0233)
8358,primeiro (0.0250),consertaram (0.0270),confio (0.0000),caçados (0.0000),cinzento (0.0233)
8359,mineiras (0.0250),conseguia (0.0270),confirmando (0.0000),alojar (0.0000),categorias (0.0233)
8360,furioso (0.0250),preciosa (0.0270),rígido (0.0000),acreditem (0.0000),sussurra (0.0233)
8361,vinte (0.0250),dê (0.0270),confirmar (0.0000),calculadas (0.0000),informações (0.0233)
8362,manejo (0.0250),conquistado (0.0270),rímel (0.0000),4b (0.0000),pampa (0.0233)
8363,pronunciava (0.0250),duras (0.0270),conflito (0.0000),divergem (0.0000),guerreiros (0.0233)
8364,cordões (0.0250),desarma (0.0270),consultoria (0.0000),distópica (0.0000),folgadas (0.0233)
8365,camisas (0.0250),montanha (0.0270),conflituosa (0.0000),deixamos (0.0000),italiano (0.0233)
8366,devota (0.0250),sofri (0.0270),confluência (0.0000),distâncias (0.0000),mata (0.0232)
8367,reconhecendo (0.0250),respeitá (0.0270),conformar (0.0000),almas (0.0000),saberes (0.0231)
8368,extravagâncias (0.0250),pesada (0.0270),conformava (0.0000),calculados (0.0000),manso (0.0231)
8369,altiva (0.0250),rudeza (0.0270),sinuosa (0.0000),caçadores (0.0000),discussões (0.0231)
8370,contagia (0.0250),vícios (0.0270),rítmica (0.0000),calculada (0.0000),evocam (0.0231)
8371,exposta (0.0250),matriz (0.0270),sinuca (0.0000),34 (0.0000),apreciava (0.0231)
8372,politicamente (0.0250),denunciar (0.0270),contabilidade (0.0000),caçamos (0.0000),empatia (0.0231)
8373,impôs (0.0250),dentre (0.0270),serviços (0.0000),deitar (0.0000),binarie (0.0231)
8374,cáqui (0.0250),domésticos (0.0270),culto (0.0000),calcanhar (0.0000),chanel (0.0231)
8375,desengonçado (0.0250),mostrou (0.0270),servido (0.0000),degradê (0.0000),cachoeiras (0.0231)
8376,facilitar (0.0250),simpático (0.0270),conferia (0.0000),degradação (0.0000),faca (0.0230)
8377,vício (0.0250),pirenópolis (0.0270),conferido (0.0000),dito (0.0000),enfeita (0.0230)
8378,braceletes (0.0250),representações (0.0270),conferindo (0.0000),aculturação (0.0000),indicando (0.0230)
8379,fantasia (0.0250),dedicado (0.0270),régua (0.0000),defunto (0.0000),técnicas (0.0230)
8380,ruivo (0.0250),maravilhoso (0.0270),situações (0.0000),ditongos (0.0000),estilizado (0.0230)
8381,deixado (0.0250),riacho (0.0270),confessar (0.0000),divagante (0.0000),viro (0.0230)
8382,restaurante (0.0250),ilustração (0.0270),culturalmente (0.0000),caçando (0.0000),sofisticado (0.0230)
8383,afeição (0.0250),gritam (0.0270),rês (0.0000),defumação (0.0000),verões (0.0230)
8384,ribeira (0.0250),saindo (0.0270),confia (0.0000),defumada (0.0000),almoços (0.0230)
8385,perfeccionista (0.0250),constituem (0.0270),confiabilidade (0.0000),alojava (0.0000),correr (0.0230)
8386,escolhe (0.0250),constelação (0.0270),serviço (0.0000),alonga (0.0000),grisalhas (0.0229)
8387,madrugadas (0.0250),marginalização (0.0270),rícino (0.0000),aliança (0.0000),pegam (0.0229)
8388,ficava (0.0250),precisei (0.0270),contagem (0.0000),desistimos (0.0000),fluência (0.0229)
8389,contextos (0.0250),efêmera (0.0270),confiam (0.0000),alcançando (0.0000),bisavó (0.0229)
8390,descontraído (0.0248),igualzinho (0.0270),servidor (0.0000),abandonados (0.0000),confecção (0.0229)
8391,principal (0.0248),moleza (0.0270),confiantemente (0.0000),discuto (0.0000),manias (0.0228)
8392,ambientes (0.0248),adorava (0.0270),servindo (0.0000),demonstrações (0.0000),viajar (0.0228)
8393,maranhão (0.0248),dançante (0.0270),salientar (0.0000),abalo (0.0000),pintada (0.0228)
8394,santa (0.0248),desistem (0.0270),serviram (0.0000),discutindo (0.0000),administração (0.0228)
8395,teimosamente (0.0248),disseram (0.0270),serviu (0.0000),ceceo (0.0000),continue (0.0228)
8396,ariovaldo (0.0248),habito (0.0270),crocante (0.0000),camarada (0.0000),firulas (0.0228)
8397,ipês (0.0248),deslocada (0.0270),conduzi (0.0000),discutem (0.0000),luas (0.0228)
8398,grave (0.0248),mereço (0.0270),coleciona (0.0000),cautelosa (0.0000),trocaria (0.0228)
8399,evidentes (0.0248),halo (0.0270),concentra (0.0000),cauteloso (0.0000),comprido (0.0227)
8400,admito (0.0248),acontecimento (0.0270),sobreviveu (0.0000),discuta (0.0000),escritório (0.0227)
8401,avani (0.0248),mesclados (0.0270),comunitários (0.0000),abandonam (0.0000),adaptando (0.0227)
8402,fúria (0.0248),completar (0.0270),curro (0.0000),alegrar (0.0000),protetor (0.0227)
8403,infantis (0.0248),rindo (0.0270),sequela (0.0000),demonstre (0.0000),facial (0.0227)
8404,respeitado (0.0248),destacam (0.0270),sequelas (0.0000),abandonaremos (0.0000),localização (0.0227)
8405,olinda (0.0248),comportamentais (0.0270),crioulo (0.0000),demonstração (0.0000),churrascos (0.0226)
8406,quebrar (0.0248),rigor (0.0270),comédia (0.0000),disfarce (0.0000),soprava (0.0226)
8407,descontraída (0.0248),acreditam (0.0270),sereias (0.0000),disfarçada (0.0000),neutro (0.0226)
8408,compartilhadas (0.0248),acreditando (0.0270),comércio (0.0000),disfarçadas (0.0000),lutamos (0.0226)
8409,misterioso (0.0248),gavião (0.0270),comê (0.0000),disfarçado (0.0000),cuidadosa (0.0226)
8410,conhecida (0.0248),azulejos (0.0270),concebidas (0.0000),abale (0.0000),transmitida (0.0225)
8411,acreditar (0.0248),distintos (0.0270),concebidos (0.0000),cidadão (0.0000),24 (0.0225)
8412,devem (0.0248),descascadas (0.0270),curriculares (0.0000),demonstrasse (0.0000),introspectiva (0.0225)
8413,entorno (0.0248),orientação (0.0270),curral (0.0000),demonstrar (0.0000),23 (0.0225)
8414,evidencia (0.0248),roxa (0.0270),curitiba (0.0000),cavado (0.0000),parque (0.0225)
8415,arqueadas (0.0248),roubada (0.0270),cristal (0.0000),alegrense (0.0000),aprendido (0.0224)
8416,residia (0.0248),austeridade (0.0270),salpicavam (0.0000),demonstrados (0.0000),cecília (0.0224)
8417,começavam (0.0248),modesto (0.0270),concederam (0.0000),cidreira (0.0000),aro (0.0224)
8418,delicadamente (0.0248),traçados (0.0270),contemplem (0.0000),alegrou (0.0000),cinema (0.0224)
8419,problema (0.0248),romântico (0.0270),sergipe (0.0000),científica (0.0000),polida (0.0223)
8420,vestígios (0.0248),rolava (0.0270),ruru (0.0000),demográfico (0.0000),tato (0.0223)
8421,amontoado (0.0248),desenvolver (0.0270),cursando (0.0000),demográfica (0.0000),manchas (0.0223)
8422,bater (0.0248),desenvolvida (0.0270),contentamento (0.0000),abandonava (0.0000),desbotados (0.0223)
8423,guiando (0.0248),divido (0.0270),sobrevivi (0.0000),discursos (0.0000),sujas (0.0223)
8424,marcar (0.0248),olhe (0.0270),salta (0.0000),cama (0.0000),hobbies (0.0222)
8425,curvam (0.0248),resulta (0.0270),comunicadora (0.0000),abelhas (0.0000),atlântica (0.0222)
8426,arma (0.0248),ardente (0.0270),sobrinhos (0.0000),discriminadas (0.0000),evoca (0.0222)
8427,contendo (0.0248),companheiros (0.0270),sobrinhas (0.0000),abastece (0.0000),acinzentado (0.0221)
8428,esquecida (0.0248),memorável (0.0270),curte (0.0000),alcançá (0.0000),sarcástico (0.0221)
8429,sussurrava (0.0248),voltar (0.0270),sobrinha (0.0000),alcançavam (0.0000),queimou (0.0221)
8430,exageros (0.0248),ácido (0.0270),sobriedade (0.0000),abate (0.0000),cinto (0.0221)
8431,carro (0.0246),chuvoso (0.0270),comunicaria (0.0000),abaulado (0.0000),alimentos (0.0221)
8432,traduzir (0.0246),contribuem (0.0270),comunicativo (0.0000),abençoa (0.0000),ornamentava (0.0221)
8433,62 (0.0246),pitadas (0.0270),rurais (0.0000),camila (0.0000),preocupar (0.0221)
8434,vulnerabilidade (0.0246),maduras (0.0270),contenção (0.0000),desana (0.0000),danças (0.0220)
8435,vejam (0.0246),engloba (0.0270),sobrevivia (0.0000),denotariam (0.0000),comportamento (0.0220)
8436,privilegiada (0.0246),integra (0.0270),cursos (0.0000),alcançava (0.0000),traje (0.0219)
8437,ostentam (0.0246),chove (0.0270),comunicóloga (0.0000),denotasse (0.0000),pertinho (0.0219)
8438,herdou (0.0246),gole (0.0270),contento (0.0000),caminharam (0.0000),defensora (0.0218)
8439,nessas (0.0246),convencional (0.0270),cursivo (0.0000),desleixada (0.0000),pendia (0.0218)
8440,nomear (0.0246),convenções (0.0270),contente (0.0000),alceu (0.0000),científica (0.0218)
8441,línguas (0.0246),músico (0.0270),cursiva (0.0000),abastada (0.0000),sagrada (0.0216)
8442,maranhense (0.0246),rendeu (0.0270),salpicou (0.0000),aldeia (0.0000),portugueses (0.0216)
8443,alimento (0.0246),barreira (0.0270),sobrevivências (0.0000),demorou (0.0000),animal (0.0216)
8444,corporais (0.0246),mútuo (0.0270),cursei (0.0000),carinhosamente (0.0000),tomando (0.0215)
8445,discutir (0.0246),prendia (0.0270),russa (0.0000),demoro (0.0000),relativamente (0.0214)
8446,periférico (0.0246),entranhada (0.0270),contemplava (0.0000),aldeias (0.0000),protegem (0.0214)
8447,ouvido (0.0246),inclusive (0.0270),contanto (0.0000),cautela (0.0000),entremeados (0.0214)
8448,torrenciais (0.0246),convida (0.0270),contemplativos (0.0000),abarca (0.0000),imigrantes (0.0213)
8449,perfeito (0.0246),persistem (0.0270),concreta (0.0000),caminham (0.0000),curam (0.0212)
8450,apreciar (0.0246),imprimir (0.0270),sobrepostos (0.0000),demorem (0.0000),raimundo (0.0212)
8451,bola (0.0246),incerto (0.0270),concretos (0.0000),abandonou (0.0000),rústico (0.0210)
8452,profissões (0.0246),enrugadas (0.0270),seringueiro (0.0000),discrição (0.0000),espiritual (0.0210)
8453,essenciais (0.0246),incisivos (0.0270),sermão (0.0000),demore (0.0000),despenteado (0.0210)
8454,meia (0.0246),incessantemente (0.0270),salpicam (0.0000),demoram (0.0000),tecidas (0.0209)
8455,catarina (0.0246),sentirem (0.0270),curando (0.0000),discurso (0.0000),trama (0.0209)
8456,cotidiana (0.0246),apropriadas (0.0270),contatos (0.0000),caminha (0.0000),ficção (0.0209)
8457,realidades (0.0246),sóbrias (0.0270),serpenteando (0.0000),demarcação (0.0000),trinta (0.0208)
8458,ajudo (0.0246),múltiplo (0.0270),condensado (0.0000),alemanha (0.0000),tribo (0.0206)
8459,parentes (0.0244),presas (0.0270),contassem (0.0000),cinge (0.0000),cipó (0.0206)
8460,papel (0.0244),preservado (0.0270),cristão (0.0000),dissipam (0.0000),pertencente (0.0205)
8461,clareza (0.0244),curupiras (0.0270),serraria (0.0000),dissonância (0.0000),folhas (0.0205)
8462,roças (0.0244),simbolismo (0.0270),condiciona (0.0000),caça (0.0000),ari (0.0202)
8463,canção (0.0244),customizada (0.0270),condicionado (0.0000),72 (0.0000),japoneses (0.0201)
8464,paira (0.0244),mantemos (0.0270),condição (0.0000),dissipando (0.0000),ocasiões (0.0201)
8465,respeitoso (0.0244),visitantes (0.0270),rápida (0.0000),deliciosos (0.0000),pescar (0.0201)
8466,incondicional (0.0244),cozido (0.0270),rápidas (0.0000),algazarra (0.0000),aproximadamente (0.0200)
8467,pinga (0.0244),corto (0.0270),condutor (0.0000),delineado (0.0000),média (0.0199)
8468,perigosas (0.0244),imperfeita (0.0270),cristãs (0.0000),80 (0.0000),território (0.0198)
8469,precisamos (0.0244),cigarras (0.0270),conduzem (0.0000),cavernas (0.0000),italiana (0.0197)
8470,participo (0.0244),escolhendo (0.0270),sobrepõem (0.0000),disputam (0.0000),guardiã (0.0192)
8471,impuseram (0.0244),sussurram (0.0270),cristianismo (0.0000),disputada (0.0000),tingida (0.0187)
8472,apresente (0.0244),encaixá (0.0270),cristalizar (0.0000),78m (0.0000),alice (0.0172)
8473,corações (0.0244),enxergam (0.0270),concentração (0.0000),dispostos (0.0000),aldeia (0.0164)
8474,cariri (0.0244),inspiradoras (0.0270),concentradas (0.0000),disposto (0.0000),guarani (0.0158)
8475,pau (0.0244),mantidos (0.0270),concentrado (0.0000),calosos (0.0000),ondulados (0.0153)
8476,beirava (0.0244),necessariamente (0.0265),salpicava (0.0000),algodãozinho (0.0000),crescemos (0.0000)
8477,geométrico (0.0244),raio (0.0265),sobrevivendo (0.0000),algoritmos (0.0000),subtom (0.0000)
8478,mudando (0.0244),inventaram (0.0265),curiosas (0.0000),calosinho (0.0000),clube (0.0000)
8479,flexibilidade (0.0244),protegê (0.0265),sobrevive (0.0000),70 (0.0000),clubes (0.0000)
8480,presenteou (0.0244),determinados (0.0265),concentrar (0.0000),calosidades (0.0000),taça (0.0000)
8481,planto (0.0244),costurando (0.0265),contemplativa (0.0000),alheia (0.0000),solitário (0.0000)
8482,marido (0.0244),fluir (0.0265),concentravam (0.0000),cinemas (0.0000),conectava (0.0000)
8483,imposição (0.0242),caneta (0.0265),concentro (0.0000),distancia (0.0000),souberam (0.0000)
8484,brancas (0.0242),some (0.0265),concordo (0.0000),alheios (0.0000),compreendi (0.0000)
8485,castigar (0.0242),opacas (0.0265),sobretudo (0.0000),calorão (0.0000),cotidianos (0.0000)
8486,introvertida (0.0242),improvisadas (0.0265),russos (0.0000),calorosas (0.0000),conecte (0.0000)
8487,jogos (0.0242),serpenteava (0.0265),sobressaltos (0.0000),distancie (0.0000),sincrética (0.0000)
8488,dedica (0.0242),cravaram (0.0265),conciliando (0.0000),carlos (0.0000),solstícios (0.0000)
8489,galhos (0.0242),inacabada (0.0265),sobressai (0.0000),aliado (0.0000),conectarmos (0.0000)
8490,escolhido (0.0242),mistos (0.0265),rzo (0.0000),aliados (0.0000),correnteza (0.0000)
8491,luxos (0.0242),minorias (0.0265),concisa (0.0000),65 (0.0000),compreenderem (0.0000)
8492,fluxo (0.0242),pulmões (0.0265),concluí (0.0000),dispostas (0.0000),sussurravam (0.0000)
8493,transmitido (0.0242),ôxe (0.0265),concorde (0.0000),80m (0.0000),tatuado (0.0000)
8494,promessa (0.0242),servia (0.0265),sabedorias (0.0000),abaixar (0.0000),contribuía (0.0000)
8495,exibem (0.0242),assemelha (0.0265),sintético (0.0000),cigarras (0.0000),contadores (0.0000)
8496,escolher (0.0242),separados (0.0265),construírem (0.0000),abafadas (0.0000),sofrido (0.0000)
8497,constelações (0.0242),transbordava (0.0265),consertados (0.0000),abafando (0.0000),sustentando (0.0000)
8498,bandeira (0.0242),formou (0.0265),conseguido (0.0000),delu (0.0000),cuscuz (0.0000)
8499,recursos (0.0242),rs (0.0265),silenciadas (0.0000),delxs (0.0000),compreendendo (0.0000)
8500,conciliar (0.0242),brotava (0.0265),conseguindo (0.0000),cavalgadas (0.0000),contribuiriam (0.0000)
8501,ribeirinha (0.0242),tocantins (0.0265),shoppings (0.0000),alemãs (0.0000),custo (0.0000)
8502,prendiam (0.0242),mídia (0.0265),crédito (0.0000),cavalgada (0.0000),coar (0.0000)
8503,envelhecido (0.0242),deliciosas (0.0265),conseguiram (0.0000),cariri (0.0000),sucediam (0.0000)
8504,inimigo (0.0242),salpicava (0.0265),silas (0.0000),caval (0.0000),conectei (0.0000)
8505,combina (0.0242),abertura (0.0265),conseguiria (0.0000),cearenses (0.0000),coalhado (0.0000)
8506,cúmplice (0.0242),sinuosos (0.0265),conseguiriam (0.0000),alemães (0.0000),subtropical (0.0000)
8507,influenciada (0.0242),obrigada (0.0265),conseguiu (0.0000),demandar (0.0000),tatuadora (0.0000)
8508,oxum (0.0241),customizadas (0.0265),conselho (0.0000),demandasse (0.0000),clínica (0.0000)
8509,quebrando (0.0241),romântica (0.0265),consta (0.0000),alemã (0.0000),sofro (0.0000)
8510,respeitadas (0.0241),fato (0.0265),sala (0.0000),delles (0.0000),contribuindo (0.0000)
8511,brotam (0.0241),céus (0.0265),consequentemente (0.0000),calço (0.0000),clã (0.0000)
8512,tear (0.0241),imaginária (0.0265),críticos (0.0000),abafada (0.0000),sofrência (0.0000)
8513,neles (0.0241),botões (0.0265),crônicas (0.0000),dispenso (0.0000),clássicos (0.0000)
8514,confundiam (0.0241),abra (0.0265),swing (0.0000),alerta (0.0000),tauã (0.0000)
8515,vital (0.0241),municipal (0.0265),consolo (0.0000),abadá (0.0000),clãs (0.0000)
8516,diferenciar (0.0241),saboroso (0.0265),consolar (0.0000),calçando (0.0000),subtil (0.0000)
8517,tupi (0.0241),penetrar (0.0265),consequências (0.0000),acreditando (0.0000),climas (0.0000)
8518,tecia (0.0241),contribuindo (0.0265),conserta (0.0000),alexia (0.0000),crepitando (0.0000)
8519,fazendeiro (0.0241),abelhas (0.0265),saiam (0.0000),abacaxis (0.0000),conduzisse (0.0000)
8520,nomes (0.0241),caatingas (0.0265),conseguia (0.0000),alfabeto (0.0000),compreensivos (0.0000)
8521,indica (0.0241),contudo (0.0265),sagacidade (0.0000),abacaxi (0.0000),contrastou (0.0000)
8522,vários (0.0241),aceito (0.0265),conquistei (0.0000),disponíveis (0.0000),classicismo (0.0000)
8523,copa (0.0241),desafiou (0.0265),conquistado (0.0000),alfaces (0.0000),classes (0.0000)
8524,indumentária (0.0239),ruim (0.0265),conquistados (0.0000),88 (0.0000),conduzindo (0.0000)
8525,adereços (0.0239),naquilo (0.0265),silhueta (0.0000),cavar (0.0000),solitude (0.0000)
8526,entrelaçados (0.0239),julgadores (0.0265),constituem (0.0000),87 (0.0000),sussurrava (0.0000)
8527,despretensiosa (0.0239),irreverente (0.0265),saem (0.0000),desamarrado (0.0000),teatro (0.0000)
8528,dói (0.0239),cooperativa (0.0265),conquistando (0.0000),chuan (0.0000),crepitar (0.0000)
8529,amarrado (0.0239),perene (0.0265),cuidadosas (0.0000),desanimado (0.0000),crepitantes (0.0000)
8530,batalhas (0.0239),cruel (0.0265),cruéis (0.0000),caprichos (0.0000),sussurrar (0.0000)
8531,aveludada (0.0239),severo (0.0265),safra (0.0000),capricho (0.0000),crepúsculo (0.0000)
8532,intrincada (0.0239),calçada (0.0265),conquistou (0.0000),desdentado (0.0000),conduzi (0.0000)
8533,mudança (0.0239),deturpada (0.0265),shirts (0.0000),achavam (0.0000),cânions (0.0000)
8534,colho (0.0239),fria (0.0265),safras (0.0000),despreocupada (0.0000),tecedora (0.0000)
8535,reconfortante (0.0239),cansativa (0.0265),conscientes (0.0000),desprende (0.0000),software (0.0000)
8536,humorada (0.0238),guria (0.0265),she (0.0000),adotivos (0.0000),clarinhos (0.0000)
8537,aroeira (0.0238),divirto (0.0265),constatação (0.0000),ache (0.0000),cântaros (0.0000)
8538,católica (0.0238),elaborada (0.0265),silenciou (0.0000),cheiram (0.0000),soubessem (0.0000)
8539,pajés (0.0238),admirável (0.0265),shiitake (0.0000),achei (0.0000),covinha (0.0000)
8540,simplificação (0.0238),entra (0.0265),silenciados (0.0000),desdobrar (0.0000),clarinho (0.0000)
8541,organizada (0.0238),apresentam (0.0265),silenciado (0.0000),adotei (0.0000),softwares (0.0000)
8542,genérica (0.0238),superfície (0.0265),consegui (0.0000),achou (0.0000),contaminada (0.0000)
8543,marinho (0.0238),ousados (0.0265),consertado (0.0000),adotar (0.0000),classificar (0.0000)
8544,quilos (0.0238),adolescentes (0.0265),consertam (0.0000),caprichosa (0.0000),cálculo (0.0000)
8545,top (0.0238),mede (0.0265),conforta (0.0000),despretensiosas (0.0000),conectarem (0.0000)
8546,necessárias (0.0238),captar (0.0265),consola (0.0000),cheirava (0.0000),clavículas (0.0000)
8547,rodeia (0.0238),inquestionável (0.0265),conservas (0.0000),desaparece (0.0000),surgiu (0.0000)
8548,aliança (0.0238),medalhas (0.0265),conservava (0.0000),desprezo (0.0000),tche (0.0000)
8549,fluindo (0.0238),paulistana (0.0265),conservavam (0.0000),desrespeito (0.0000),clientes (0.0000)
8550,trançada (0.0238),usado (0.0265),conservação (0.0000),adoção (0.0000),surpreenda (0.0000)
8551,tempestades (0.0238),charutos (0.0265),cuiabanos (0.0000),descuidada (0.0000),tchê (0.0000)
8552,figuras (0.0238),matizes (0.0265),cubatão (0.0000),desrespeitados (0.0000),solitária (0.0000)
8553,praticante (0.0238),gesticulando (0.0265),cuiabano (0.0000),cheirinho (0.0000),contagiar (0.0000)
8554,garantir (0.0238),respeite (0.0265),cubo (0.0000),desrespeitada (0.0000),customizar (0.0000)
8555,jaci (0.0238),barcos (0.0265),conservo (0.0000),descuidar (0.0000),contraía (0.0000)
8556,espalha (0.0237),cobrindo (0.0265),sibilantes (0.0000),achava (0.0000),contrato (0.0000)
8557,enfrento (0.0237),esperto (0.0265),shows (0.0000),adoçar (0.0000),cut (0.0000)
8558,fortemente (0.0237),marítima (0.0265),sibilante (0.0000),cervejaria (0.0000),surpreendam (0.0000)
8559,une (0.0237),ecléticos (0.0265),siamês (0.0000),despretensão (0.0000),sinceramente (0.0000)
8560,esculpiram (0.0237),manchados (0.0265),considerado (0.0000),acharem (0.0000),conectadas (0.0000)
8561,rastro (0.0237),sábados (0.0265),considerável (0.0000),desculpa (0.0000),clavícula (0.0000)
8562,indivíduos (0.0237),tentativas (0.0265),siameses (0.0000),desculpar (0.0000),claudinha (0.0000)
8563,cotidiano (0.0237),estrias (0.0265),considere (0.0000),caprichosas (0.0000),tear (0.0000)
8564,sussurra (0.0237),batalhador (0.0265),siamesa (0.0000),desdém (0.0000),claudicar (0.0000)
8565,construo (0.0237),aranha (0.0265),cuia (0.0000),deseja (0.0000),classificações (0.0000)
8566,manso (0.0235),vibrava (0.0265),cuiabana (0.0000),acinzentado (0.0000),country (0.0000)
8567,templo (0.0235),mensagem (0.0265),considerariam (0.0000),adormecido (0.0000),cuícas (0.0000)
8568,coruja (0.0235),regado (0.0265),consigam (0.0000),cestarias (0.0000),compreendê (0.0000)
8569,repetidas (0.0235),reconecta (0.0265),conservadorismo (0.0000),despercebido (0.0000),substituída (0.0000)
8570,destacar (0.0235),carvalho (0.0265),conservadores (0.0000),acinzentadas (0.0000),surpreende (0.0000)
8571,sustentam (0.0235),aprendem (0.0265),consertos (0.0000),adoração (0.0000),conectou (0.0000)
8572,estilizada (0.0235),vime (0.0265),consertando (0.0000),cheguei (0.0000),curve (0.0000)
8573,inserir (0.0235),adaptada (0.0265),consoantes (0.0000),desempenadeira (0.0000),coberta (0.0000)
8574,nascimento (0.0234),estereotipar (0.0265),significar (0.0000),cerâmicas (0.0000),comprada (0.0000)
8575,enxergar (0.0234),regadas (0.0265),consertaram (0.0000),desempenha (0.0000),sossego (0.0000)
8576,destaca (0.0234),petisco (0.0265),significam (0.0000),adorar (0.0000),construtivos (0.0000)
8577,selecionados (0.0234),rarear (0.0265),consertavam (0.0000),adoram (0.0000),conferido (0.0000)
8578,resistindo (0.0234),afetuoso (0.0265),consertei (0.0000),cestas (0.0000),construtora (0.0000)
8579,esculturas (0.0234),transição (0.0265),conserto (0.0000),chegue (0.0000),taque (0.0000)
8580,esculpindo (0.0234),traçavam (0.0265),saindo (0.0000),despercebidas (0.0000),curvando (0.0000)
8581,necessário (0.0233),ouvia (0.0265),conservada (0.0000),carteira (0.0000),costuraram (0.0000)
8582,rasteiras (0.0233),bandana (0.0265),conservadoras (0.0000),cestaria (0.0000),conferem (0.0000)
8583,sapatos (0.0233),escolheu (0.0265),consistia (0.0000),adornan (0.0000),contê (0.0000)
8584,pesa (0.0233),revele (0.0265),consistente (0.0000),despigmentado (0.0000),tarda (0.0000)
8585,cabem (0.0233),pardo (0.0265),conservadas (0.0000),despigmentados (0.0000),costuras (0.0000)
8586,carregamos (0.0232),corvo (0.0263),saio (0.0000),desembaraçando (0.0000),sufocada (0.0000)
8587,vestimentas (0.0232),inspirando (0.0261),consiste (0.0000),cartunescos (0.0000),colada (0.0000)
8588,complexos (0.0232),aproximava (0.0261),shorts (0.0000),despintar (0.0000),cola (0.0000)
8589,continue (0.0232),estabeleceram (0.0261),conservador (0.0000),despojadas (0.0000),coitada (0.0000)
8590,luas (0.0232),imponência (0.0261),saiu (0.0000),adornaram (0.0000),contão (0.0000)
8591,administração (0.0232),usei (0.0261),conservadora (0.0000),cessará (0.0000),sinos (0.0000)
8592,sofrida (0.0231),encontram (0.0261),conquistadas (0.0000),adornm (0.0000),soubemos (0.0000)
8593,artesanatos (0.0231),ovelha (0.0261),sexual (0.0000),acidentados (0.0000),cotações (0.0000)
8594,silenciada (0.0231),instalar (0.0261),cuidadosos (0.0000),captam (0.0000),confeitaria (0.0000)
8595,coques (0.0231),formar (0.0261),constituir (0.0000),adotando (0.0000),sufixos (0.0000)
8596,60 (0.0231),choro (0.0261),sincretismo (0.0000),desejar (0.0000),tartaruga (0.0000)
8597,xingu (0.0230),esperavam (0.0261),sinceridade (0.0000),capta (0.0000),confeccionados (0.0000)
8598,centenárias (0.0230),contribui (0.0261),confundida (0.0000),adquiri (0.0000),comprado (0.0000)
8599,antirracista (0.0229),ganhavam (0.0261),confundido (0.0000),desrespeitoso (0.0000),crespas (0.0000)
8600,esculpir (0.0229),reconstruir (0.0261),confundir (0.0000),descubro (0.0000),criadas (0.0000)
8601,ando (0.0229),fincados (0.0261),cultivados (0.0000),deste (0.0000),colaram (0.0000)
8602,cobria (0.0228),goianas (0.0261),salgadas (0.0000),descreva (0.0000),confeccionado (0.0000)
8603,cecília (0.0228),envelhecida (0.0261),construtora (0.0000),china (0.0000),sintam (0.0000)
8604,guiam (0.0228),perdeu (0.0261),construtivos (0.0000),cascavel (0.0000),compositora (0.0000)
8605,participa (0.0228),fluído (0.0261),confusa (0.0000),descrevam (0.0000),criancinha (0.0000)
8606,séria (0.0228),briga (0.0261),salada (0.0000),capitais (0.0000),colcha (0.0000)
8607,potência (0.0228),nesta (0.0261),confuso (0.0000),descrevendo (0.0000),cururu (0.0000)
8608,parda (0.0228),genuinamente (0.0261),confusos (0.0000),destaques (0.0000),conferindo (0.0000)
8609,professor (0.0227),úmidos (0.0261),saborear (0.0000),aceso (0.0000),constrangedoras (0.0000)
8610,cafezais (0.0227),vistas (0.0261),sinceras (0.0000),chifre (0.0000),taquara (0.0000)
8611,posição (0.0227),protesto (0.0261),confusões (0.0000),destaque (0.0000),constrangimento (0.0000)
8612,desbotados (0.0227),traduzem (0.0261),congela (0.0000),chico (0.0000),criamos (0.0000)
8613,aparada (0.0226),escutam (0.0261),sinceramente (0.0000),afasta (0.0000),constranja (0.0000)
8614,totalidade (0.0226),reduzida (0.0261),congelados (0.0000),acertar (0.0000),convencionais (0.0000)
8615,alimentos (0.0225),genuínas (0.0261),cruzaram (0.0000),acertem (0.0000),constroi (0.0000)
8616,acinzentado (0.0225),crescem (0.0261),congo (0.0000),afastada (0.0000),sinuosa (0.0000)
8617,translúcida (0.0224),enraizadas (0.0261),setenta (0.0000),destes (0.0000),constructo (0.0000)
8618,editora (0.0224),brincalhona (0.0261),singela (0.0000),capins (0.0000),sorviam (0.0000)
8619,48 (0.0224),íntima (0.0261),confundam (0.0000),descrença (0.0000),sufocavam (0.0000)
8620,danças (0.0224),madrugada (0.0261),sinos (0.0000),acertam (0.0000),criados (0.0000)
8621,pontos (0.0223),cautela (0.0261),confortam (0.0000),destinos (0.0000),costurando (0.0000)
8622,periferia (0.0221),redondo (0.0261),confortando (0.0000),descosturados (0.0000),sustentaram (0.0000)
8623,negritude (0.0221),variáveis (0.0261),construíram (0.0000),afastado (0.0000),composto (0.0000)
8624,modo (0.0221),cordel (0.0261),sabemos (0.0000),destoam (0.0000),curvadas (0.0000)
8625,formais (0.0221),baseado (0.0261),confortar (0.0000),afastados (0.0000),sinuca (0.0000)
8626,ferramenta (0.0221),mancha (0.0261),construídos (0.0000),descontrolada (0.0000),sintético (0.0000)
8627,canções (0.0220),pareça (0.0261),sintam (0.0000),destoante (0.0000),compra (0.0000)
8628,linhagem (0.0220),fones (0.0261),confortavelmente (0.0000),destranca (0.0000),taquari (0.0000)
8629,criaram (0.0218),especiarias (0.0261),sabiam (0.0000),afastam (0.0000),cogumelos (0.0000)
8630,sagrados (0.0217),encaixe (0.0261),sessentão (0.0000),afastando (0.0000),cogumelo (0.0000)
8631,devido (0.0216),empreendedora (0.0261),confrontou (0.0000),acerola (0.0000),cobertas (0.0000)
8632,cestos (0.0215),cajueiros (0.0261),confortos (0.0000),capilar (0.0000),comprar (0.0000)
8633,existem (0.0212),arde (0.0261),sinhá (0.0000),acervo (0.0000),singularidades (0.0000)
8634,perfil (0.0212),pertencia (0.0261),sabonete (0.0000),advogado (0.0000),sucedido (0.0000)
8635,isadora (0.0211),estreitas (0.0261),confrontam (0.0000),dessana (0.0000),surgindo (0.0000)
8636,pretas (0.0209),precisas (0.0261),saboreando (0.0000),cheiroso (0.0000),tatuadas (0.0000)
8637,conhecimentos (0.0209),maré (0.0261),confrontar (0.0000),acessíveis (0.0000),crescidos (0.0000)
8638,ressaltar (0.0208),manutenção (0.0261),confronto (0.0000),casarão (0.0000),contabilidade (0.0000)
8639,ari (0.0206),válvula (0.0261),sessões (0.0000),casar (0.0000),compras (0.0000)
8640,defesa (0.0204),caracterizavam (0.0261),construía (0.0000),achadas (0.0000),controlada (0.0000)
8641,respeitada (0.0204),sufocantes (0.0261),culta (0.0000),adubada (0.0000),cobrando (0.0000)
8642,aproximadamente (0.0204),calçado (0.0261),cruzasse (0.0000),chi (0.0000),cobra (0.0000)
8643,lã (0.0204),extrair (0.0261),sincera (0.0000),adquiriu (0.0000),crescidas (0.0000)
8644,guardiã (0.0195),externas (0.0261),constroi (0.0000),cascatas (0.0000),cresciam (0.0000)
8645,rituais (0.0193),posiciona (0.0261),similares (0.0000),descrito (0.0000),cobiçada (0.0000)
8646,fibras (0.0179),coexistir (0.0261),severino (0.0000),achado (0.0000),cobiça (0.0000)
8647,ossos (0.0159),olha (0.0261),saboroso (0.0000),casamento (0.0000),sofreram (0.0000)
8648,conservam (0.0000),rodeiam (0.0261),cruzeiro (0.0000),adquirido (0.0000),crescerem (0.0000)
8649,modulando (0.0000),inesgotável (0.0261),conheça (0.0000),achados (0.0000),cresceram (0.0000)
8650,casacos (0.0000),expostas (0.0261),cuidavam (0.0000),casal (0.0000),conduzem (0.0000)
8651,modos (0.0000),adicionam (0.0261),conjugam (0.0000),descritas (0.0000),cobertura (0.0000)
8652,museu (0.0000),mercado (0.0261),cuidava (0.0000),adulto (0.0000),contado (0.0000)
8653,casal (0.0000),produzindo (0.0261),constructo (0.0000),acesso (0.0000),cobertor (0.0000)
8654,modula (0.0000),complementava (0.0261),conotação (0.0000),cascalho (0.0000),compreenda (0.0000)
8655,considerando (0.0000),pouquinho (0.0261),saborosas (0.0000),destacada (0.0000),curvilínea (0.0000)
8656,consertaram (0.0000),canavial (0.0261),conotações (0.0000),descrita (0.0000),contadoras (0.0000)
8657,suavizar (0.0000),opala (0.0261),sexta (0.0000),destacam (0.0000),coberto (0.0000)
8658,modéstia (0.0000),superados (0.0261),sabão (0.0000),cascas (0.0000),controlado (0.0000)
8659,consertado (0.0000),refletidas (0.0261),constranja (0.0000),descrevê (0.0000),comprando (0.0000)
8660,consertei (0.0000),decisões (0.0261),constrangimento (0.0000),acessar (0.0000),contundência (0.0000)
8661,consequências (0.0000),representativa (0.0261),cruzou (0.0000),adunco (0.0000),tatuada (0.0000)
8662,moeda (0.0000),daquilo (0.0261),sextas (0.0000),chiados (0.0000),coexistindo (0.0000)
8663,perfumavam (0.0000),questionamentos (0.0261),sacada (0.0000),descrevia (0.0000),sudestinas (0.0000)
8664,casar (0.0000),data (0.0261),silhuetas (0.0000),chic (0.0000),coexistem (0.0000)
8665,penetrava (0.0000),fortaleço (0.0261),cuidou (0.0000),destacando (0.0000),coerente (0.0000)
8666,consequentemente (0.0000),afetivas (0.0261),construirmos (0.0000),descreverem (0.0000),cotidianamente (0.0000)
8667,modernizar (0.0000),davam (0.0261),culpe (0.0000),advogada (0.0000),coentro (0.0000)
8668,museus (0.0000),chocolate (0.0259),conhecesse (0.0000),despercebida (0.0000),sucumbir (0.0000)
8669,carrinhos (0.0000),lavouras (0.0258),simultânea (0.0000),desempenhar (0.0000),confeccionadas (0.0000)
8670,suavizado (0.0000),passarinho (0.0258),culpado (0.0000),desempenhasse (0.0000),codó (0.0000)
8671,suados (0.0000),conectando (0.0258),simultaneamente (0.0000),carregariam (0.0000),sofrendo (0.0000)
8672,cartunescos (0.0000),originalidade (0.0258),simpático (0.0000),carregassem (0.0000),cocos (0.0000)
8673,conservar (0.0000),contraditório (0.0258),simpática (0.0000),adequava (0.0000),suco (0.0000)
8674,conservas (0.0000),compartilhado (0.0258),culpa (0.0000),carregará (0.0000),contundentes (0.0000)
8675,cartão (0.0000),faziam (0.0258),setor (0.0000),caranguejo (0.0000),contudo (0.0000)
8676,carteira (0.0000),nuance (0.0258),simplório (0.0000),desfeita (0.0000),contrários (0.0000)
8677,terror (0.0000),adequado (0.0258),conhecerem (0.0000),desfeitas (0.0000),sucessos (0.0000)
8678,suando (0.0000),comunitário (0.0258),culminou (0.0000),desmedida (0.0000),cocares (0.0000)
8679,conservavam (0.0000),expressivas (0.0258),saborosa (0.0000),ademário (0.0000),cocar (0.0000)
8680,territorial (0.0000),explora (0.0258),conheci (0.0000),carregaria (0.0000),tatu (0.0000)
8681,conservada (0.0000),ordem (0.0258),simplificar (0.0000),carcará (0.0000),consultoria (0.0000)
8682,conserve (0.0000),encantador (0.0258),culinárias (0.0000),adequados (0.0000),cobrindo (0.0000)
8683,modificação (0.0000),diamantina (0.0258),cruzava (0.0000),adequada (0.0000),controle (0.0000)
8684,conservo (0.0000),saído (0.0258),simplificador (0.0000),acompanhadas (0.0000),sofrer (0.0000)
8685,modinhas (0.0000),sorridente (0.0258),simplificada (0.0000),desfeitos (0.0000),cobriam (0.0000)
8686,territoriais (0.0000),couve (0.0258),conhecidas (0.0000),adere (0.0000),consumido (0.0000)
8687,terrestre (0.0000),enfeitava (0.0258),simpatia (0.0000),desmistifica (0.0000),contaminado (0.0000)
8688,considerada (0.0000),ri (0.0258),cujos (0.0000),desgastar (0.0000),condutor (0.0000)
8689,perfumava (0.0000),básico (0.0258),rumos (0.0000),acomodar (0.0000),contaminação (0.0000)
8690,territórios (0.0000),acabou (0.0258),curtindo (0.0000),aderia (0.0000),suavizando (0.0000)
8691,clube (0.0000),numerosa (0.0258),conterrâneos (0.0000),aderência (0.0000),cozida (0.0000)
8692,consideração (0.0000),resistiu (0.0258),comece (0.0000),adesivos (0.0000),craquelou (0.0000)
8693,construirmos (0.0000),paterna (0.0258),contraía (0.0000),acomodada (0.0000),continha (0.0000)
8694,construtora (0.0000),selvagens (0.0258),samurais (0.0000),chamamos (0.0000),cinzenta (0.0000)
8695,texe (0.0000),conseguiu (0.0258),combatidas (0.0000),chaves (0.0000),cinzelou (0.0000)
8696,construtivos (0.0000),acender (0.0258),contrato (0.0000),desespero (0.0000),sushi (0.0000)
8697,caroá (0.0000),movimenta (0.0258),código (0.0000),desesperança (0.0000),dancem (0.0000)
8698,caroço (0.0000),estórias (0.0258),sonhador (0.0000),chamadas (0.0000),simplificada (0.0000)
8699,carpintaria (0.0000),esvoaça (0.0258),somem (0.0000),carreguem (0.0000),comunico (0.0000)
8700,sp (0.0000),fagulha (0.0258),cítrico (0.0000),chefe (0.0000),tecelão (0.0000)
8701,carpinteiro (0.0000),enfeites (0.0258),some (0.0000),deserto (0.0000),continham (0.0000)
8702,construções (0.0000),sóis (0.0258),contrastou (0.0000),adeus (0.0000),concisa (0.0000)
8703,teto (0.0000),linguajar (0.0258),cítricas (0.0000),charruas (0.0000),solidário (0.0000)
8704,star (0.0000),chapadas (0.0258),criadas (0.0000),acompanhasse (0.0000),craquelam (0.0000)
8705,testemunhei (0.0000),superiores (0.0258),combinar (0.0000),deserta (0.0000),conciliar (0.0000)
8706,testemunhavam (0.0000),feridas (0.0258),sombrinha (0.0000),cardigã (0.0000),conciliando (0.0000)
8707,constructo (0.0000),sentiu (0.0258),combinavam (0.0000),adapto (0.0000),tecelãs (0.0000)
8708,startup (0.0000),afiada (0.0258),sombreava (0.0000),chamaram (0.0000),continuadora (0.0000)
8709,constranja (0.0000),danado (0.0258),círculos (0.0000),aconselha (0.0000),contradizia (0.0000)
8710,carol (0.0000),looks (0.0258),combinações (0.0000),acontece (0.0000),suavizado (0.0000)
8711,texto (0.0000),vagas (0.0258),sentado (0.0000),acontecem (0.0000),similares (0.0000)
8712,considerações (0.0000),gentes (0.0258),círculo (0.0000),desmanchando (0.0000),surpreendentes (0.0000)
8713,souber (0.0000),impõem (0.0258),combustível (0.0000),carregarei (0.0000),surpreender (0.0000)
8714,carlos (0.0000),fontes (0.0258),roídas (0.0000),cardigan (0.0000),stress (0.0000)
8715,consumido (0.0000),valorizada (0.0258),cúmplices (0.0000),carpinteiro (0.0000),sururu (0.0000)
8716,carnaubais (0.0000),heteronormativa (0.0258),combater (0.0000),adapte (0.0000),surrealismo (0.0000)
8717,teço (0.0000),atrai (0.0258),dai (0.0000),adaptações (0.0000),suavizar (0.0000)
8718,sossego (0.0000),invisibilizada (0.0258),coloquialismo (0.0000),chamariam (0.0000),comunicavam (0.0000)
8719,construírem (0.0000),plantei (0.0258),coloquialismos (0.0000),desmanchados (0.0000),simplificador (0.0000)
8720,soubemos (0.0000),habitantes (0.0258),coloração (0.0000),adaptarmos (0.0000),concluí (0.0000)
8721,construídos (0.0000),borda (0.0258),sonhei (0.0000),desfilava (0.0000),contrapondo (0.0000)
8722,soul (0.0000),foca (0.0258),contribuiriam (0.0000),desfiados (0.0000),circundava (0.0000)
8723,mutação (0.0000),inspirada (0.0258),coloriam (0.0000),carpintaria (0.0000),concorrência (0.0000)
8724,soubesse (0.0000),franca (0.0258),sonhava (0.0000),chamativa (0.0000),comunicaria (0.0000)
8725,moderado (0.0000),folha (0.0258),sonharem (0.0000),chapéus (0.0000),contextuais (0.0000)
8726,carnaúbas (0.0000),inovação (0.0258),sonhar (0.0000),adaptou (0.0000),circunda (0.0000)
8727,tez (0.0000),interagir (0.0258),dados (0.0000),adaptáveis (0.0000),simplificar (0.0000)
8728,carneiro (0.0000),permeado (0.0258),cútis (0.0000),adaptável (0.0000),circulação (0.0000)
8729,carnuda (0.0000),podia (0.0258),sonhando (0.0000),desmanchar (0.0000),contextualizada (0.0000)
8730,testemunhara (0.0000),aveludado (0.0258),contribuir (0.0000),carregarem (0.0000),circulam (0.0000)
8731,mutantes (0.0000),autoras (0.0258),coloriu (0.0000),acompanho (0.0000),contextualização (0.0000)
8732,constrangimento (0.0000),prato (0.0258),contribui (0.0000),desmantelado (0.0000),solicitado (0.0000)
8733,modernizados (0.0000),artesãs (0.0258),cresça (0.0000),adega (0.0000),cozemos (0.0000)
8734,modernizadas (0.0000),ouve (0.0255),sanfona (0.0000),desmatada (0.0000),concordo (0.0000)
8735,tesoura (0.0000),vestígio (0.0255),colégio (0.0000),ademir (0.0000),damião (0.0000)
8736,strudel (0.0000),movendo (0.0255),contribuem (0.0000),desmatamento (0.0000),cravada (0.0000)
8737,consistente (0.0000),demonstração (0.0255),sonhadorx (0.0000),desmatar (0.0000),ciranda (0.0000)
8738,pensadas (0.0000),tabaco (0.0255),come (0.0000),desertas (0.0000),damos (0.0000)
8739,penetra (0.0000),branquear (0.0255),comecinho (0.0000),desnecessário (0.0000),suavizaram (0.0000)
8740,terêna (0.0000),construções (0.0255),soluções (0.0000),chegavam (0.0000),cipós (0.0000)
8741,consigam (0.0000),fortaleceu (0.0255),comemora (0.0000),admiráveis (0.0000),crato (0.0000)
8742,testemunhado (0.0000),ocasionalmente (0.0255),sambas (0.0000),adocicada (0.0000),suspensa (0.0000)
8743,considerável (0.0000),fundamentais (0.0255),somado (0.0000),admitir (0.0000),crateús (0.0000)
8744,carreguem (0.0000),etiqueta (0.0255),comeu (0.0000),admita (0.0000),concorde (0.0000)
8745,carreira (0.0000),perderam (0.0255),soma (0.0000),cestos (0.0000),ciona (0.0000)
8746,penetrando (0.0000),interage (0.0255),começado (0.0000),despedida (0.0000),concentro (0.0000)
8747,considere (0.0000),envolvem (0.0255),solzão (0.0000),carreta (0.0000),danos (0.0000)
8748,penetrar (0.0000),lgbtqiapn (0.0255),solzinho (0.0000),admiro (0.0000),tecelagem (0.0000)
8749,carrinho (0.0000),criativos (0.0255),começar (0.0000),desenhou (0.0000),cozinharam (0.0000)
8750,tesouras (0.0000),levava (0.0255),sambar (0.0000),admirava (0.0000),concentração (0.0000)
8751,moderninha (0.0000),cobrir (0.0255),começaram (0.0000),admirando (0.0000),comê (0.0000)
8752,consome (0.0000),acredite (0.0255),contrapõe (0.0000),capão (0.0000),dançante (0.0000)
8753,consta (0.0000),sentar (0.0255),contrapunha (0.0000),ch (0.0000),concentravam (0.0000)
8754,constrangedoras (0.0000),pomada (0.0255),começarem (0.0000),caroço (0.0000),craquela (0.0000)
8755,perfuradas (0.0000),transfeminina (0.0255),contraposta (0.0000),admirados (0.0000),concentrar (0.0000)
8756,mutante (0.0000),piranha (0.0255),contraponto (0.0000),capturando (0.0000),concentrando (0.0000)
8757,constituir (0.0000),seguram (0.0255),começo (0.0000),capturadas (0.0000),concentrado (0.0000)
8758,modernices (0.0000),fortalecem (0.0255),criancinha (0.0000),adoecerem (0.0000),concebidas (0.0000)
8759,status (0.0000),diziam (0.0255),contrapondo (0.0000),despeito (0.0000),concentrada (0.0000)
8760,constelação (0.0000),suspiro (0.0255),começou (0.0000),acolhendo (0.0000),contrabalançadas (0.0000)
8761,constatação (0.0000),pratica (0.0255),comi (0.0000),desenham (0.0000),continuei (0.0000)
8762,carregarem (0.0000),ancora (0.0255),samba (0.0000),capturada (0.0000),continuidade (0.0000)
8763,carregaria (0.0000),julgamento (0.0255),cometa (0.0000),carrinhos (0.0000),continuamos (0.0000)
8764,carregariam (0.0000),trampo (0.0255),comerciantes (0.0000),chegava (0.0000),style (0.0000)
8765,carregará (0.0000),tilintar (0.0255),contrariá (0.0000),adolescente (0.0000),surpreendo (0.0000)
8766,stress (0.0000),caber (0.0255),comentários (0.0000),acolhedores (0.0000),concede (0.0000)
8767,testando (0.0000),dançam (0.0255),comemorar (0.0000),acolhedoras (0.0000),tecnicamente (0.0000)
8768,musiquinha (0.0000),gorda (0.0255),comemorativas (0.0000),despenteia (0.0000),suada (0.0000)
8769,consentimento (0.0000),pescadores (0.0255),sentam (0.0000),desengonçados (0.0000),suando (0.0000)
8770,suavizá (0.0000),gravados (0.0255),rpg (0.0000),cardumes (0.0000),conceder (0.0000)
8771,musculosas (0.0000),cabeleira (0.0255),comendo (0.0000),captando (0.0000),suado (0.0000)
8772,tentei (0.0000),expressividade (0.0255),comentar (0.0000),carroça (0.0000),suados (0.0000)
8773,confrontos (0.0000),ouvidas (0.0255),comentário (0.0000),admiradas (0.0000),conceitos (0.0000)
8774,catálogo (0.0000),simultaneamente (0.0255),rr (0.0000),chacoalham (0.0000),concederam (0.0000)
8775,confronto (0.0000),retorcidas (0.0255),cênicas (0.0000),adiados (0.0000),contornando (0.0000)
8776,confrontar (0.0000),adornando (0.0255),sentar (0.0000),desenvolvidas (0.0000),cinemas (0.0000)
8777,católicas (0.0000),representavam (0.0255),sampa (0.0000),desenvolvia (0.0000),cinge (0.0000)
8778,pererê (0.0000),preparava (0.0255),céus (0.0000),chapado (0.0000),cingem (0.0000)
8779,sucediam (0.0000),temperado (0.0255),contrastantes (0.0000),chegada (0.0000),tecia (0.0000)
8780,sucedida (0.0000),volumosa (0.0255),contrastante (0.0000),acolhidas (0.0000),contraditórias (0.0000)
8781,confortos (0.0000),sampa (0.0255),sentavam (0.0000),desordem (0.0000),cintilavam (0.0000)
8782,católicos (0.0000),diretas (0.0255),contrastada (0.0000),adaptando (0.0000),continuarei (0.0000)
8783,sucedidas (0.0000),mesmos (0.0255),sombreados (0.0000),adicionar (0.0000),teceu (0.0000)
8784,caudalosos (0.0000),superações (0.0255),comerciante (0.0000),capítulos (0.0000),strudel (0.0000)
8785,confortavelmente (0.0000),cacimba (0.0255),samurai (0.0000),acolhido (0.0000),surpreso (0.0000)
8786,confortava (0.0000),ofuscante (0.0255),rua (0.0000),chaleira (0.0000),cozinhando (0.0000)
8787,moleques (0.0000),especificar (0.0255),coloquial (0.0000),desenvolvido (0.0000),continuaremos (0.0000)
8788,confortando (0.0000),humildes (0.0255),coloquiais (0.0000),desnecessários (0.0000),craquelados (0.0000)
8789,causado (0.0000),conhecendo (0.0255),coloquem (0.0000),adicionais (0.0000),cintilantes (0.0000)
8790,catolicismo (0.0000),roçado (0.0255),coloquei (0.0000),acolhidos (0.0000),cintilante (0.0000)
8791,confrontou (0.0000),mista (0.0255),sensações (0.0000),adicionavam (0.0000),similar (0.0000)
8792,molecada (0.0000),limitada (0.0255),dançante (0.0000),desenvolvi (0.0000),surpresas (0.0000)
8793,catita (0.0000),pretendo (0.0255),crescidos (0.0000),adjetivo (0.0000),cintilando (0.0000)
8794,congela (0.0000),berço (0.0255),roubei (0.0000),desenvolveu (0.0000),contrabalançam (0.0000)
8795,catinga (0.0000),carreteiro (0.0255),contão (0.0000),chegado (0.0000),continuava (0.0000)
8796,confusões (0.0000),escorrer (0.0255),coletivos (0.0000),desenvolvendo (0.0000),craquelado (0.0000)
8797,perfeitas (0.0000),acobreadas (0.0255),sortudo (0.0000),chacota (0.0000),simbólicos (0.0000)
8798,catingueira (0.0000),risquinhos (0.0255),coleção (0.0000),acolherá (0.0000),dançamos (0.0000)
8799,molduras (0.0000),pinta (0.0255),sorriu (0.0000),adjetivos (0.0000),cintilam (0.0000)
8800,catingueiras (0.0000),fisionomia (0.0255),colheam (0.0000),administra (0.0000),simbologias (0.0000)
8801,cativa (0.0000),nesses (0.0255),contá (0.0000),desentendimentos (0.0000),solicitação (0.0000)
8802,confundem (0.0000),ofensivo (0.0255),sorriram (0.0000),administrado (0.0000),contrabalançado (0.0000)
8803,confuso (0.0000),oferecia (0.0255),contusão (0.0000),administradora (0.0000),cinta (0.0000)
8804,confusa (0.0000),limitantes (0.0255),sorrio (0.0000),admira (0.0000),comédia (0.0000)
8805,moldá (0.0000),esquece (0.0252),contundência (0.0000),caracteres (0.0000),coxinha (0.0000)
8806,confundido (0.0000),discriminação (0.0252),sorriem (0.0000),desorganizado (0.0000),cisnormativa (0.0000)
8807,terceira (0.0000),mágico (0.0252),sorridentemente (0.0000),admirada (0.0000),cisnormativas (0.0000)
8808,confundida (0.0000),vizinha (0.0252),santas (0.0000),destroem (0.0000),compunham (0.0000)
8809,confundia (0.0000),aprisionar (0.0252),contundentes (0.0000),destruindo (0.0000),subir (0.0000)
8810,causados (0.0000),brilharem (0.0252),sorriam (0.0000),certinha (0.0000),condicionado (0.0000)
8811,confortam (0.0000),gratidão (0.0252),roubávamos (0.0000),devo (0.0000),tecelagens (0.0000)
8812,terreiros (0.0000),puxei (0.0252),sorvete (0.0000),descabidos (0.0000),clareou (0.0000)
8813,causando (0.0000),asiático (0.0252),coletividade (0.0000),devora (0.0000),contempla (0.0000)
8814,conflito (0.0000),lu (0.0252),roubavam (0.0000),centros (0.0000),clareira (0.0000)
8815,cavalos (0.0000),fruta (0.0252),santista (0.0000),cantarolava (0.0000),clareiam (0.0000)
8816,cavar (0.0000),grudento (0.0252),colecionar (0.0000),chance (0.0000),condiciona (0.0000)
8817,cavernas (0.0000),pilar (0.0252),conversava (0.0000),agitar (0.0000),sofá (0.0000)
8818,caxias (0.0000),esperar (0.0252),cresciam (0.0000),acanhamento (0.0000),simplório (0.0000)
8819,confiáveis (0.0000),ateliê (0.0252),colegas (0.0000),carneiro (0.0000),clareia (0.0000)
8820,caça (0.0000),bisneto (0.0252),senhor (0.0000),choque (0.0000),compunha (0.0000)
8821,perdão (0.0000),caminhão (0.0252),crescidas (0.0000),agitados (0.0000),clareava (0.0000)
8822,configura (0.0000),manipulando (0.0252),souber (0.0000),cenários (0.0000),suspiros (0.0000)
8823,caçada (0.0000),acolhia (0.0252),conversando (0.0000),canteiro (0.0000),contemplando (0.0000)
8824,caçadas (0.0000),afazeres (0.0252),conversamos (0.0000),acordava (0.0000),contemplar (0.0000)
8825,molhando (0.0000),ornamenta (0.0252),convencionais (0.0000),descalçá (0.0000),contemplaram (0.0000)
8826,molhar (0.0000),garoa (0.0252),sorveteria (0.0000),agitavam (0.0000),computador (0.0000)
8827,confiava (0.0000),usados (0.0252),sotaques (0.0000),acampar (0.0000),contrastada (0.0000)
8828,confiar (0.0000),crença (0.0252),dançava (0.0000),devorada (0.0000),clarearam (0.0000)
8829,confiantes (0.0000),destacando (0.0252),senis (0.0000),castigador (0.0000),clarear (0.0000)
8830,molhou (0.0000),refúgios (0.0252),roubam (0.0000),devorando (0.0000),clareamento (0.0000)
8831,peregrinação (0.0000),ganha (0.0252),sossego (0.0000),chorando (0.0000),clareada (0.0000)
8832,cavalgadas (0.0000),panela (0.0252),coletavam (0.0000),acordei (0.0000),coxear (0.0000)
8833,confluência (0.0000),corria (0.0252),sorviam (0.0000),agito (0.0000),claras (0.0000)
8834,conformava (0.0000),rasgos (0.0252),coletes (0.0000),descabida (0.0000),claramente (0.0000)
8835,causar (0.0000),interiorzão (0.0252),dançaram (0.0000),cantarolar (0.0000),comprou (0.0000)
8836,murmurava (0.0000),autênticas (0.0252),sorria (0.0000),devotada (0.0000),subjetiva (0.0000)
8837,sucessivas (0.0000),belas (0.0252),roupagens (0.0000),castigou (0.0000),cítrico (0.0000)
8838,causou (0.0000),paranaense (0.0252),colhesse (0.0000),desbravando (0.0000),clarice (0.0000)
8839,moleza (0.0000),panelas (0.0252),senta (0.0000),desbotou (0.0000),sussurrando (0.0000)
8840,conformes (0.0000),anda (0.0252),colocado (0.0000),devoção (0.0000),solidários (0.0000)
8841,pereira (0.0000),convivência (0.0252),crespa (0.0000),desbotoou (0.0000),subsistência (0.0000)
8842,conformar (0.0000),deparo (0.0252),colocam (0.0000),desbotava (0.0000),compridos (0.0000)
8843,murmura (0.0000),integral (0.0250),sonora (0.0000),deviam (0.0000),coxas (0.0000)
8844,cautela (0.0000),pergunta (0.0250),crespas (0.0000),descansam (0.0000),simétricos (0.0000)
8845,cautelosa (0.0000),trans (0.0250),santana (0.0000),desbotar (0.0000),conferiu (0.0000)
8846,cauteloso (0.0000),gravidade (0.0250),colocava (0.0000),devemos (0.0000),simultaneamente (0.0000)
8847,murmurar (0.0000),expressem (0.0250),sensíveis (0.0000),descem (0.0000),crendices (0.0000)
8848,cavado (0.0000),transbordam (0.0250),damos (0.0000),deveriam (0.0000),comprimidos (0.0000)
8849,caval (0.0000),crochê (0.0250),roçando (0.0000),acariciado (0.0000),cíclica (0.0000)
8850,conforma (0.0000),agricultora (0.0250),colocadas (0.0000),agarrar (0.0000),submissa (0.0000)
8851,congelada (0.0000),misturados (0.0250),colocá (0.0000),desloca (0.0000),compro (0.0000)
8852,murmuravam (0.0000),dedicando (0.0250),contribuições (0.0000),castigada (0.0000),simpática (0.0000)
8853,terceiro (0.0000),esperançoso (0.0250),coloniais (0.0000),descendentes (0.0000),submeter (0.0000)
8854,congelados (0.0000),soma (0.0250),contribuiu (0.0000),chopes (0.0000),sp (0.0000)
8855,terna (0.0000),parcialmente (0.0250),colonizadora (0.0000),descendo (0.0000),comprometida (0.0000)
8856,caseiros (0.0000),quietas (0.0250),dali (0.0000),devem (0.0000),círculos (0.0000)
8857,conscientes (0.0000),guimarães (0.0250),colonizaram (0.0000),descendência (0.0000),compromissos (0.0000)
8858,sub (0.0000),encontrava (0.0250),siamesas (0.0000),acariciavam (0.0000),cítricas (0.0000)
8859,subia (0.0000),secos (0.0250),daiane (0.0000),descente (0.0000),star (0.0000)
8860,subir (0.0000),animar (0.0250),dan (0.0000),devastação (0.0000),contrastantes (0.0000)
8861,moldados (0.0000),habilidosos (0.0250),coloca (0.0000),ceramista (0.0000),condição (0.0000)
8862,conquistam (0.0000),instante (0.0250),colhetam (0.0000),agarravam (0.0000),contassem (0.0000)
8863,terminologia (0.0000),enfrentados (0.0250),roçadeira (0.0000),agarro (0.0000),contatos (0.0000)
8864,musculado (0.0000),portuguesas (0.0250),sensual (0.0000),agenda (0.0000),tecelas (0.0000)
8865,conquistados (0.0000),orgânico (0.0250),sororidade (0.0000),acaricaram (0.0000),códigos (0.0000)
8866,conquistadas (0.0000),areias (0.0250),soraya (0.0000),agente (0.0000),cúmplice (0.0000)
8867,subjugados (0.0000),traduz (0.0250),roxas (0.0000),descascaram (0.0000),tecelendo (0.0000)
8868,casos (0.0000),mangue (0.0250),roxos (0.0000),acarajés (0.0000),comunhão (0.0000)
8869,casou (0.0000),abrasador (0.0250),contrários (0.0000),descascar (0.0000),tecelã (0.0000)
8870,castanha (0.0000),rente (0.0250),daniel (0.0000),descascando (0.0000),cravando (0.0000)
8871,perfis (0.0000),piauí (0.0250),sensualidade (0.0000),descascado (0.0000),cravam (0.0000)
8872,musculação (0.0000),revolto (0.0250),soprado (0.0000),cera (0.0000),suavizá (0.0000)
8873,terninho (0.0000),elástico (0.0250),dandara (0.0000),chop (0.0000),comunicador (0.0000)
8874,casei (0.0000),amava (0.0250),danada (0.0000),descascada (0.0000),contendo (0.0000)
8875,conseguindo (0.0000),deixei (0.0250),sonoridade (0.0000),descartados (0.0000),simplificações (0.0000)
8876,conselho (0.0000),descobrem (0.0250),colinas (0.0000),canteiros (0.0000),cisterna (0.0000)
8877,conseguiriam (0.0000),cantiga (0.0250),dancem (0.0000),agitadas (0.0000),sussurava (0.0000)
8878,conseguiria (0.0000),vivem (0.0250),colisão (0.0000),desbotaram (0.0000),cravado (0.0000)
8879,cascalho (0.0000),rezas (0.0250),controlar (0.0000),aglomerações (0.0000),cissa (0.0000)
8880,cascas (0.0000),passam (0.0250),danado (0.0000),agarradinho (0.0000),contenha (0.0000)
8881,conseguiremos (0.0000),apagadas (0.0250),colmeia (0.0000),desarma (0.0000),contentamento (0.0000)
8882,moinhos (0.0000),reluzia (0.0250),sonoras (0.0000),centenário (0.0000),cisnormativo (0.0000)
8883,conseguido (0.0000),rude (0.0250),controlado (0.0000),desaprendido (0.0000),cisnormatividade (0.0000)
8884,cascudo (0.0000),cozinheira (0.0250),comia (0.0000),agregava (0.0000),contente (0.0000)
8885,conseguiam (0.0000),fronteiras (0.0250),comidinha (0.0000),centenários (0.0000),contrapunha (0.0000)
8886,conseguia (0.0000),liga (0.0250),comunicador (0.0000),desapropriação (0.0000),contento (0.0000)
8887,perfuma (0.0000),haviam (0.0250),compreendia (0.0000),diamantes (0.0000),contenção (0.0000)
8888,performática (0.0000),inscreveu (0.0250),curvar (0.0000),cantando (0.0000),comunicamos (0.0000)
8889,cascavel (0.0000),arrancando (0.0250),compra (0.0000),dialogar (0.0000),suavizavam (0.0000)
8890,sorvete (0.0000),tecer (0.0248),comprada (0.0000),desarmando (0.0000),contraposta (0.0000)
8891,casco (0.0000),adornados (0.0248),separa (0.0000),agrava (0.0000),sussuram (0.0000)
8892,murmure (0.0000),valorização (0.0248),comprado (0.0000),cantaram (0.0000),contestadora (0.0000)
8893,conotação (0.0000),composição (0.0248),comprando (0.0000),centrais (0.0000),coxilhas (0.0000)
8894,terminava (0.0000),afirma (0.0248),comprar (0.0000),chove (0.0000),sub (0.0000)
8895,moldavam (0.0000),junção (0.0248),compras (0.0000),desarruma (0.0000),computadores (0.0000)
8896,conheci (0.0000),propriedades (0.0248),comprava (0.0000),desaprender (0.0000),dada (0.0000)
8897,tereré (0.0000),abandona (0.0248),compreenda (0.0000),agressividade (0.0000),clamor (0.0000)
8898,conhecesse (0.0000),artesãos (0.0248),curvando (0.0000),agressivos (0.0000),clamar (0.0000)
8899,conhecerem (0.0000),colhida (0.0248),saltos (0.0000),acalenta (0.0000),clamando (0.0000)
8900,castigou (0.0000),cravejada (0.0248),ruguinha (0.0000),agressões (0.0000),condensado (0.0000)
8901,casuais (0.0000),restaurante (0.0248),separado (0.0000),desaprendendo (0.0000),concretos (0.0000)
8902,terena (0.0000),aromáticas (0.0248),ruguinhas (0.0000),desapego (0.0000),sussurrada (0.0000)
8903,casualidade (0.0000),bruto (0.0248),sofrem (0.0000),agricultoras (0.0000),surpreendentemente (0.0000)
8904,substituir (0.0000),vergonha (0.0248),sofra (0.0000),chover (0.0000),cúmplices (0.0000)
8905,casualmente (0.0000),acompanhada (0.0248),ruidosas (0.0000),acusa (0.0000),contemplativos (0.0000)
8906,conhecemos (0.0000),espalhada (0.0248),sofisticação (0.0000),desapareciam (0.0000),contemplava (0.0000)
8907,moldo (0.0000),pura (0.0248),separados (0.0000),adaptaram (0.0000),contemplação (0.0000)
8908,conhecedora (0.0000),altiva (0.0248),compreenderem (0.0000),desaparecendo (0.0000),comumente (0.0000)
8909,conhecedor (0.0000),realizar (0.0248),senão (0.0000),chunky (0.0000),cla (0.0000)
8910,congo (0.0000),complementando (0.0248),rugosidade (0.0000),desaparecem (0.0000),cravejando (0.0000)
8911,catarinenses (0.0000),camarada (0.0248),composições (0.0000),acalanto (0.0000),status (0.0000)
8912,substituída (0.0000),habitava (0.0248),comportado (0.0000),catarinense (0.0000),cútis (0.0000)
8913,conhecidas (0.0000),sonha (0.0248),complica (0.0000),agradáveis (0.0000),cravejados (0.0000)
8914,sublinhava (0.0000),oração (0.0248),curvilínea (0.0000),agradeço (0.0000),contemplem (0.0000)
8915,castigado (0.0000),acompanhavam (0.0248),complicada (0.0000),cantarolando (0.0000),ciúmes (0.0000)
8916,conjugam (0.0000),escondiam (0.0248),sofro (0.0000),acalmo (0.0000),civilizados (0.0000)
8917,castelo (0.0000),solares (0.0248),curve (0.0000),chorou (0.0000),solavancos (0.0000)
8918,moldasse (0.0000),raro (0.0248),componho (0.0000),dialecto (0.0000),civilizado (0.0000)
8919,conheçam (0.0000),manejo (0.0248),compor (0.0000),acalmava (0.0000),subindo (0.0000)
8920,castelos (0.0000),chegou (0.0248),curvavam (0.0000),agradar (0.0000),contrapõem (0.0000)
8921,terminado (0.0000),contagia (0.0248),comportada (0.0000),chorei (0.0000),coxilha (0.0000)
8922,termina (0.0000),ginga (0.0248),comportados (0.0000),dezoito (0.0000),constituir (0.0000)
8923,moldava (0.0000),decoradas (0.0248),sofreram (0.0000),agradam (0.0000),soltas (0.0000)
8924,castigando (0.0000),honrar (0.0248),criativos (0.0000),agradeceremos (0.0000),conveniência (0.0000)
8925,castigador (0.0000),tentaram (0.0246),sofrido (0.0000),dezessete (0.0000),sobrenome (0.0000)
8926,subsistência (0.0000),faça (0.0246),sofri (0.0000),cantaremos (0.0000),cuidou (0.0000)
8927,castigadora (0.0000),acreditar (0.0246),comportamentos (0.0000),acalorados (0.0000),sulina (0.0000)
8928,conhecidx (0.0000),contendo (0.0246),rugindo (0.0000),agosto (0.0000),conselho (0.0000)
8929,conhecidos (0.0000),espetados (0.0246),criatix (0.0000),agogô (0.0000),sobrevoam (0.0000)
8930,substitui (0.0000),respeitado (0.0246),comportasse (0.0000),desbotam (0.0000),comemorativas (0.0000)
8931,castigam (0.0000),tarefa (0.0246),comportavam (0.0000),dialetos (0.0000),confundida (0.0000)
8932,sorveteria (0.0000),deuses (0.0246),compositora (0.0000),desbota (0.0000),compassiva (0.0000)
8933,modelando (0.0000),mantêm (0.0246),compreendi (0.0000),desavisados (0.0000),compasso (0.0000)
8934,thor (0.0000),compartilhando (0.0246),separando (0.0000),dialoga (0.0000),corrigindo (0.0000)
8935,solteiro (0.0000),misturaram (0.0246),comido (0.0000),desatinos (0.0000),compatíveis (0.0000)
8936,contê (0.0000),motor (0.0246),separar (0.0000),acalmaram (0.0000),compensa (0.0000)
8937,contão (0.0000),coluna (0.0246),compro (0.0000),desatentos (0.0000),compensar (0.0000)
8938,contá (0.0000),residia (0.0246),socioeconômicos (0.0000),casualidade (0.0000),consentimento (0.0000)
8939,míticas (0.0000),reza (0.0246),criem (0.0000),agradece (0.0000),cristalinas (0.0000)
8940,contusão (0.0000),marcar (0.0246),socioeconômico (0.0000),desatar (0.0000),soprado (0.0000)
8941,contundência (0.0000),manifestam (0.0246),comprou (0.0000),agradecem (0.0000),consequentemente (0.0000)
8942,permanecia (0.0000),protegiam (0.0246),separo (0.0000),agradecemos (0.0000),sobrenatural (0.0000)
8943,canoas (0.0000),emanando (0.0246),conteúdos (0.0000),desastrada (0.0000),corrigir (0.0000)
8944,cansa (0.0000),esquecida (0.0246),conteúdo (0.0000),desarrumar (0.0000),cujos (0.0000)
8945,contrários (0.0000),entrelaçada (0.0246),curtir (0.0000),agradecendo (0.0000),sobrava (0.0000)
8946,mística (0.0000),sabia (0.0246),compunham (0.0000),careca (0.0000),compete (0.0000)
8947,permaneceu (0.0000),facão (0.0246),contextualização (0.0000),acrescentando (0.0000),corrijo (0.0000)
8948,tocado (0.0000),ásperos (0.0246),contextuais (0.0000),desciam (0.0000),cristal (0.0000)
8949,tocada (0.0000),diminuir (0.0244),socioeconômica (0.0000),agarradas (0.0000),comemorar (0.0000)
8950,controle (0.0000),raspados (0.0244),computadores (0.0000),chinesa (0.0000),sopram (0.0000)
8951,controlar (0.0000),potente (0.0244),septum (0.0000),caroá (0.0000),culminou (0.0000)
8952,permanecer (0.0000),lascado (0.0244),curtinhos (0.0000),acentuados (0.0000),conseguiriam (0.0000)
8953,permaneça (0.0000),testemunham (0.0244),compõem (0.0000),desvie (0.0000),confundido (0.0000)
8954,soluções (0.0000),acentuando (0.0244),sociocultural (0.0000),desgastes (0.0000),comportavam (0.0000)
8955,permaneçam (0.0000),sobrevive (0.0244),socialmente (0.0000),caseiras (0.0000),sóbria (0.0000)
8956,conversavam (0.0000),acolhida (0.0244),curtinho (0.0000),desviar (0.0000),cristalizado (0.0000)
8957,convicto (0.0000),eloquência (0.0244),contestadora (0.0000),desconfiança (0.0000),corrige (0.0000)
8958,caneca (0.0000),cachimbo (0.0244),comprimentos (0.0000),desvendo (0.0000),comercializa (0.0000)
8959,convicta (0.0000),trabalhosa (0.0244),ruivo (0.0000),capa (0.0000),conseguido (0.0000)
8960,peludo (0.0000),corporais (0.0244),sarjeta (0.0000),chino (0.0000),comerciais (0.0000)
8961,tocantins (0.0000),vejam (0.0244),sofisticada (0.0000),cerrados (0.0000),cuidamos (0.0000)
8962,canetas (0.0000),dragão (0.0244),curvadas (0.0000),afetação (0.0000),conseguimos (0.0000)
8963,converso (0.0000),pairava (0.0242),sofisticados (0.0000),chineses (0.0000),sobrepeso (0.0000)
8964,soltinhos (0.0000),indeléveis (0.0242),compreendidas (0.0000),desvendando (0.0000),taciturna (0.0000)
8965,convenções (0.0000),encontrados (0.0242),sofisticadas (0.0000),desconhecia (0.0000),cuidaram (0.0000)
8966,conversando (0.0000),precoces (0.0242),salto (0.0000),desconfiada (0.0000),cuidava (0.0000)
8967,canivete (0.0000),sustentar (0.0242),ruins (0.0000),caros (0.0000),cristalinos (0.0000)
8968,conversamos (0.0000),estrelada (0.0242),compreensiva (0.0000),desânimo (0.0000),comentário (0.0000)
8969,tocamos (0.0000),nelas (0.0242),separação (0.0000),detalhar (0.0000),conseguiria (0.0000)
8970,soltá (0.0000),devoto (0.0242),compreensivos (0.0000),afetivo (0.0000),sítios (0.0000)
8971,móveis (0.0000),barreiras (0.0242),compreensível (0.0000),chinês (0.0000),comentar (0.0000)
8972,cano (0.0000),entardecer (0.0242),sociologia (0.0000),cerque (0.0000),conseguindo (0.0000)
8973,controlada (0.0000),presenteou (0.0242),cururu (0.0000),acentuadas (0.0000),corajosa (0.0000)
8974,contribuía (0.0000),baunilha (0.0242),salteado (0.0000),acentuada (0.0000),soou (0.0000)
8975,cansava (0.0000),roças (0.0242),sofia (0.0000),acentos (0.0000),compartilhavam (0.0000)
8976,cantavam (0.0000),vó (0.0242),ruiva (0.0000),desconectada (0.0000),conseguiremos (0.0000)
8977,contrastou (0.0000),vielas (0.0242),soe (0.0000),cerimônias (0.0000),sobrenomes (0.0000)
8978,somado (0.0000),veem (0.0242),separe (0.0000),desgraça (0.0000),corrigem (0.0000)
8979,sombreados (0.0000),adornar (0.0242),contidas (0.0000),desconcertado (0.0000),coradas (0.0000)
8980,mínimo (0.0000),vestiam (0.0242),sociável (0.0000),desconcertada (0.0000),cora (0.0000)
8981,mínima (0.0000),respiração (0.0242),ruivas (0.0000),afiando (0.0000),confundir (0.0000)
8982,mídias (0.0000),pertenço (0.0242),sofrência (0.0000),descomunal (0.0000),culpado (0.0000)
8983,tirou (0.0000),vegetação (0.0242),software (0.0000),canícula (0.0000),comecinho (0.0000)
8984,peripécias (0.0000),asa (0.0241),curvilíneo (0.0000),capacitismo (0.0000),taciturno (0.0000)
8985,cantaram (0.0000),tempero (0.0241),complexidades (0.0000),aceno (0.0000),coordenando (0.0000)
8986,contrastante (0.0000),transmitido (0.0241),contrabalançado (0.0000),acentuação (0.0000),tal (0.0000)
8987,penas (0.0000),palpável (0.0241),soltinhas (0.0000),afastemos (0.0000),cultivamos (0.0000)
8988,sombrios (0.0000),tecelã (0.0241),compartilham (0.0000),destruída (0.0000),confundam (0.0000)
8989,tirem (0.0000),preparo (0.0241),rude (0.0000),desconsiderar (0.0000),talentos (0.0000)
8990,tiras (0.0000),recursos (0.0241),contrabalançadas (0.0000),desconstruindo (0.0000),sobra (0.0000)
8991,some (0.0000),sobrepondo (0.0241),salão (0.0000),afastei (0.0000),crimes (0.0000)
8992,misturei (0.0000),tapetes (0.0241),solteiro (0.0000),casco (0.0000),competência (0.0000)
8993,cantaremos (0.0000),imposição (0.0241),cálculo (0.0000),adaptados (0.0000),soberania (0.0000)
8994,titubear (0.0000),engenharia (0.0241),soltar (0.0000),casei (0.0000),confrontos (0.0000)
8995,contribuições (0.0000),ficando (0.0241),soltando (0.0000),afaste (0.0000),copa (0.0000)
8996,cantadas (0.0000),floresta (0.0240),compartilhava (0.0000),desconstrução (0.0000),cultivavam (0.0000)
8997,cansei (0.0000),suavidade (0.0239),soltam (0.0000),afastar (0.0000),sombrinha (0.0000)
8998,toalha (0.0000),baixinho (0.0239),contrabalançada (0.0000),destruição (0.0000),cultivos (0.0000)
8999,contribuição (0.0000),inigualável (0.0239),solstícios (0.0000),descontrair (0.0000),culpe (0.0000)
9000,cantada (0.0000),diferenciar (0.0239),compartimentos (0.0000),destruir (0.0000),culto (0.0000)
9001,contribuiu (0.0000),pulsante (0.0239),compassiva (0.0000),certidão (0.0000),confronto (0.0000)
9002,contribuiriam (0.0000),vital (0.0239),compasso (0.0000),acentuava (0.0000),sobe (0.0000)
9003,permanecemos (0.0000),tios (0.0239),compassos (0.0000),capelinha (0.0000),soavam (0.0000)
9004,pelô (0.0000),confundiam (0.0239),salário (0.0000),destrói (0.0000),soaram (0.0000)
9005,misturas (0.0000),carnudos (0.0239),compatíveis (0.0000),capela (0.0000),sulcavam (0.0000)
9006,contribuindo (0.0000),tecia (0.0239),compensa (0.0000),desvalorizado (0.0000),criem (0.0000)
9007,permanecem (0.0000),rolo (0.0239),compartilhadas (0.0000),certezas (0.0000),confrontam (0.0000)
9008,cantados (0.0000),medicinais (0.0239),cáqui (0.0000),chinesas (0.0000),cortada (0.0000)
9009,contraía (0.0000),indumentária (0.0237),soltinho (0.0000),cascudo (0.0000),soar (0.0000)
9010,cantam (0.0000),respeitando (0.0237),contraditório (0.0000),afastá (0.0000),suponho (0.0000)
9011,cantamos (0.0000),grita (0.0237),soltá (0.0000),desvendada (0.0000),combatidas (0.0000)
9012,cantando (0.0000),pino (0.0237),comove (0.0000),afeito (0.0000),takumã (0.0000)
9013,convictos (0.0000),prende (0.0237),comovem (0.0000),desconhecidos (0.0000),copaíba (0.0000)
9014,candura (0.0000),alegres (0.0237),comover (0.0000),certeiras (0.0000),cultivam (0.0000)
9015,contabilidade (0.0000),acesa (0.0237),companheira (0.0000),desvendados (0.0000),combinar (0.0000)
9016,pelotas (0.0000),criam (0.0236),companheiras (0.0000),afeminado (0.0000),comece (0.0000)
9017,tombos (0.0000),levantar (0.0236),contradição (0.0000),capas (0.0000),corriqueiro (0.0000)
9018,minúcia (0.0000),embalava (0.0236),companheirismo (0.0000),descompromisso (0.0000),concedido (0.0000)
9019,mútua (0.0000),esboça (0.0236),salões (0.0000),detalhista (0.0000),sopravam (0.0000)
9020,cordialidade (0.0000),batalha (0.0236),contraditórias (0.0000),descobertas (0.0000),conserta (0.0000)
9021,peixada (0.0000),grudada (0.0236),contrabalançam (0.0000),afogando (0.0000),sobram (0.0000)
9022,cordial (0.0000),figuras (0.0236),criançada (0.0000),afoito (0.0000),confundiam (0.0000)
9023,minúsculo (0.0000),guardando (0.0236),contraditória (0.0000),deuses (0.0000),sobral (0.0000)
9024,caminhoneiro (0.0000),colo (0.0236),companhia (0.0000),cercanias (0.0000),coqueirais (0.0000)
9025,caminhonete (0.0000),trançada (0.0236),compara (0.0000),deusa (0.0000),consertado (0.0000)
9026,tomates (0.0000),digno (0.0236),soltinhos (0.0000),desgrudo (0.0000),confundia (0.0000)
9027,minúsculos (0.0000),selva (0.0236),cânones (0.0000),descobrirem (0.0000),tai (0.0000)
9028,solavancos (0.0000),volumes (0.0236),comparados (0.0000),aceitarem (0.0000),sobrevoando (0.0000)
9029,corcunda (0.0000),fluindo (0.0236),contrabalançando (0.0000),aflora (0.0000),sopro (0.0000)
9030,solicitado (0.0000),necessárias (0.0236),cânions (0.0000),afogada (0.0000),sopé (0.0000)
9031,tomate (0.0000),permeiam (0.0236),compensar (0.0000),aceite (0.0000),sobradinho (0.0000)
9032,tomaram (0.0000),ajudava (0.0236),compete (0.0000),detém (0.0000),confundem (0.0000)
9033,mirando (0.0000),vitórias (0.0236),cyberpunk (0.0000),afluentes (0.0000),sobriedade (0.0000)
9034,sola (0.0000),mistérios (0.0236),criativamente (0.0000),aceitem (0.0000),consertam (0.0000)
9035,caminham (0.0000),enriquece (0.0235),solicitação (0.0000),cercar (0.0000),cultivado (0.0000)
9036,sofá (0.0000),amanhã (0.0235),contorna (0.0000),chocalho (0.0000),confunde (0.0000)
9037,coroas (0.0000),pertence (0.0235),solicitado (0.0000),deslocado (0.0000),cultivados (0.0000)
9038,minério (0.0000),sussurra (0.0235),salvador (0.0000),chocam (0.0000),combinavam (0.0000)
9039,corredores (0.0000),traziam (0.0235),completando (0.0000),acordam (0.0000),competitivo (0.0000)
9040,camaleão (0.0000),razão (0.0235),sentirem (0.0000),chocando (0.0000),sobrinhas (0.0000)
9041,tonhão (0.0000),conheceu (0.0235),completaria (0.0000),afrofuturismo (0.0000),confusa (0.0000)
9042,corpos (0.0000),preserva (0.0235),customizado (0.0000),cercando (0.0000),conseguia (0.0000)
9043,corporalmente (0.0000),mutável (0.0235),continuei (0.0000),acaso (0.0000),sulino (0.0000)
9044,software (0.0000),enfrento (0.0235),solavancos (0.0000),descobri (0.0000),crônicas (0.0000)
9045,coroar (0.0000),gostoso (0.0234),completados (0.0000),devagarinho (0.0000),conotações (0.0000)
9046,coringa (0.0000),soube (0.0234),criativas (0.0000),cantoras (0.0000),corinthians (0.0000)
9047,softwares (0.0000),maestria (0.0234),salva (0.0000),agachada (0.0000),cruel (0.0000)
9048,camila (0.0000),lavagem (0.0234),customizadas (0.0000),devastada (0.0000),sólidas (0.0000)
9049,naftalina (0.0000),enfrentadas (0.0234),customizada (0.0000),devastadas (0.0000),sobreviva (0.0000)
9050,tona (0.0000),intensificavam (0.0234),solange (0.0000),descobre (0.0000),sobreviventes (0.0000)
9051,coro (0.0000),mandíbula (0.0234),customiza (0.0000),devastadora (0.0000),críticos (0.0000)
9052,nacionais (0.0000),luar (0.0234),sofá (0.0000),descobertos (0.0000),coringa (0.0000)
9053,corinthians (0.0000),ensinando (0.0234),softwares (0.0000),aflorada (0.0000),corretora (0.0000)
9054,tomamos (0.0000),ponta (0.0234),cuscuz (0.0000),cantores (0.0000),sobreviverão (0.0000)
9055,mirim (0.0000),conheçam (0.0234),salve (0.0000),cerimônia (0.0000),cruciais (0.0000)
9056,corajosa (0.0000),correm (0.0234),complementos (0.0000),detentora (0.0000),conhecemos (0.0000)
9057,canalizar (0.0000),destacava (0.0234),rudes (0.0000),acendia (0.0000),sobrevivia (0.0000)
9058,toka (0.0000),tapeçaria (0.0234),complacência (0.0000),chique (0.0000),cuiabano (0.0000)
9059,todxs (0.0000),rara (0.0234),competente (0.0000),afinadinho (0.0000),cubatão (0.0000)
9060,copacabana (0.0000),tias (0.0234),cut (0.0000),cereais (0.0000),sonhei (0.0000)
9061,missão (0.0000),persiste (0.0234),competitiva (0.0000),acendo (0.0000),cordinha (0.0000)
9062,coordenadora (0.0000),selecionados (0.0232),customização (0.0000),detentores (0.0000),cubo (0.0000)
9063,solitária (0.0000),acalmar (0.0232),competitivas (0.0000),desgrenhada (0.0000),comparado (0.0000)
9064,mistas (0.0000),destaca (0.0232),customizar (0.0000),deturpada (0.0000),comparados (0.0000)
9065,convivo (0.0000),sinceras (0.0232),competitivo (0.0000),afiliação (0.0000),sô (0.0000)
9066,camuflado (0.0000),esculturas (0.0232),customizados (0.0000),descombinadas (0.0000),cuia (0.0000)
9067,misteriosos (0.0000),acentuar (0.0232),solitário (0.0000),descombinados (0.0000),tabaco (0.0000)
9068,soltam (0.0000),enfeita (0.0232),compleição (0.0000),descomplicada (0.0000),cordialidade (0.0000)
9069,canaviais (0.0000),selvagem (0.0231),complementavam (0.0000),aficionada (0.0000),cuiabana (0.0000)
9070,convidavam (0.0000),cuja (0.0231),solitária (0.0000),detentor (0.0000),superfícies (0.0000)
9071,convidativa (0.0000),enfrentei (0.0231),solitude (0.0000),canvas (0.0000),conotação (0.0000)
9072,convidando (0.0000),adiante (0.0231),solidários (0.0000),cercou (0.0000),sobrevivendo (0.0000)
9073,convida (0.0000),mostrava (0.0231),complementados (0.0000),descoloridos (0.0000),comido (0.0000)
9074,solitude (0.0000),vivências (0.0231),contorno (0.0000),adaptado (0.0000),correto (0.0000)
9075,misericórdia (0.0000),rodas (0.0231),contornam (0.0000),afirmando (0.0000),correntes (0.0000)
9076,tomam (0.0000),continue (0.0230),solidário (0.0000),deslumbrantes (0.0000),superava (0.0000)
9077,miscigenadas (0.0000),compreende (0.0230),solidária (0.0000),cerco (0.0000),conhecidas (0.0000)
9078,tomado (0.0000),sonora (0.0230),solidez (0.0000),carol (0.0000),comover (0.0000)
9079,miscigenada (0.0000),colhidas (0.0230),coxinha (0.0000),cantoria (0.0000),cruzava (0.0000)
9080,campanha (0.0000),pintada (0.0230),tirou (0.0000),descolado (0.0000),corredeiras (0.0000)
9081,campeira (0.0000),carregamos (0.0230),sábado (0.0000),determinantes (0.0000),superciliar (0.0000)
9082,coradas (0.0000),imagens (0.0230),verá (0.0000),determinasse (0.0000),conhecidos (0.0000)
9083,campestres (0.0000),índio (0.0230),amplitude (0.0000),choca (0.0000),conhecidx (0.0000)
9084,campina (0.0000),incansável (0.0230),amplificar (0.0000),acendem (0.0000),superei (0.0000)
9085,solidez (0.0000),querem (0.0229),versátil (0.0000),chocalham (0.0000),cruzou (0.0000)
9086,tolerada (0.0000),presentear (0.0229),versão (0.0000),afirmava (0.0000),corporalmente (0.0000)
9087,campineiro (0.0000),junina (0.0229),ampliar (0.0000),detesto (0.0000),cruéis (0.0000)
9088,solidária (0.0000),cativava (0.0229),vertebral (0.0000),caracóis (0.0000),cruzaram (0.0000)
9089,solidário (0.0000),contos (0.0229),verões (0.0000),comédia (0.0000),superficiais (0.0000)
9090,campinho (0.0000),contaram (0.0229),amontoava (0.0000),definhar (0.0000),conhecesse (0.0000)
9091,solidários (0.0000),saga (0.0229),amparam (0.0000),conterrâneos (0.0000),superam (0.0000)
9092,tomada (0.0000),balançam (0.0229),amparado (0.0000),assumidamente (0.0000),comove (0.0000)
9093,miscigenações (0.0000),livres (0.0229),ampara (0.0000),comovem (0.0000),conjugam (0.0000)
9094,contrariá (0.0000),escudo (0.0229),amorzinho (0.0000),assume (0.0000),corporais (0.0000)
9095,contrapõe (0.0000),telas (0.0229),amorosa (0.0000),contenha (0.0000),cruzando (0.0000)
9096,cantinho (0.0000),sofrida (0.0229),vestem (0.0000),assombrar (0.0000),sonhando (0.0000)
9097,tiramos (0.0000),volumoso (0.0228),versus (0.0000),contentamento (0.0000),superficialmente (0.0000)
9098,contemporaneidade (0.0000),ecoando (0.0228),versos (0.0000),contente (0.0000),cruza (0.0000)
9099,contemplem (0.0000),adornam (0.0228),verso (0.0000),binárie (0.0000),corretamente (0.0000)
9100,caracterizava (0.0000),eco (0.0228),amá (0.0000),comido (0.0000),comparação (0.0000)
9101,tingida (0.0000),séculos (0.0228),amálgama (0.0000),contestadora (0.0000),conquistam (0.0000)
9102,tingi (0.0000),curvados (0.0228),versatilidade (0.0000),comia (0.0000),suma (0.0000)
9103,mocidade (0.0000),bochecha (0.0227),amêndoados (0.0000),contextos (0.0000),sonolento (0.0000)
9104,contemplativa (0.0000),intrincadas (0.0227),ana (0.0000),contextuais (0.0000),corretos (0.0000)
9105,contemplaram (0.0000),escondem (0.0227),vero (0.0000),contextualizada (0.0000),comeu (0.0000)
9106,penduradas (0.0000),diverso (0.0227),analista (0.0000),contextualização (0.0000),correu (0.0000)
9107,caracóis (0.0000),xote (0.0227),analítica (0.0000),comidinha (0.0000),conscientes (0.0000)
9108,contemplando (0.0000),precederam (0.0227),analítico (0.0000),conteúdo (0.0000),cristãs (0.0000)
9109,contempla (0.0000),traçado (0.0227),analógica (0.0000),conteúdos (0.0000),congelados (0.0000)
9110,sopravam (0.0000),chamá (0.0227),anasalada (0.0000),assombra (0.0000),corria (0.0000)
9111,caramujo (0.0000),iemanjá (0.0226),vermelhas (0.0000),contidas (0.0000),sumido (0.0000)
9112,mágica (0.0000),tecem (0.0226),verdão (0.0000),assumido (0.0000),cordel (0.0000)
9113,carauá (0.0000),emanavam (0.0226),verduras (0.0000),assumir (0.0000),cometer (0.0000)
9114,carcará (0.0000),vitalidade (0.0226),vestidas (0.0000),contemplação (0.0000),congelada (0.0000)
9115,sopram (0.0000),potência (0.0226),amontoado (0.0000),assumirem (0.0000),sobrepostas (0.0000)
9116,mobilidade (0.0000),retratam (0.0225),algoritmos (0.0000),assíduo (0.0000),cuidadosos (0.0000)
9117,soou (0.0000),fogão (0.0225),veterinária (0.0000),assídua (0.0000),conquistando (0.0000)
9118,conterrâneos (0.0000),reciclados (0.0225),amenizar (0.0000),comparado (0.0000),sonoras (0.0000)
9119,capuz (0.0000),barulhenta (0.0225),amenizado (0.0000),compara (0.0000),corcunda (0.0000)
9120,contextuais (0.0000),agarra (0.0225),vestiria (0.0000),bicos (0.0000),congela (0.0000)
9121,capão (0.0000),polida (0.0225),ameixa (0.0000),contempla (0.0000),sombrios (0.0000)
9122,mitos (0.0000),batas (0.0225),amei (0.0000),contemplando (0.0000),sonoridade (0.0000)
9123,capítulo (0.0000),chamavam (0.0225),vesto (0.0000),assusto (0.0000),superstições (0.0000)
9124,capítulos (0.0000),tingidas (0.0225),ameaçam (0.0000),companheiros (0.0000),corrido (0.0000)
9125,contestadora (0.0000),caudaloso (0.0224),amolecido (0.0000),bifurca (0.0000),cometa (0.0000)
9126,máximo (0.0000),demonstravam (0.0224),veículos (0.0000),contemplativa (0.0000),sumaúma (0.0000)
9127,tingimento (0.0000),carimbó (0.0224),ameaçado (0.0000),assustar (0.0000),cristã (0.0000)
9128,sonoridade (0.0000),atlântica (0.0224),viado (0.0000),contemplativos (0.0000),confuso (0.0000)
9129,contento (0.0000),conforme (0.0223),viaja (0.0000),contemplava (0.0000),coralina (0.0000)
9130,máscaras (0.0000),rouco (0.0223),ambígua (0.0000),assustadora (0.0000),sumidos (0.0000)
9131,contente (0.0000),inspirar (0.0223),ambulante (0.0000),assustador (0.0000),sobrepõe (0.0000)
9132,contenha (0.0000),japonês (0.0223),ameno (0.0000),assustada (0.0000),cuidadora (0.0000)
9133,miúdas (0.0000),impulsionam (0.0223),americana (0.0000),comover (0.0000),superiores (0.0000)
9134,tingimentos (0.0000),jovens (0.0223),americanas (0.0000),assumo (0.0000),tablet (0.0000)
9135,cardigan (0.0000),impostas (0.0223),americano (0.0000),binárix (0.0000),cuiabanos (0.0000)
9136,sopro (0.0000),magia (0.0223),americanos (0.0000),assolava (0.0000),começavam (0.0000)
9137,contatos (0.0000),presilhas (0.0222),amianto (0.0000),astronomia (0.0000),conhecedor (0.0000)
9138,contagem (0.0000),danças (0.0222),vestiram (0.0000),biscoito (0.0000),cuiabá (0.0000)
9139,contagiava (0.0000),graciosidade (0.0222),amigas (0.0000),bisavô (0.0000),começava (0.0000)
9140,contagiar (0.0000),existindo (0.0221),vestidinho (0.0000),associadas (0.0000),sunga (0.0000)
9141,carinhosas (0.0000),dançando (0.0220),amigx (0.0000),associada (0.0000),sobrevivências (0.0000)
9142,modelar (0.0000),celebram (0.0220),amigáveis (0.0000),contorna (0.0000),começasse (0.0000)
9143,sorriram (0.0000),cesto (0.0220),amigável (0.0000),contornados (0.0000),sobretudo (0.0000)
9144,contagiando (0.0000),cuiabá (0.0220),amistosa (0.0000),bisavôs (0.0000),compartilhada (0.0000)
9145,carinhosos (0.0000),africano (0.0219),amistoso (0.0000),contornam (0.0000),sumir (0.0000)
9146,ti (0.0000),cultivo (0.0219),amizade (0.0000),contornando (0.0000),sumindo (0.0000)
9147,contagiosos (0.0000),cílios (0.0219),amizades (0.0000),contorno (0.0000),sobressaltos (0.0000)
9148,contadores (0.0000),transmitir (0.0218),amolece (0.0000),contou (0.0000),começarem (0.0000)
9149,contadoras (0.0000),instrumento (0.0218),ancestralidades (0.0000),comi (0.0000),sobressai (0.0000)
9150,contadora (0.0000),constantes (0.0218),anciã (0.0000),associa (0.0000),começaram (0.0000)
9151,contado (0.0000),lenha (0.0217),verdura (0.0000),bisneto (0.0000),começar (0.0000)
9152,sorriu (0.0000),observam (0.0217),anitta (0.0000),assobio (0.0000),sobrevoa (0.0000)
9153,modelos (0.0000),benedito (0.0216),vendedoras (0.0000),assobiava (0.0000),tablets (0.0000)
9154,cariris (0.0000),contrastavam (0.0216),vendendo (0.0000),assobiando (0.0000),cordial (0.0000)
9155,contagiosas (0.0000),carregados (0.0215),vendia (0.0000),contrabalançada (0.0000),sobrepõem (0.0000)
9156,mutuamente (0.0000),entremeados (0.0215),ankara (0.0000),começarem (0.0000),tabuleiro (0.0000)
9157,sopé (0.0000),cantar (0.0214),anjo (0.0000),assisto (0.0000),começado (0.0000)
9158,contanto (0.0000),admiração (0.0214),aniversário (0.0000),contrabalançam (0.0000),conquistou (0.0000)
9159,cardigã (0.0000),irradia (0.0214),vendo (0.0000),continuidade (0.0000),talha (0.0000)
9160,modelado (0.0000),movia (0.0213),verdejante (0.0000),continuei (0.0000),supostamente (0.0000)
9161,soraya (0.0000),espiritual (0.0212),aninha (0.0000),começasse (0.0000),confortos (0.0000)
9162,má (0.0000),cordas (0.0211),animes (0.0000),continue (0.0000),componho (0.0000)
9163,modelam (0.0000),salpicados (0.0211),anime (0.0000),biodiversidade (0.0000),considerariam (0.0000)
9164,sororidade (0.0000),resilientes (0.0211),animava (0.0000),assola (0.0000),consideravelmente (0.0000)
9165,cardíaco (0.0000),ciclos (0.0211),animar (0.0000),contidos (0.0000),colhemos (0.0000)
9166,sorridentemente (0.0000),pinturas (0.0211),animam (0.0000),biografias (0.0000),tantinho (0.0000)
9167,tijolinho (0.0000),equatorial (0.0209),vendedora (0.0000),associação (0.0000),tantão (0.0000)
9168,carente (0.0000),intrincados (0.0209),anota (0.0000),bioma (0.0000),tapa (0.0000)
9169,contamos (0.0000),estrutural (0.0208),anotava (0.0000),continham (0.0000),considerações (0.0000)
9170,contaminação (0.0000),conhecimentos (0.0207),anotações (0.0000),associam (0.0000),curral (0.0000)
9171,contaminado (0.0000),cristalina (0.0206),vendedor (0.0000),continuadora (0.0000),soltá (0.0000)
9172,carga (0.0000),fogo (0.0204),vendaval (0.0000),associados (0.0000),conversavam (0.0000)
9173,contaminada (0.0000),tecelagem (0.0203),ansiosa (0.0000),continuamos (0.0000),soltinhos (0.0000)
9174,caçador (0.0000),japoneses (0.0203),antebraços (0.0000),biotipo (0.0000),colheiam (0.0000)
9175,tingirá (0.0000),ira (0.0202),venda (0.0000),biotipos (0.0000),colheam (0.0000)
9176,contextualizada (0.0000),fogueira (0.0202),antecipação (0.0000),biquinho (0.0000),comportado (0.0000)
9177,capturando (0.0000),defesa (0.0202),venceu (0.0000),biquini (0.0000),comporta (0.0000)
9178,sonhando (0.0000),opressão (0.0202),antero (0.0000),continuaremos (0.0000),considere (0.0000)
9179,tiradentes (0.0000),habilidosas (0.0202),venceram (0.0000),continuará (0.0000),sujeitas (0.0000)
9180,contrabalançada (0.0000),negras (0.0200),antigamente (0.0000),continuava (0.0000),curro (0.0000)
9181,capacitismo (0.0000),jenipapo (0.0200),vencem (0.0000),associado (0.0000),considerável (0.0000)
9182,capas (0.0000),acarajé (0.0197),vencedores (0.0000),comparados (0.0000),sortudo (0.0000)
9183,tiradas (0.0000),nutre (0.0196),vence (0.0000),astros (0.0000),confidências (0.0000)
9184,tiracolo (0.0000),black (0.0192),animados (0.0000),começar (0.0000),sorvete (0.0000)
9185,sonham (0.0000),power (0.0192),animado (0.0000),ativos (0.0000),cursando (0.0000)
9186,perigo (0.0000),rituais (0.0191),animadamente (0.0000),construirmos (0.0000),confidente (0.0000)
9187,caos (0.0000),tecida (0.0191),veranicos (0.0000),complacência (0.0000),consiga (0.0000)
9188,pendem (0.0000),brilhantes (0.0186),ancorada (0.0000),atléticas (0.0000),cursei (0.0000)
9189,miséria (0.0000),racismo (0.0186),verdades (0.0000),construtivos (0.0000),sustos (0.0000)
9190,capelinha (0.0000),povos (0.0185),verdadeiros (0.0000),construtora (0.0000),configura (0.0000)
9191,médico (0.0000),emaranhado (0.0181),verdadeiras (0.0000),competência (0.0000),socioeconômico (0.0000)
9192,contornando (0.0000),fibras (0.0177),andamento (0.0000),atleticano (0.0000),complicada (0.0000)
9193,tique (0.0000),penas (0.0166),andando (0.0000),competitivo (0.0000),curiosas (0.0000)
9194,contornam (0.0000),afro (0.0166),andante (0.0000),competitivas (0.0000),sketchbook (0.0000)
9195,capa (0.0000),aventurava (0.0000),verbetes (0.0000),ativistas (0.0000),curioso (0.0000)
9196,médios (0.0000),aristocrático (0.0000),verbalmente (0.0000),construírem (0.0000),sorrindo (0.0000)
9197,contornados (0.0000),avanço (0.0000),andava (0.0000),competitiva (0.0000),suéter (0.0000)
9198,sonha (0.0000),acreditarem (0.0000),andavam (0.0000),competente (0.0000),colhi (0.0000)
9199,contrapunha (0.0000),sonhei (0.0000),verbal (0.0000),construía (0.0000),confirmar (0.0000)
9200,cantoras (0.0000),colmeia (0.0000),andei (0.0000),compete (0.0000),sorriram (0.0000)
9201,contraposta (0.0000),sopro (0.0000),andi (0.0000),atitudes (0.0000),considerados (0.0000)
9202,contraponto (0.0000),comprei (0.0000),veraneio (0.0000),construídos (0.0000),skate (0.0000)
9203,contrapondo (0.0000),trilharam (0.0000),animada (0.0000),atitude (0.0000),sorriu (0.0000)
9204,cantores (0.0000),comunicava (0.0000),andorinha (0.0000),atingindo (0.0000),soluções (0.0000)
9205,contraem (0.0000),araracanga (0.0000),andrê (0.0000),construímos (0.0000),colhetam (0.0000)
9206,tirado (0.0000),sopravam (0.0000),andrógeno (0.0000),atmosfera (0.0000),colhesse (0.0000)
9207,contrabalançadas (0.0000),acreditem (0.0000),andróginas (0.0000),besteira (0.0000),confirmando (0.0000)
9208,sonhador (0.0000),armas (0.0000),andróginos (0.0000),constructo (0.0000),costeira (0.0000)
9209,perigosos (0.0000),acreditariam (0.0000),venço (0.0000),atraem (0.0000),convicto (0.0000)
9210,contraditórias (0.0000),comunicamos (0.0000),anelar (0.0000),atravessam (0.0000),colheres (0.0000)
9211,sonhadorx (0.0000),avassaladora (0.0000),anelavam (0.0000),berinjela (0.0000),tangível (0.0000)
9212,contrabalançando (0.0000),trintão (0.0000),angelita (0.0000),berloque (0.0000),sutilezas (0.0000)
9213,contrabalançado (0.0000),acostumar (0.0000),angola (0.0000),complementar (0.0000),confio (0.0000)
9214,canvas (0.0000),compromissos (0.0000),angu (0.0000),constituem (0.0000),sutileza (0.0000)
9215,capins (0.0000),comprou (0.0000),venta (0.0000),atravessa (0.0000),tannicos (0.0000)
9216,contorna (0.0000),armadilha (0.0000),anil (0.0000),atrapalhando (0.0000),costela (0.0000)
9217,contextualização (0.0000),armadilhas (0.0000),anima (0.0000),atrapalha (0.0000),complica (0.0000)
9218,contidas (0.0000),xispa (0.0000),viajante (0.0000),constituir (0.0000),soltinhas (0.0000)
9219,sonhava (0.0000),armado (0.0000),ambições (0.0000),constrangedoras (0.0000),coleção (0.0000)
9220,contidos (0.0000),compunha (0.0000),ambiguidade (0.0000),bermudas (0.0000),suíço (0.0000)
9221,médias (0.0000),colisão (0.0000),almoços (0.0000),complementadas (0.0000),sofia (0.0000)
9222,pendendo (0.0000),compõe (0.0000),alongar (0.0000),berrante (0.0000),suja (0.0000)
9223,sonhei (0.0000),avançando (0.0000),alongado (0.0000),constrangimento (0.0000),sugestões (0.0000)
9224,capta (0.0000),araquém (0.0000),alongadas (0.0000),complementada (0.0000),coletado (0.0000)
9225,pendente (0.0000),computadores (0.0000),alonga (0.0000),constranja (0.0000),confiam (0.0000)
9226,mitológicos (0.0000),compunham (0.0000),alojava (0.0000),atraindo (0.0000),sugerir (0.0000)
9227,continuadora (0.0000),xis (0.0000),alojar (0.0000),atraente (0.0000),tapuia (0.0000)
9228,conteúdos (0.0000),soou (0.0000),almoço (0.0000),constroi (0.0000),coleta (0.0000)
9229,mães (0.0000),armadura (0.0000),alva (0.0000),compensar (0.0000),criançada (0.0000)
9230,tingiu (0.0000),comumente (0.0000),almas (0.0000),consultoria (0.0000),sisal (0.0000)
9231,conteúdo (0.0000),comunhão (0.0000),vintage (0.0000),comparação (0.0000),constatação (0.0000)
9232,captavam (0.0000),triste (0.0000),all (0.0000),contaminada (0.0000),confiabilidade (0.0000)
9233,pendiam (0.0000),arma (0.0000),aliás (0.0000),atende (0.0000),confia (0.0000)
9234,capturadas (0.0000),comprimentos (0.0000),vinte (0.0000),contagiando (0.0000),confessar (0.0000)
9235,sonharem (0.0000),xokleng (0.0000),vinícola (0.0000),atemporal (0.0000),coleto (0.0000)
9236,continuam (0.0000),xodó (0.0000),alongavam (0.0000),atemporais (0.0000),constelações (0.0000)
9237,médica (0.0000),comprimidos (0.0000),alpargatas (0.0000),compartilhamos (0.0000),colegas (0.0000)
9238,tintura (0.0000),comunicando (0.0000),vinil (0.0000),bicha (0.0000),coleciono (0.0000)
9239,tipos (0.0000),arlindo (0.0000),vinhos (0.0000),ataques (0.0000),sinuoso (0.0000)
9240,tinturas (0.0000),válido (0.0000),alternam (0.0000),contagiosas (0.0000),criancinhas (0.0000)
9241,continuidade (0.0000),acostumadas (0.0000),alternativa (0.0000),ataque (0.0000),sólido (0.0000)
9242,capixabo (0.0000),armaduras (0.0000),alternativas (0.0000),contaminado (0.0000),curumim (0.0000)
9243,mitológicas (0.0000),comprometida (0.0000),alternativo (0.0000),ateu (0.0000),colecionar (0.0000)
9244,periféricos (0.0000),xocó (0.0000),alternavam (0.0000),contaminação (0.0000),curupira (0.0000)
9245,continuará (0.0000),comunicadora (0.0000),vinhedos (0.0000),atalaia (0.0000),coleciona (0.0000)
9246,capororoca (0.0000),armar (0.0000),vinham (0.0000),contamos (0.0000),comportar (0.0000)
9247,continuamos (0.0000),avelino (0.0000),vindos (0.0000),atadura (0.0000),comportasse (0.0000)
9248,tinto (0.0000),aveludada (0.0000),vindo (0.0000),atacados (0.0000),confiantemente (0.0000)
9249,continuaremos (0.0000),colho (0.0000),alugada (0.0000),atabaques (0.0000),consta (0.0000)
9250,continuarei (0.0000),xirú (0.0000),alumínio (0.0000),bichos (0.0000),coletados (0.0000)
9251,sonharam (0.0000),vívidos (0.0000),alunas (0.0000),atabaque (0.0000),sorveteria (0.0000)
9252,caprichado (0.0000),comunicavam (0.0000),aluno (0.0000),astuto (0.0000),conversando (0.0000)
9253,tintas (0.0000),condições (0.0000),violento (0.0000),contagem (0.0000),tapeba (0.0000)
9254,tinindo (0.0000),autossuficiência (0.0000),alisá (0.0000),atender (0.0000),sociologia (0.0000)
9255,sucumbir (0.0000),arapiraca (0.0000),aliso (0.0000),bibliotecas (0.0000),costumeiro (0.0000)
9256,conferia (0.0000),sulino (0.0000),alimentado (0.0000),biblioteca (0.0000),solteiro (0.0000)
9257,confiam (0.0000),solzão (0.0000),virilidade (0.0000),consumido (0.0000),consistente (0.0000)
9258,colonizaram (0.0000),yakissoba (0.0000),virem (0.0000),atestando (0.0000),coletividade (0.0000)
9259,sussurrando (0.0000),sumaúma (0.0000),alheia (0.0000),compensa (0.0000),confiantes (0.0000)
9260,coloriam (0.0000),condutor (0.0000),alheio (0.0000),compassos (0.0000),consistia (0.0000)
9261,tatu (0.0000),autoritário (0.0000),virei (0.0000),contabilidade (0.0000),coletivas (0.0000)
9262,chutava (0.0000),conduz (0.0000),aliada (0.0000),compasso (0.0000),consola (0.0000)
9263,sussurrar (0.0000),yanomami (0.0000),aliado (0.0000),compassiva (0.0000),soe (0.0000)
9264,movimente (0.0000),yara (0.0000),aliados (0.0000),ater (0.0000),tapiocas (0.0000)
9265,coloração (0.0000),conduzem (0.0000),virava (0.0000),atenuado (0.0000),cursos (0.0000)
9266,coloquialismos (0.0000),colheiam (0.0000),alianças (0.0000),atenuada (0.0000),coletes (0.0000)
9267,coloquialismo (0.0000),balançar (0.0000),alice (0.0000),contado (0.0000),situa (0.0000)
9268,tartaruga (0.0000),yakisoba (0.0000),alicerces (0.0000),bh (0.0000),conversam (0.0000)
9269,coloquial (0.0000),colhem (0.0000),virando (0.0000),contador (0.0000),conversado (0.0000)
9270,movimentação (0.0000),colhemos (0.0000),virado (0.0000),compartilhavam (0.0000),coletavam (0.0000)
9271,percorridos (0.0000),vulnerável (0.0000),vir (0.0000),compartilhava (0.0000),coletas (0.0000)
9272,coloquem (0.0000),adversas (0.0000),alisar (0.0000),contadora (0.0000),sistemas (0.0000)
9273,tarda (0.0000),sulcavam (0.0000),alimentava (0.0000),atentamente (0.0000),sustente (0.0000)
9274,chácara (0.0000),vá (0.0000),alimentavam (0.0000),bia (0.0000),coletar (0.0000)
9275,coloquei (0.0000),concretos (0.0000),violino (0.0000),contadores (0.0000),consolar (0.0000)
9276,tatuadas (0.0000),somado (0.0000),alimentício (0.0000),contrabalançando (0.0000),consome (0.0000)
9277,churrascarias (0.0000),concreta (0.0000),aline (0.0000),contraditórias (0.0000),skinny (0.0000)
9278,chunky (0.0000),acompanhasse (0.0000),alinha (0.0000),cala (0.0000),convidam (0.0000)
9279,combatendo (0.0000),concorrência (0.0000),alinhadas (0.0000),copaíba (0.0000),cumplicidade (0.0000)
9280,chorando (0.0000),adultos (0.0000),alinhado (0.0000),convém (0.0000),coloquialismos (0.0000)
9281,percebem (0.0000),sombras (0.0000),alinhamento (0.0000),arrisco (0.0000),tam (0.0000)
9282,choraram (0.0000),concorde (0.0000),alinhava (0.0000),arriscar (0.0000),consertos (0.0000)
9283,moído (0.0000),arapiá (0.0000),alinhavam (0.0000),cooperativa (0.0000),cortante (0.0000)
9284,moía (0.0000),concluí (0.0000),alisa (0.0000),arriscado (0.0000),confortando (0.0000)
9285,moço (0.0000),colheam (0.0000),alisados (0.0000),arrepiar (0.0000),sombreados (0.0000)
9286,tatuado (0.0000),conduzi (0.0000),alisamentos (0.0000),coordenadora (0.0000),confortam (0.0000)
9287,combate (0.0000),colhidos (0.0000),alunos (0.0000),coordenando (0.0000),conservadas (0.0000)
9288,percebendo (0.0000),sumindo (0.0000),alvo (0.0000),copacabana (0.0000),complementadas (0.0000)
9289,colônia (0.0000),yarã (0.0000),ambientes (0.0000),arrepiados (0.0000),complementados (0.0000)
9290,moças (0.0000),acolhidos (0.0000),vielas (0.0000),arredondado (0.0000),sociabilidade (0.0000)
9291,coloriu (0.0000),conectarmos (0.0000),amassar (0.0000),arrependo (0.0000),cortei (0.0000)
9292,colorindo (0.0000),autora (0.0000),amassam (0.0000),coqueirais (0.0000),coloração (0.0000)
9293,sussurrado (0.0000),conectava (0.0000),amassado (0.0000),arrematadas (0.0000),surf (0.0000)
9294,movo (0.0000),conecte (0.0000),amassada (0.0000),arregaçar (0.0000),coloquei (0.0000)
9295,sussurrados (0.0000),trocando (0.0000),vidro (0.0000),combinados (0.0000),complementar (0.0000)
9296,colonização (0.0000),conduzia (0.0000),amarro (0.0000),arredores (0.0000),conformo (0.0000)
9297,colonizadores (0.0000),automático (0.0000),vier (0.0000),arredondados (0.0000),coloquialismo (0.0000)
9298,choques (0.0000),afasta (0.0000),vinda (0.0000),bordadeira (0.0000),complementavam (0.0000)
9299,chás (0.0000),afastada (0.0000),vietnamita (0.0000),cora (0.0000),complementos (0.0000)
9300,ciclicidade (0.0000),trocar (0.0000),vietnamitas (0.0000),borbulhante (0.0000),conformidade (0.0000)
9301,colocam (0.0000),conecto (0.0000),amariam (0.0000),arrogância (0.0000),cortês (0.0000)
9302,colocado (0.0000),autoestima (0.0000),amargos (0.0000),convivo (0.0000),coloquem (0.0000)
9303,ciclismo (0.0000),autoral (0.0000),vietnã (0.0000),borbulhando (0.0000),século (0.0000)
9304,tapiz (0.0000),coleto (0.0000),amargas (0.0000),combinações (0.0000),slam (0.0000)
9305,movimentavam (0.0000),acolho (0.0000),amassaram (0.0000),artefatos (0.0000),sábios (0.0000)
9306,colocadas (0.0000),balançavam (0.0000),amassarão (0.0000),convictos (0.0000),conservadoras (0.0000)
9307,mostrasse (0.0000),conectados (0.0000),amassavam (0.0000),arrumo (0.0000),confortar (0.0000)
9308,cida (0.0000),acolá (0.0000),amavam (0.0000),bonitinha (0.0000),cumprimento (0.0000)
9309,tapetes (0.0000),acomodem (0.0000),video (0.0000),bonitinho (0.0000),sujos (0.0000)
9310,tapeba (0.0000),yaraí (0.0000),amazonense (0.0000),bonitos (0.0000),sérios (0.0000)
9311,colmeia (0.0000),autoria (0.0000),vicente (0.0000),convidando (0.0000),combatendo (0.0000)
9312,tapa (0.0000),conectadas (0.0000),vibrantemente (0.0000),convidativa (0.0000),complacência (0.0000)
9313,cidadã (0.0000),afagar (0.0000),amazônicos (0.0000),arrumava (0.0000),cumpre (0.0000)
9314,colisão (0.0000),solzinho (0.0000),amazônida (0.0000),convidava (0.0000),cortado (0.0000)
9315,colinas (0.0000),autoridade (0.0000),vibe (0.0000),arrumado (0.0000),combate (0.0000)
9316,sustentando (0.0000),conduzisse (0.0000),ambiciosa (0.0000),arrumadas (0.0000),colônia (0.0000)
9317,tapuia (0.0000),travessuras (0.0000),ambientado (0.0000),bonzinho (0.0000),cumprem (0.0000)
9318,cici (0.0000),conduzindo (0.0000),viajou (0.0000),bonés (0.0000),colégio (0.0000)
9319,sussurravam (0.0000),vorazes (0.0000),viaje (0.0000),arruda (0.0000),talhada (0.0000)
9320,colocá (0.0000),trocada (0.0000),ambientalistas (0.0000),borboleta (0.0000),compleição (0.0000)
9321,percorridas (0.0000),concisa (0.0000),viajar (0.0000),arrozales (0.0000),soam (0.0000)
9322,taque (0.0000),aroeira (0.0000),amarem (0.0000),arrojado (0.0000),coloriu (0.0000)
9323,colonizador (0.0000),comê (0.0000),vigia (0.0000),bordam (0.0000),cortados (0.0000)
9324,chês (0.0000),armazenar (0.0000),amarelas (0.0000),coral (0.0000),cumprido (0.0000)
9325,taquari (0.0000),colhiam (0.0000),amadora (0.0000),bonitas (0.0000),sorriam (0.0000)
9326,cicatriza (0.0000),balaio (0.0000),alvoradas (0.0000),arraigada (0.0000),cortam (0.0000)
9327,colonial (0.0000),acontecerem (0.0000),alvorecer (0.0000),coroar (0.0000),confortavelmente (0.0000)
9328,coloco (0.0000),balança (0.0000),vinculadas (0.0000),coroas (0.0000),colorindo (0.0000)
9329,colocava (0.0000),sonham (0.0000),alzira (0.0000),botina (0.0000),sobrou (0.0000)
9330,cicatrizadas (0.0000),colhia (0.0000),vinagrete (0.0000),corporais (0.0000),cumprimentava (0.0000)
9331,mostraram (0.0000),colheres (0.0000),alê (0.0000),arraigamento (0.0000),consertavam (0.0000)
9332,cicatrizado (0.0000),avani (0.0000),alô (0.0000),arraigado (0.0000),convém (0.0000)
9333,cicatrizados (0.0000),avaliava (0.0000),vilarejo (0.0000),boto (0.0000),confortava (0.0000)
9334,cicatrizando (0.0000),avaliar (0.0000),amaciado (0.0000),arraigadas (0.0000),talismã (0.0000)
9335,cicatrizaram (0.0000),avaliam (0.0000),amadas (0.0000),corredeiras (0.0000),talismãs (0.0000)
9336,taquara (0.0000),acontecem (0.0000),amadeiradas (0.0000),corredores (0.0000),curado (0.0000)
9337,perceba (0.0000),xucuru (0.0000),vila (0.0000),coralina (0.0000),conformes (0.0000)
9338,combatidas (0.0000),avantajados (0.0000),amadeu (0.0000),botucatu (0.0000),solzinho (0.0000)
9339,surpreendam (0.0000),acontecimentos (0.0000),amador (0.0000),arquiteto (0.0000),conflitos (0.0000)
9340,chimia (0.0000),avança (0.0000),amadurecerem (0.0000),arquiteta (0.0000),colocavam (0.0000)
9341,tecedora (0.0000),travesti (0.0000),amareladas (0.0000),botânica (0.0000),colocava (0.0000)
9342,começou (0.0000),adubada (0.0000),amadureceu (0.0000),correntes (0.0000),tamborilam (0.0000)
9343,surpreso (0.0000),acordado (0.0000),amam (0.0000),botão (0.0000),conservo (0.0000)
9344,começasse (0.0000),avançada (0.0000),amamenta (0.0000),arquear (0.0000),criaturas (0.0000)
9345,cheirosa (0.0000),comunitárias (0.0000),amamentou (0.0000),arqueados (0.0000),cosmopolitas (0.0000)
9346,perca (0.0000),acordam (0.0000),amamos (0.0000),box (0.0000),sujeitos (0.0000)
9347,morrido (0.0000),acordar (0.0000),amando (0.0000),coro (0.0000),colocado (0.0000)
9348,percalços (0.0000),sonhar (0.0000),amanhece (0.0000),botequim (0.0000),colocadas (0.0000)
9349,morro (0.0000),sonharam (0.0000),vigorosa (0.0000),corinthians (0.0000),cosmos (0.0000)
9350,chiados (0.0000),comunicóloga (0.0000),amanheceres (0.0000),coringa (0.0000),cosmovisão (0.0000)
9351,morros (0.0000),sulcado (0.0000),amante (0.0000),bordas (0.0000),conflituosa (0.0000)
9352,morta (0.0000),comunico (0.0000),amapaenses (0.0000),boreal (0.0000),conflito (0.0000)
9353,começado (0.0000),sonharem (0.0000),amapá (0.0000),combato (0.0000),colonização (0.0000)
9354,chic (0.0000),acordava (0.0000),amaram (0.0000),bororo (0.0000),confiáveis (0.0000)
9355,suscetíveis (0.0000),sonhadorx (0.0000),amarela (0.0000),borra (0.0000),colmeia (0.0000)
9356,morte (0.0000),avalia (0.0000),antiguidades (0.0000),arrasadoras (0.0000),curar (0.0000)
9357,chifre (0.0000),aconselha (0.0000),antiquado (0.0000),combater (0.0000),convidando (0.0000)
9358,comi (0.0000),concentradas (0.0000),antiquários (0.0000),arranjados (0.0000),colinas (0.0000)
9359,morrerem (0.0000),urgente (0.0000),vaidosa (0.0000),combatendo (0.0000),curativas (0.0000)
9360,surpresas (0.0000),arnaldo (0.0000),arados (0.0000),arranjadas (0.0000),curativos (0.0000)
9361,comove (0.0000),válida (0.0000),arado (0.0000),arranja (0.0000),colho (0.0000)
9362,morrendo (0.0000),sombrinha (0.0000),vagas (0.0000),colégio (0.0000),curavam (0.0000)
9363,companheirismo (0.0000),armário (0.0000),araceli (0.0000),bossa (0.0000),tanga (0.0000)
9364,surpreendentemente (0.0000),sombrios (0.0000),aracaju (0.0000),cordinha (0.0000),curcuma (0.0000)
9365,comovem (0.0000),auxiliando (0.0000),vaidades (0.0000),botar (0.0000),considerada (0.0000)
9366,tecelã (0.0000),xy (0.0000),aquisitivo (0.0000),arranha (0.0000),conserve (0.0000)
9367,mudas (0.0000),somem (0.0000),arcaico (0.0000),colorindo (0.0000),curando (0.0000)
9368,mudarem (0.0000),colhesse (0.0000),vaidoso (0.0000),arranca (0.0000),curandeiros (0.0000)
9369,tecelagens (0.0000),concentravam (0.0000),vaivém (0.0000),boteco (0.0000),surfe (0.0000)
9370,mudaram (0.0000),concentrando (0.0000),valente (0.0000),convicta (0.0000),surfar (0.0000)
9371,surpreendentes (0.0000),concentram (0.0000),valentões (0.0000),bonecas (0.0000),coruja (0.0000)
9372,cheiram (0.0000),colhetam (0.0000),aquecida (0.0000),contradizia (0.0000),conservadores (0.0000)
9373,comido (0.0000),xxi (0.0000),aquecia (0.0000),assegure (0.0000),curadores (0.0000)
9374,cheirava (0.0000),colhi (0.0000),vagabundear (0.0000),assentar (0.0000),conviveu (0.0000)
9375,surpreender (0.0000),auxiliar (0.0000),vacile (0.0000),contrastante (0.0000),conservadorismo (0.0000)
9376,cheire (0.0000),concentra (0.0000),vacas (0.0000),contrastantes (0.0000),colonizadores (0.0000)
9377,surpreendo (0.0000),colheu (0.0000),ué (0.0000),comercializa (0.0000),conservam (0.0000)
9378,cometer (0.0000),conceição (0.0000),uva (0.0000),comerciais (0.0000),curandeira (0.0000)
9379,cometa (0.0000),conceitos (0.0000),arames (0.0000),boho (0.0000),completaria (0.0000)
9380,tauã (0.0000),araponga (0.0000),utopia (0.0000),bois (0.0000),conservar (0.0000)
9381,comerciante (0.0000),xx (0.0000),arapiraca (0.0000),assemelham (0.0000),curandeiras (0.0000)
9382,chocam (0.0000),concedido (0.0000),utilização (0.0000),asseio (0.0000),conservas (0.0000)
9383,come (0.0000),armazém (0.0000),utilizava (0.0000),assalariado (0.0000),colonizadora (0.0000)
9384,chocando (0.0000),válidas (0.0000),utilizadas (0.0000),contribuições (0.0000),sábio (0.0000)
9385,combino (0.0000),conceder (0.0000),utilizada (0.0000),bolha (0.0000),conservavam (0.0000)
9386,combinações (0.0000),xuxu (0.0000),utilidade (0.0000),bolsas (0.0000),curandeiro (0.0000)
9387,chocolate (0.0000),xuxa (0.0000),usualmente (0.0000),contrastou (0.0000),convivendo (0.0000)
9388,mosquitos (0.0000),xucurus (0.0000),araxá (0.0000),contrato (0.0000),sorridentemente (0.0000)
9389,mostarda (0.0000),compreensível (0.0000),usual (0.0000),contribuem (0.0000),conservação (0.0000)
9390,percursos (0.0000),compradas (0.0000),usina (0.0000),contribui (0.0000),sábias (0.0000)
9391,chop (0.0000),sopé (0.0000),aqueceu (0.0000),aspirados (0.0000),colonizador (0.0000)
9392,sussuram (0.0000),compartilhava (0.0000),aquecer (0.0000),contribuiriam (0.0000),solzão (0.0000)
9393,percurso (0.0000),combato (0.0000),aquecendo (0.0000),contribuiu (0.0000),cosmogonia (0.0000)
9394,sussurava (0.0000),ardência (0.0000),aproveito (0.0000),assentou (0.0000),conforma (0.0000)
9395,chopes (0.0000),uruguai (0.0000),apressava (0.0000),bobo (0.0000),conceito (0.0000)
9396,chopp (0.0000),xandê (0.0000),apreço (0.0000),comerciante (0.0000),pansexual (0.0000)
9397,sussurrada (0.0000),xandô (0.0000),aprimorando (0.0000),comerciantes (0.0000),cidadãos (0.0000)
9398,combato (0.0000),combatidas (0.0000),aprimorar (0.0000),assisti (0.0000),apontando (0.0000)
9399,mosqueiro (0.0000),araí (0.0000),aprisiona (0.0000),bióloga (0.0000),anomalia (0.0000)
9400,percussão (0.0000),combatendo (0.0000),valoriza (0.0000),blog (0.0000),anota (0.0000)
9401,comecinho (0.0000),adiados (0.0000),aprisionem (0.0000),assinalam (0.0000),anotava (0.0000)
9402,chino (0.0000),suavizando (0.0000),aprofunda (0.0000),assinado (0.0000),anseiam (0.0000)
9403,tchê (0.0000),açafrão (0.0000),aprofundar (0.0000),contraem (0.0000),anseio (0.0000)
9404,comercializa (0.0000),adeus (0.0000),aprontava (0.0000),blusas (0.0000),anseios (0.0000)
9405,tche (0.0000),combate (0.0000),apropriada (0.0000),assimilação (0.0000),anta (0.0000)
9406,comerciais (0.0000),adornada (0.0000),apropriadas (0.0000),blusinha (0.0000),antecede (0.0000)
9407,mortes (0.0000),sudestina (0.0000),aproveitar (0.0000),começado (0.0000),versátil (0.0000)
9408,taça (0.0000),sucumbir (0.0000),aproveitem (0.0000),assimiladas (0.0000),antecipação (0.0000)
9409,suspensa (0.0000),bagunçava (0.0000),valiosa (0.0000),contraponto (0.0000),versáteis (0.0000)
9410,comentário (0.0000),adormecido (0.0000),aquecem (0.0000),boatos (0.0000),antepassado (0.0000)
9411,choca (0.0000),ardor (0.0000),validação (0.0000),comeu (0.0000),versus (0.0000)
9412,comentar (0.0000),administrado (0.0000),validam (0.0000),contraposta (0.0000),anterior (0.0000)
9413,percam (0.0000),açoitavam (0.0000),aproximando (0.0000),cometer (0.0000),antero (0.0000)
9414,comemorativas (0.0000),sucessivas (0.0000),aproximar (0.0000),cometa (0.0000),vero (0.0000)
9415,chique (0.0000),suavizava (0.0000),aproximasse (0.0000),contrapõem (0.0000),vermelhidão (0.0000)
9416,tava (0.0000),administra (0.0000),validado (0.0000),contrariá (0.0000),antiguidades (0.0000)
9417,mortos (0.0000),xale (0.0000),aproximações (0.0000),contribuição (0.0000),antiquado (0.0000)
9418,comemora (0.0000),adoração (0.0000),apática (0.0000),contribuía (0.0000),antiquários (0.0000)
9419,cidadãos (0.0000),xamãs (0.0000),apático (0.0000),artesianos (0.0000),vermelhas (0.0000)
9420,mostrassem (0.0000),compara (0.0000),valeu (0.0000),artifícios (0.0000),antissocial (0.0000)
9421,movimentam (0.0000),comparado (0.0000),valer (0.0000),comemora (0.0000),antropológicos (0.0000)
9422,cobiçada (0.0000),xamânicos (0.0000),aquarela (0.0000),conveniência (0.0000),antônia (0.0000)
9423,cocares (0.0000),adicionavam (0.0000),aquarelas (0.0000),comecinho (0.0000),veredas (0.0000)
9424,clareada (0.0000),suavizaram (0.0000),valença (0.0000),comece (0.0000),anula (0.0000)
9425,clareamento (0.0000),xamã (0.0000),arcada (0.0000),aruã (0.0000),anular (0.0000)
9426,cocar (0.0000),sudestinas (0.0000),usem (0.0000),artístico (0.0000),anuncia (0.0000)
9427,cobrir (0.0000),coloriu (0.0000),apressado (0.0000),artur (0.0000),verdão (0.0000)
9428,cobriam (0.0000),trazendo (0.0000),arraigadas (0.0000),artroses (0.0000),anoitecer (0.0000)
9429,talentos (0.0000),araçá (0.0000),universitário (0.0000),artigo (0.0000),vertical (0.0000)
9430,cobrem (0.0000),azeviche (0.0000),arranca (0.0000),artificialidades (0.0000),aniversário (0.0000)
9431,clarearam (0.0000),suando (0.0000),arraiá (0.0000),controlada (0.0000),angelita (0.0000)
9432,tabaco (0.0000),vídeo (0.0000),arraigamento (0.0000),come (0.0000),andava (0.0000)
9433,mova (0.0000),azeitona (0.0000),arraigados (0.0000),articulações (0.0000),andavam (0.0000)
9434,cobrava (0.0000),adequam (0.0000),arraigado (0.0000),conversam (0.0000),ande (0.0000)
9435,cobrando (0.0000),compete (0.0000),arraigada (0.0000),conversamos (0.0000),andiroba (0.0000)
9436,cobra (0.0000),competente (0.0000),arcoverde (0.0000),articuladas (0.0000),andorinha (0.0000)
9437,clareia (0.0000),adequados (0.0000),arquitetura (0.0000),articulad (0.0000),andrógeno (0.0000)
9438,clareiam (0.0000),competitiva (0.0000),arquiteto (0.0000),articula (0.0000),veterinária (0.0000)
9439,clareira (0.0000),adornan (0.0000),arquiteta (0.0000),conversavam (0.0000),andrógino (0.0000)
9440,percepção (0.0000),baianas (0.0000),arqueio (0.0000),combino (0.0000),andróginos (0.0000)
9441,cochichos (0.0000),baianidade (0.0000),arqueado (0.0000),comemorar (0.0000),vestígios (0.0000)
9442,claramente (0.0000),competitivas (0.0000),universos (0.0000),comemorativas (0.0000),vestígio (0.0000)
9443,cogumelo (0.0000),azeite (0.0000),arranha (0.0000),arã (0.0000),vesto (0.0000)
9444,ciúmes (0.0000),baianos (0.0000),universitária (0.0000),arão (0.0000),anelavam (0.0000)
9445,cla (0.0000),urucum (0.0000),arranhões (0.0000),controlado (0.0000),vestiria (0.0000)
9446,clama (0.0000),sufixos (0.0000),arranja (0.0000),aspirado (0.0000),aninham (0.0000)
9447,sólidas (0.0000),trepadeira (0.0000),universais (0.0000),bomba (0.0000),vestiram (0.0000)
9448,cogumelos (0.0000),treme (0.0000),arranjar (0.0000),asiáticos (0.0000),angústia (0.0000)
9449,clamam (0.0000),aderia (0.0000),uniu (0.0000),controle (0.0000),vestimentas (0.0000)
9450,clamando (0.0000),compartilhavam (0.0000),arrasadoras (0.0000),asiático (0.0000),anil (0.0000)
9451,coexistindo (0.0000),xangô (0.0000),arrastada (0.0000),asiáticas (0.0000),vestidinho (0.0000)
9452,talentosas (0.0000),sudestino (0.0000),arrastadas (0.0000),contrários (0.0000),animadamente (0.0000)
9453,clamar (0.0000),trazidos (0.0000),arrastado (0.0000),asiática (0.0000),vestem (0.0000)
9454,coexistem (0.0000),vírgulas (0.0000),arrastados (0.0000),contundentes (0.0000),animam (0.0000)
9455,coerente (0.0000),suar (0.0000),arrebatador (0.0000),asfaltado (0.0000),animar (0.0000)
9456,cocos (0.0000),compassos (0.0000),arredondado (0.0000),ascendências (0.0000),animava (0.0000)
9457,clamor (0.0000),araucários (0.0000),arredondados (0.0000),contundência (0.0000),animação (0.0000)
9458,clamou (0.0000),compartimentos (0.0000),arredores (0.0000),bombacha (0.0000),anime (0.0000)
9459,sólidos (0.0000),ares (0.0000),arregaçada (0.0000),contá (0.0000),aninha (0.0000)
9460,clareou (0.0000),xará (0.0000),up (0.0000),asas (0.0000),anzol (0.0000)
9461,cobiça (0.0000),tremule (0.0000),urbanidade (0.0000),arílton (0.0000),anônima (0.0000)
9462,percorrida (0.0000),adequava (0.0000),urbanismo (0.0000),bombástica (0.0000),verdadeiros (0.0000)
9463,cobertura (0.0000),suavizavam (0.0000),argumentava (0.0000),contê (0.0000),apimentado (0.0000)
9464,clã (0.0000),administrativa (0.0000),ardendo (0.0000),constelação (0.0000),aparo (0.0000)
9465,classificações (0.0000),ardida (0.0000),ardia (0.0000),atravessando (0.0000),vendedora (0.0000)
9466,claudicar (0.0000),ardia (0.0000),ardida (0.0000),bené (0.0000),apega (0.0000)
9467,claudicação (0.0000),cometer (0.0000),ardor (0.0000),confluência (0.0000),apegam (0.0000)
9468,claudinha (0.0000),comeu (0.0000),ardência (0.0000),bailar (0.0000),apegue (0.0000)
9469,tablets (0.0000),substituída (0.0000),areias (0.0000),confirmando (0.0000),apelido (0.0000)
9470,clavícula (0.0000),wapichana (0.0000),areião (0.0000),confirmar (0.0000),vendaval (0.0000)
9471,clavículas (0.0000),traçando (0.0000),arenoso (0.0000),confiáveis (0.0000),aperfeiçoar (0.0000)
9472,tagarela (0.0000),subtons (0.0000),ares (0.0000),baseadas (0.0000),vendavais (0.0000)
9473,tabuleiro (0.0000),substituir (0.0000),argamassa (0.0000),conflitos (0.0000),vencem (0.0000)
9474,cliente (0.0000),bacon (0.0000),usassem (0.0000),bailam (0.0000),apertaram (0.0000)
9475,clientes (0.0000),substitui (0.0000),usasse (0.0000),conflituosa (0.0000),apertavam (0.0000)
9476,taciturno (0.0000),bacia (0.0000),argolinha (0.0000),baianidade (0.0000),vemos (0.0000)
9477,climas (0.0000),workshops (0.0000),argolinhas (0.0000),baianas (0.0000),apito (0.0000)
9478,tacada (0.0000),traçava (0.0000),argumentação (0.0000),conformes (0.0000),aparentasse (0.0000)
9479,taciturna (0.0000),submissa (0.0000),urbanização (0.0000),conforma (0.0000),aplica (0.0000)
9480,clubes (0.0000),começarem (0.0000),usaram (0.0000),bah (0.0000),aplicada (0.0000)
9481,clãs (0.0000),submeter (0.0000),aridez (0.0000),comprometida (0.0000),aplicadas (0.0000)
9482,clínica (0.0000),arcoverde (0.0000),ariel (0.0000),conformar (0.0000),aplicativos (0.0000)
9483,classificar (0.0000),arco (0.0000),arigato (0.0000),compro (0.0000),velório (0.0000)
9484,tailleur (0.0000),bagagem (0.0000),arimatéia (0.0000),conformava (0.0000),aplique (0.0000)
9485,tal (0.0000),comentar (0.0000),usado (0.0000),bagunçá (0.0000),apodrecendo (0.0000)
9486,cobertos (0.0000),subtom (0.0000),aristocrático (0.0000),baseado (0.0000),veloz (0.0000)
9487,takumã (0.0000),come (0.0000),urso (0.0000),baseados (0.0000),apoiando (0.0000)
9488,mouse (0.0000),comemora (0.0000),armaduras (0.0000),baile (0.0000),veloso (0.0000)
9489,cobertor (0.0000),comemorar (0.0000),armar (0.0000),configura (0.0000),apoiaram (0.0000)
9490,coberto (0.0000),combustível (0.0000),urgência (0.0000),confidências (0.0000),apoiava (0.0000)
9491,clarinhos (0.0000),comendo (0.0000),armazém (0.0000),confidente (0.0000),apoiou (0.0000)
9492,cobertas (0.0000),subtil (0.0000),armação (0.0000),conferia (0.0000),aparento (0.0000)
9493,classicismo (0.0000),subterrâneo (0.0000),armário (0.0000),comumente (0.0000),aparentar (0.0000)
9494,mourão (0.0000),combino (0.0000),apressados (0.0000),barítono (0.0000),apagado (0.0000)
9495,coaxar (0.0000),comer (0.0000),apresentável (0.0000),computadores (0.0000),apaixono (0.0000)
9496,clarão (0.0000),combinações (0.0000),antirracismo (0.0000),conferiu (0.0000),apagamento (0.0000)
9497,coar (0.0000),adoecerem (0.0000),apareceu (0.0000),confessar (0.0000),verbetes (0.0000)
9498,coalhado (0.0000),adocicada (0.0000),aparentasse (0.0000),baladas (0.0000),apagará (0.0000)
9499,tablet (0.0000),comercializa (0.0000),aparentar (0.0000),confia (0.0000),apagava (0.0000)
9500,classes (0.0000),combinavam (0.0000),aparentam (0.0000),computador (0.0000),apagavam (0.0000)
9501,sóis (0.0000),começava (0.0000),aparenta (0.0000),confiabilidade (0.0000),apague (0.0000)
9502,coisinhas (0.0000),sublinhava (0.0000),apareciam (0.0000),confiam (0.0000),apagá (0.0000)
9503,civilizados (0.0000),subia (0.0000),veganos (0.0000),baixas (0.0000),verbalmente (0.0000)
9504,coitada (0.0000),admirados (0.0000),apareceram (0.0000),baixada (0.0000),verbal (0.0000)
9505,motivou (0.0000),bagunçados (0.0000),apertava (0.0000),baseada (0.0000),apaixonados (0.0000)
9506,cingem (0.0000),comove (0.0000),vegetarianas (0.0000),confiantemente (0.0000),apaixonando (0.0000)
9507,colheiam (0.0000),admiradas (0.0000),aparecendo (0.0000),confiantes (0.0000),apaixonarem (0.0000)
9508,percebida (0.0000),comovem (0.0000),aparecem (0.0000),bainha (0.0000),apaixonei (0.0000)
9509,moto (0.0000),comover (0.0000),veia (0.0000),bailes (0.0000),apaixonou (0.0000)
9510,cinta (0.0000),admirada (0.0000),aparar (0.0000),confiava (0.0000),aparentando (0.0000)
9511,motoca (0.0000),comidinha (0.0000),aparado (0.0000),bagunçando (0.0000),apanha (0.0000)
9512,coleto (0.0000),vívida (0.0000),aparentava (0.0000),conformidade (0.0000),apanhei (0.0000)
9513,sábias (0.0000),trema (0.0000),veganas (0.0000),balançavam (0.0000),apanhou (0.0000)
9514,cintila (0.0000),companheirismo (0.0000),vatapá (0.0000),açudes (0.0000),veranicos (0.0000)
9515,movessem (0.0000),traçada (0.0000),aparento (0.0000),confrontos (0.0000),veraneio (0.0000)
9516,cintilando (0.0000),açudes (0.0000),aparo (0.0000),confrontou (0.0000),venço (0.0000)
9517,percorrem (0.0000),wãpi (0.0000),vastas (0.0000),basquete (0.0000),aparar (0.0000)
9518,coletivas (0.0000),vívido (0.0000),vassoura (0.0000),confundam (0.0000),venta (0.0000)
9519,coletes (0.0000),traçadas (0.0000),apega (0.0000),compreensível (0.0000),venho (0.0000)
9520,tambores (0.0000),subjugados (0.0000),apegada (0.0000),aíltona (0.0000),venenosa (0.0000)
9521,movesse (0.0000),aíltona (0.0000),apegado (0.0000),bastam (0.0000),apareceu (0.0000)
9522,sábado (0.0000),babaçu (0.0000),apegue (0.0000),aíla (0.0000),apareciam (0.0000)
9523,swing (0.0000),comi (0.0000),apelidos (0.0000),confundia (0.0000),aparenta (0.0000)
9524,cinge (0.0000),babar (0.0000),aperfeiçoar (0.0000),confundiam (0.0000),andante (0.0000)
9525,colheres (0.0000),babados (0.0000),varria (0.0000),comprimidos (0.0000),viaja (0.0000)
9526,movimentada (0.0000),aĩ (0.0000),varre (0.0000),bastava (0.0000),ancoram (0.0000)
9527,mostre (0.0000),comia (0.0000),apertados (0.0000),açoriana (0.0000),amassada (0.0000)
9528,mostro (0.0000),subjetiva (0.0000),apertam (0.0000),compreensiva (0.0000),amarelada (0.0000)
9529,mostrou (0.0000),trem (0.0000),apanhou (0.0000),confundir (0.0000),amarelado (0.0000)
9530,percebi (0.0000),admirava (0.0000),apanhei (0.0000),compreendê (0.0000),viriam (0.0000)
9531,motiva (0.0000),admirando (0.0000),apanha (0.0000),confusa (0.0000),amarelas (0.0000)
9532,tangível (0.0000),aíla (0.0000),velhice (0.0000),açoitavam (0.0000),virgem (0.0000)
9533,motivam (0.0000),traía (0.0000),antirracista (0.0000),açoita (0.0000),amargas (0.0000)
9534,colhemos (0.0000),subir (0.0000),antirracistas (0.0000),compreendo (0.0000),virem (0.0000)
9535,motivação (0.0000),subúrbio (0.0000),antissocial (0.0000),confronto (0.0000),amargor (0.0000)
9536,tanga (0.0000),competitivo (0.0000),velórios (0.0000),confrontar (0.0000),amariam (0.0000)
9537,movido (0.0000),sufocam (0.0000),antônia (0.0000),confrontam (0.0000),amarrada (0.0000)
9538,tamborim (0.0000),araucária (0.0000),velório (0.0000),aĩ (0.0000),amarrados (0.0000)
9539,movida (0.0000),aviso (0.0000),anula (0.0000),bagunçados (0.0000),amarro (0.0000)
9540,percorrer (0.0000),aves (0.0000),anular (0.0000),conformo (0.0000),amarrotada (0.0000)
9541,namorada (0.0000),acumulou (0.0000),veloso (0.0000),comprimentos (0.0000),amassado (0.0000)
9542,tambor (0.0000),coloco (0.0000),velocidade (0.0000),bagunçada (0.0000),amaram (0.0000)
9543,tamanho (0.0000),acumulavam (0.0000),anápolis (0.0000),comprimento (0.0000),amassar (0.0000)
9544,cintilavam (0.0000),colocavam (0.0000),anônima (0.0000),baseie (0.0000),amassaram (0.0000)
9545,colaram (0.0000),acumular (0.0000),anônimo (0.0000),bagunceiro (0.0000),amassavam (0.0000)
9546,circunda (0.0000),compra (0.0000),anônimos (0.0000),bagagem (0.0000),amavam (0.0000)
9547,colava (0.0000),tribos (0.0000),velas (0.0000),confortar (0.0000),virado (0.0000)
9548,movediças (0.0000),tributo (0.0000),apaixonou (0.0000),badalação (0.0000),violências (0.0000)
9549,sóbria (0.0000),arcada (0.0000),velados (0.0000),confortava (0.0000),violino (0.0000)
9550,cisgeneridade (0.0000),trazido (0.0000),velado (0.0000),bacon (0.0000),violento (0.0000)
9551,cisnormativa (0.0000),avermelhadas (0.0000),velada (0.0000),bacia (0.0000),vinícola (0.0000)
9552,cisnormativas (0.0000),acumulam (0.0000),apagava (0.0000),bacana (0.0000),vinhos (0.0000)
9553,cisnormativo (0.0000),sortudo (0.0000),apagavam (0.0000),confortos (0.0000),amazônida (0.0000)
9554,perceptíveis (0.0000),araribá (0.0000),vela (0.0000),babaçu (0.0000),vinho (0.0000)
9555,cissa (0.0000),colocá (0.0000),veja (0.0000),babar (0.0000),ambientado (0.0000)
9556,sóbrio (0.0000),composições (0.0000),apaixonad (0.0000),basicamente (0.0000),amarela (0.0000)
9557,motos (0.0000),acúmulo (0.0000),apaixonado (0.0000),babados (0.0000),virilidade (0.0000)
9558,talha (0.0000),xikxine (0.0000),apaixonados (0.0000),comunhão (0.0000),vinhedos (0.0000)
9559,talentoso (0.0000),souberam (0.0000),apaixonando (0.0000),barzinho (0.0000),amaciado (0.0000)
9560,civilizado (0.0000),adaptam (0.0000),apaixonarem (0.0000),atravessaram (0.0000),alugada (0.0000)
9561,sóbrios (0.0000),soubemos (0.0000),apaixonei (0.0000),barrentas (0.0000),alumínio (0.0000)
9562,sítios (0.0000),adaptados (0.0000),apaixono (0.0000),concentrado (0.0000),aluno (0.0000)
9563,circulam (0.0000),vêem (0.0000),apertaram (0.0000),banhos (0.0000),viscose (0.0000)
9564,tam (0.0000),comportavam (0.0000),apertavam (0.0000),barreira (0.0000),alva (0.0000)
9565,cinzas (0.0000),colonizadora (0.0000),apresentou (0.0000),comunicóloga (0.0000),alvo (0.0000)
9566,talismãs (0.0000),adaptabilidade (0.0000),aprenda (0.0000),concentrando (0.0000),alvorada (0.0000)
9567,coletavam (0.0000),válvulas (0.0000),aprendia (0.0000),concentrar (0.0000),visceral (0.0000)
9568,talismã (0.0000),compositora (0.0000),vara (0.0000),concentravam (0.0000),alya (0.0000)
9569,coletas (0.0000),colonizador (0.0000),varal (0.0000),concentro (0.0000),alzira (0.0000)
9570,coletar (0.0000),avidamente (0.0000),varandas (0.0000),banho (0.0000),visam (0.0000)
9571,coletados (0.0000),sujeira (0.0000),varginha (0.0000),banheiro (0.0000),visa (0.0000)
9572,coletado (0.0000),urso (0.0000),aprendem (0.0000),banhado (0.0000),alô (0.0000)
9573,cinzelou (0.0000),comprando (0.0000),apreciá (0.0000),conciliando (0.0000),amadeirado (0.0000)
9574,ciranda (0.0000),acumulados (0.0000),aperte (0.0000),conciliar (0.0000),amapaenses (0.0000)
9575,percebidos (0.0000),sujeitos (0.0000),aprecio (0.0000),comunicavam (0.0000),amadeu (0.0000)
9576,coleta (0.0000),sujo (0.0000),aprecie (0.0000),concisa (0.0000),amador (0.0000)
9577,talhada (0.0000),acrescentando (0.0000),apreciação (0.0000),concluí (0.0000),amadora (0.0000)
9578,cinzentos (0.0000),araras (0.0000),apreciava (0.0000),concorde (0.0000),amadurecem (0.0000)
9579,ciona (0.0000),sorridentemente (0.0000),apreciar (0.0000),concordo (0.0000),amadurecerem (0.0000)
9580,colegas (0.0000),acrescenta (0.0000),apreciando (0.0000),banhar (0.0000),amadureceu (0.0000)
9581,cipós (0.0000),arigato (0.0000),vantagens (0.0000),concorrência (0.0000),virtudes (0.0000)
9582,tecelão (0.0000),arimatéia (0.0000),aprendidos (0.0000),concentradas (0.0000),amamos (0.0000)
9583,compara (0.0000),baixas (0.0000),aprendiz (0.0000),banquete (0.0000),amando (0.0000)
9584,caçadora (0.0000),acrescentava (0.0000),vanguarda (0.0000),concentra (0.0000),amanhece (0.0000)
9585,sulcavam (0.0000),aventurei (0.0000),van (0.0000),barragens (0.0000),virtude (0.0000)
9586,montados (0.0000),ariovaldo (0.0000),aprendizagem (0.0000),comunitários (0.0000),virtuais (0.0000)
9587,centelha (0.0000),sororidade (0.0000),aprendizagens (0.0000),barbeiro (0.0000),virou (0.0000)
9588,montanha (0.0000),soraya (0.0000),valorizo (0.0000),barbear (0.0000),ambientalistas (0.0000)
9589,centenas (0.0000),compreensivos (0.0000),valorizavam (0.0000),comunitário (0.0000),ambivalência (0.0000)
9590,concede (0.0000),xique (0.0000),apresentados (0.0000),concebida (0.0000),ancorado (0.0000)
9591,concebida (0.0000),compreendia (0.0000),apresentam (0.0000),comunitárias (0.0000),video (0.0000)
9592,comê (0.0000),aculturação (0.0000),valorizava (0.0000),barato (0.0000),vietnã (0.0000)
9593,temporário (0.0000),ararei (0.0000),apresentarei (0.0000),barcos (0.0000),vietnamitas (0.0000)
9594,montar (0.0000),compreendam (0.0000),apresentasse (0.0000),baratinho (0.0000),vietnamita (0.0000)
9595,multinacional (0.0000),xilogravuras (0.0000),valorizam (0.0000),concede (0.0000),amorzinho (0.0000)
9596,comédia (0.0000),sorriu (0.0000),apresente (0.0000),bares (0.0000),vier (0.0000)
9597,centrais (0.0000),compras (0.0000),apresento (0.0000),barata (0.0000),amparado (0.0000)
9598,sujos (0.0000),ariel (0.0000),apreciam (0.0000),barrada (0.0000),viemos (0.0000)
9599,comunitário (0.0000),comprava (0.0000),apreciadora (0.0000),barragem (0.0000),vidro (0.0000)
9600,pensem (0.0000),sorriram (0.0000),apreciador (0.0000),conceito (0.0000),amplia (0.0000)
9601,sulcado (0.0000),colocam (0.0000),aplique (0.0000),conceitos (0.0000),ampliar (0.0000)
9602,temporal (0.0000),compreendi (0.0000),variável (0.0000),banto (0.0000),ampliava (0.0000)
9603,conceição (0.0000),baixada (0.0000),apertos (0.0000),banquinho (0.0000),amplificadas (0.0000)
9604,temática (0.0000),xingu (0.0000),apetite (0.0000),banquetes (0.0000),amplitude (0.0000)
9605,cem (0.0000),compreendendo (0.0000),apimentada (0.0000),banham (0.0000),amplos (0.0000)
9606,celebremos (0.0000),sorrindo (0.0000),apimentado (0.0000),concreta (0.0000),amolecido (0.0000)
9607,tende (0.0000),adoçar (0.0000),apito (0.0000),confeitaria (0.0000),vibram (0.0000)
9608,sugerir (0.0000),xinguana (0.0000),variavam (0.0000),conectarmos (0.0000),amêndoados (0.0000)
9609,sugestões (0.0000),colonizaram (0.0000),variava (0.0000),conectadas (0.0000),anahí (0.0000)
9610,suja (0.0000),avoada (0.0000),aplicadas (0.0000),balé (0.0000),analisam (0.0000)
9611,concentro (0.0000),aratu (0.0000),aplicam (0.0000),baleia (0.0000),analista (0.0000)
9612,sujeira (0.0000),comportados (0.0000),aplicar (0.0000),conectados (0.0000),analítico (0.0000)
9613,pense (0.0000),ayan (0.0000),aplicativo (0.0000),comunicador (0.0000),analógica (0.0000)
9614,sujeitas (0.0000),ademir (0.0000),aplicativos (0.0000),barulhentas (0.0000),anasalada (0.0000)
9615,sujeitos (0.0000),conectou (0.0000),variará (0.0000),barulhento (0.0000),viam (0.0000)
9616,temáticas (0.0000),complementos (0.0000),apoiado (0.0000),barulhos (0.0000),viajou (0.0000)
9617,concentrando (0.0000),suado (0.0000),apreciado (0.0000),conectarem (0.0000),anciãs (0.0000)
9618,celeste (0.0000),sufocar (0.0000),apoiando (0.0000),conectava (0.0000),viajante (0.0000)
9619,concentrado (0.0000),completados (0.0000),apoiaram (0.0000),banhada (0.0000),ancorada (0.0000)
9620,celta (0.0000),axé (0.0000),apoiava (0.0000),conecte (0.0000),amontoava (0.0000)
9621,concentradas (0.0000),ax (0.0000),variantes (0.0000),conectei (0.0000),amolece (0.0000)
9622,multiplicavam (0.0000),style (0.0000),apoiou (0.0000),conectividade (0.0000),ambição (0.0000)
9623,multidões (0.0000),ademilson (0.0000),apontam (0.0000),conecto (0.0000),ameno (0.0000)
9624,cenário (0.0000),awa (0.0000),variados (0.0000),balcão (0.0000),vinham (0.0000)
9625,monstro (0.0000),adaptável (0.0000),variado (0.0000),balanços (0.0000),vindouras (0.0000)
9626,sulina (0.0000),araribóia (0.0000),aportou (0.0000),confeccionadas (0.0000),ambígua (0.0000)
9627,comunicadora (0.0000),completaria (0.0000),aposentada (0.0000),confeccionado (0.0000),ameaçada (0.0000)
9628,monumental (0.0000),ayelen (0.0000),aposentado (0.0000),confeccionados (0.0000),ameaçadas (0.0000)
9629,cereais (0.0000),argiloso (0.0000),aposentadoria (0.0000),bambolear (0.0000),ameaçado (0.0000)
9630,monólito (0.0000),ademário (0.0000),apostar (0.0000),bambu (0.0000),ameaçados (0.0000)
9631,comunhão (0.0000),complementadas (0.0000),aprecia (0.0000),conduzisse (0.0000),ameaçam (0.0000)
9632,cerimônia (0.0000),competência (0.0000),virtuais (0.0000),conduzindo (0.0000),ameaçando (0.0000)
9633,comumente (0.0000),argamassa (0.0000),virtudes (0.0000),bando (0.0000),ameaças (0.0000)
9634,sumido (0.0000),xaréu (0.0000),arrependo (0.0000),barriguinha (0.0000),vinda (0.0000)
9635,sumir (0.0000),compleição (0.0000),aceno (0.0000),comunicaria (0.0000),amenizado (0.0000)
9636,cerimônias (0.0000),xavante (0.0000),acentuado (0.0000),barril (0.0000),amenizar (0.0000)
9637,monótona (0.0000),complementada (0.0000),zumbido (0.0000),concretos (0.0000),americana (0.0000)
9638,sunga (0.0000),urubus (0.0000),zyan (0.0000),condiciona (0.0000),vigiando (0.0000)
9639,cerque (0.0000),argilas (0.0000),acentua (0.0000),condicionado (0.0000),americanas (0.0000)
9640,cerquei (0.0000),baianês (0.0000),acentos (0.0000),banco (0.0000),americano (0.0000)
9641,compunham (0.0000),bailam (0.0000),acento (0.0000),condições (0.0000),americanos (0.0000)
9642,cerrada (0.0000),bailar (0.0000),acendo (0.0000),banca (0.0000),vinculadas (0.0000)
9643,compunha (0.0000),suados (0.0000),zé (0.0000),condutor (0.0000),amianto (0.0000)
9644,cerco (0.0000),azeda (0.0000),acendendo (0.0000),conduz (0.0000),vinagrete (0.0000)
9645,comunicamos (0.0000),complementar (0.0000),acendem (0.0000),comunicando (0.0000),vimos (0.0000)
9646,comunicando (0.0000),adornaram (0.0000),acende (0.0000),bananeira (0.0000),vime (0.0000)
9647,cercanias (0.0000),avôs (0.0000),acenaram (0.0000),comunicamos (0.0000),amigx (0.0000)
9648,cera (0.0000),adaptáveis (0.0000),acelerado (0.0000),banana (0.0000),vigoroso (0.0000)
9649,ceramista (0.0000),xenofobia (0.0000),acelerada (0.0000),banais (0.0000),vigorosa (0.0000)
9650,temporada (0.0000),soubessem (0.0000),acentuados (0.0000),conduzia (0.0000),vigilância (0.0000)
9651,comunicóloga (0.0000),compondo (0.0000),acentuando (0.0000),comunicadora (0.0000),vigilantes (0.0000)
9652,tempestuosos (0.0000),componho (0.0000),acentuar (0.0000),confusos (0.0000),apontam (0.0000)
9653,tempestuoso (0.0000),bainha (0.0000),acentuava (0.0000),açafrão (0.0000),apontava (0.0000)
9654,cercando (0.0000),tribo (0.0000),acentuação (0.0000),compreendido (0.0000),assuntos (0.0000)
9655,comunico (0.0000),arguta (0.0000),acerola (0.0000),bebê (0.0000),aportou (0.0000)
9656,cercavam (0.0000),soubesse (0.0000),acertam (0.0000),autocuidado (0.0000),arrepiado (0.0000)
9657,cercar (0.0000),adornm (0.0000),zumbi (0.0000),conservadoras (0.0000),arrepiados (0.0000)
9658,sulino (0.0000),comporta (0.0000),acertem (0.0000),beber (0.0000),arrepiar (0.0000)
9659,comunicavam (0.0000),coloquei (0.0000),acervo (0.0000),conservadores (0.0000),arrepio (0.0000)
9660,cercaram (0.0000),comportada (0.0000),zu (0.0000),bebera (0.0000),arretado (0.0000)
9661,montes (0.0000),suga (0.0000),zoraide (0.0000),autocompaixão (0.0000),arriscado (0.0000)
9662,comunicaria (0.0000),comportado (0.0000),zoraia (0.0000),autoajuda (0.0000),arriscar (0.0000)
9663,sumaúma (0.0000),avoado (0.0000),acessíveis (0.0000),bebidas (0.0000),arrisco (0.0000)
9664,montado (0.0000),soul (0.0000),acessível (0.0000),comportada (0.0000),arrozales (0.0000)
9665,celebrava (0.0000),complica (0.0000),zora (0.0000),conservar (0.0000),arruma (0.0000)
9666,comparado (0.0000),adaptou (0.0000),acha (0.0000),augusto (0.0000),arrumada (0.0000)
9667,conecte (0.0000),tribal (0.0000),aceitem (0.0000),conservas (0.0000),arrumadas (0.0000)
9668,caídos (0.0000),baile (0.0000),zélia (0.0000),componho (0.0000),arrumado (0.0000)
9669,caíque (0.0000),adapto (0.0000),virtuoso (0.0000),compondo (0.0000),arrumava (0.0000)
9670,sufixos (0.0000),street (0.0000),zênite (0.0000),conservava (0.0000),valiosos (0.0000)
9671,sufocada (0.0000),urubu (0.0000),acampar (0.0000),austera (0.0000),artefatos (0.0000)
9672,mura (0.0000),argolinhas (0.0000),acalorados (0.0000),complicada (0.0000),valioso (0.0000)
9673,confecção (0.0000),argumentava (0.0000),acaloradas (0.0000),conservação (0.0000),validam (0.0000)
9674,confeccionados (0.0000),adapte (0.0000),acalmo (0.0000),conserve (0.0000),validado (0.0000)
9675,confeccionado (0.0000),adaptarmos (0.0000),acalmava (0.0000),aumentando (0.0000),artesianos (0.0000)
9676,confeccionadas (0.0000),xavantes (0.0000),acalmaram (0.0000),autodeclare (0.0000),vales (0.0000)
9677,perdure (0.0000),startup (0.0000),acalmando (0.0000),autodefinir (0.0000),valer (0.0000)
9678,sufocando (0.0000),sufocava (0.0000),aceitarem (0.0000),autodepreciativo (0.0000),valença (0.0000)
9679,pensado (0.0000),sp (0.0000),àquela (0.0000),autodepreciação (0.0000),valentões (0.0000)
9680,ce (0.0000),xe (0.0000),àquelas (0.0000),autônomo (0.0000),valentes (0.0000)
9681,conectou (0.0000),argumentação (0.0000),acalentaram (0.0000),autossuficiência (0.0000),articulações (0.0000)
9682,perdurar (0.0000),apaixonando (0.0000),acalentar (0.0000),consertava (0.0000),artificialidades (0.0000)
9683,conectividade (0.0000),confundir (0.0000),àquele (0.0000),consertavam (0.0000),artifícios (0.0000)
9684,municipal (0.0000),acolhidas (0.0000),àqueles (0.0000),autoritário (0.0000),vaivém (0.0000)
9685,conferem (0.0000),abandonaremos (0.0000),acanhado (0.0000),autoridade (0.0000),arrependo (0.0000)
9686,caída (0.0000),unia (0.0000),acanhamento (0.0000),autoria (0.0000),arrematadas (0.0000)
9687,mureta (0.0000),assumidamente (0.0000),acarajé (0.0000),consertei (0.0000),arregaçar (0.0000)
9688,caçava (0.0000),técnica (0.0000),acarajés (0.0000),bebe (0.0000),arraiá (0.0000)
9689,caçadores (0.0000),contrariá (0.0000),acaricaram (0.0000),autorais (0.0000),vapor (0.0000)
9690,caçados (0.0000),silentes (0.0000),zê (0.0000),bebemos (0.0000),aromáticas (0.0000)
9691,caçamos (0.0000),assume (0.0000),zézé (0.0000),autonomia (0.0000),aros (0.0000)
9692,sudestinas (0.0000),ês (0.0000),acariciam (0.0000),comportamental (0.0000),arpão (0.0000)
9693,caçando (0.0000),contrastada (0.0000),zézinho (0.0000),autodidata (0.0000),vantagens (0.0000)
9694,confia (0.0000),silente (0.0000),acariciaram (0.0000),comportamentais (0.0000),arqueado (0.0000)
9695,caçar (0.0000),silenciá (0.0000),zés (0.0000),autodeterminação (0.0000),vanguarda (0.0000)
9696,caço (0.0000),abençoe (0.0000),acariciavam (0.0000),autodescobrir (0.0000),arquear (0.0000)
9697,climático (0.0000),artefatos (0.0000),acaricio (0.0000),comportados (0.0000),arqueio (0.0000)
9698,confessar (0.0000),assombrar (0.0000),acaso (0.0000),autodescobertas (0.0000),van (0.0000)
9699,conferiu (0.0000),contrastante (0.0000),acastanhado (0.0000),complica (0.0000),arraigadas (0.0000)
9700,conferindo (0.0000),abençoar (0.0000),aceitando (0.0000),complexos (0.0000),arraigado (0.0000)
9701,conferido (0.0000),silenciou (0.0000),aceitar (0.0000),confusões (0.0000),arraigamento (0.0000)
9702,caçula (0.0000),silenciosamente (0.0000),achadas (0.0000),consola (0.0000),arranca (0.0000)
9703,caí (0.0000),abençoadas (0.0000),achado (0.0000),atribuídos (0.0000),arregaçada (0.0000)
9704,tentassem (0.0000),assombram (0.0000),achados (0.0000),belos (0.0000),vampiro (0.0000)
9705,conectei (0.0000),ética (0.0000),yoga (0.0000),atribuídas (0.0000),arranha (0.0000)
9706,monocromia (0.0000),contrapunha (0.0000),aconselha (0.0000),atribuí (0.0000),arranhão (0.0000)
9707,celebraram (0.0000),épocas (0.0000),yakissoba (0.0000),completaria (0.0000),arranjadas (0.0000)
9708,mundão (0.0000),silvo (0.0000),aconchegantes (0.0000),atributo (0.0000),arranjados (0.0000)
9709,conduzia (0.0000),contrabalançadas (0.0000),aconchegante (0.0000),completar (0.0000),arranjar (0.0000)
9710,conduzi (0.0000),assustadora (0.0000),acompanho (0.0000),belíssimas (0.0000),valorizava (0.0000)
9711,conduzem (0.0000),contrabalançado (0.0000),yasmin (0.0000),belíssimos (0.0000),valorizados (0.0000)
9712,conduz (0.0000),contrabalançam (0.0000),acompanhasse (0.0000),consolar (0.0000),arrebatador (0.0000)
9713,monocromática (0.0000),contrabalançando (0.0000),achar (0.0000),beijara (0.0000),valorizado (0.0000)
9714,celebrado (0.0000),assustador (0.0000),acompanharam (0.0000),benfazeja (0.0000),arredondado (0.0000)
9715,condições (0.0000),unicamente (0.0000),zague (0.0000),bengala (0.0000),arredondados (0.0000)
9716,condicionado (0.0000),tábuas (0.0000),acompanhados (0.0000),atribuir (0.0000),arredores (0.0000)
9717,condiciona (0.0000),tácito (0.0000),zaira (0.0000),completados (0.0000),artroses (0.0000)
9718,tendendo (0.0000),silhuetas (0.0000),acompanhadas (0.0000),consta (0.0000),artur (0.0000)
9719,monolítico (0.0000),arrumava (0.0000),zami (0.0000),benzedeiras (0.0000),vaidoso (0.0000)
9720,concreta (0.0000),abordada (0.0000),acontece (0.0000),atribui (0.0000),assobiava (0.0000)
9721,concorrência (0.0000),épicas (0.0000),acontecem (0.0000),benção (0.0000),utilizo (0.0000)
9722,concordo (0.0000),silvestre (0.0000),acontecendo (0.0000),atravessava (0.0000),assertivo (0.0000)
9723,tendenciosa (0.0000),assumo (0.0000),acontecerem (0.0000),atritos (0.0000),utilizei (0.0000)
9724,monotonia (0.0000),aboios (0.0000),aconteceu (0.0000),belas (0.0000),assimiladas (0.0000)
9725,tendem (0.0000),silva (0.0000),acontecimentos (0.0000),atropelo (0.0000),assimilando (0.0000)
9726,conduzindo (0.0000),assumirem (0.0000),acorda (0.0000),atual (0.0000),assimilação (0.0000)
9727,conduzisse (0.0000),abençoa (0.0000),acordado (0.0000),conservo (0.0000),assimétrico (0.0000)
9728,tensão (0.0000),contraía (0.0000),acordam (0.0000),beijo (0.0000),assinado (0.0000)
9729,sufocar (0.0000),assombra (0.0000),acordar (0.0000),beiju (0.0000),assinalam (0.0000)
9730,tentamos (0.0000),conversam (0.0000),acordava (0.0000),considerada (0.0000),assistente (0.0000)
9731,conectarmos (0.0000),silencia (0.0000),yakisoba (0.0000),atuação (0.0000),assistir (0.0000)
9732,conectarem (0.0000),silas (0.0000),acostuma (0.0000),considerado (0.0000),assisto (0.0000)
9733,sufocantes (0.0000),convencionais (0.0000),xícaras (0.0000),atuando (0.0000),assobiando (0.0000)
9734,munduruku (0.0000),assobio (0.0000),xícara (0.0000),considerando (0.0000),assobio (0.0000)
9735,tentado (0.0000),conveniência (0.0000),acostumar (0.0000),considerar (0.0000),assentar (0.0000)
9736,conectando (0.0000),umbanda (0.0000),xx (0.0000),considerariam (0.0000),associa (0.0000)
9737,cede (0.0000),significava (0.0000),zana (0.0000),consideravelmente (0.0000),associada (0.0000)
9738,suga (0.0000),assobiando (0.0000),acomodem (0.0000),atualizo (0.0000),associadas (0.0000)
9739,cedendo (0.0000),conversamos (0.0000),acomodar (0.0000),consideração (0.0000),associado (0.0000)
9740,conectados (0.0000),contão (0.0000),zigue (0.0000),considerações (0.0000),associam (0.0000)
9741,tensões (0.0000),artesianos (0.0000),acharem (0.0000),considere (0.0000),associação (0.0000)
9742,sufocava (0.0000),significar (0.0000),achava (0.0000),atualizados (0.0000),assolava (0.0000)
9743,conectadas (0.0000),têmpora (0.0000),achavam (0.0000),considerável (0.0000),assombram (0.0000)
9744,sufocavam (0.0000),assisti (0.0000),ache (0.0000),beirava (0.0000),assumida (0.0000)
9745,cega (0.0000),abarca (0.0000),achei (0.0000),atualizada (0.0000),assumidamente (0.0000)
9746,comprou (0.0000),ultrapassar (0.0000),zona (0.0000),beatriz (0.0000),assumido (0.0000)
9747,compromissos (0.0000),abandonou (0.0000),achou (0.0000),auxilia (0.0000),assumirem (0.0000)
9748,monótono (0.0000),abandonava (0.0000),zoando (0.0000),auxiliando (0.0000),utilizava (0.0000)
9749,competitivas (0.0000),contê (0.0000),zoam (0.0000),conheçam (0.0000),assentou (0.0000)
9750,teias (0.0000),contá (0.0000),zines (0.0000),awa (0.0000),assentam (0.0000)
9751,morenitude (0.0000),assolava (0.0000),acinzentada (0.0000),batalhadores (0.0000),artísticas (0.0000)
9752,tecê (0.0000),contribuía (0.0000),zilda (0.0000),conhecidas (0.0000),asiáticas (0.0000)
9753,tecnologias (0.0000),assolam (0.0000),acinzentado (0.0000),avôs (0.0000),vaidades (0.0000)
9754,complementados (0.0000),silenciaram (0.0000),acinzentados (0.0000),conhecidos (0.0000),aruá (0.0000)
9755,chapadas (0.0000),silenciados (0.0000),acobreadas (0.0000),conhecidx (0.0000),aruã (0.0000)
9756,chapado (0.0000),unguentos (0.0000),acomodada (0.0000),avoado (0.0000),arã (0.0000)
9757,chapadão (0.0000),unem (0.0000),zezézinha (0.0000),compreendam (0.0000),arão (0.0000)
9758,complementadas (0.0000),contribuiu (0.0000),zezé (0.0000),compreenda (0.0000),arílton (0.0000)
9759,chapadões (0.0000),técnico (0.0000),zezinho (0.0000),comprava (0.0000),vagabundear (0.0000)
9760,complementada (0.0000),contribuições (0.0000),zero (0.0000),consertam (0.0000),asas (0.0000)
9761,compleição (0.0000),controlada (0.0000),acolhedoras (0.0000),compras (0.0000),vacile (0.0000)
9762,peraltices (0.0000),contusão (0.0000),acolhedores (0.0000),batalho (0.0000),ascendências (0.0000)
9763,complacência (0.0000),controlado (0.0000),zequinha (0.0000),conotação (0.0000),asfaltado (0.0000)
9764,mudinhas (0.0000),silenciadas (0.0000),zen (0.0000),avidamente (0.0000),vacas (0.0000)
9765,competência (0.0000),abate (0.0000),acolheram (0.0000),conotações (0.0000),asiática (0.0000)
9766,chapéus (0.0000),silenciada (0.0000),zaí (0.0000),avesso (0.0000),asiático (0.0000)
9767,perdem (0.0000),abastece (0.0000),zazá (0.0000),aves (0.0000),utilizá (0.0000)
9768,complementavam (0.0000),undercut (0.0000),acolhidos (0.0000),comprando (0.0000),asiáticos (0.0000)
9769,complementos (0.0000),contundentes (0.0000),zaya (0.0000),batata (0.0000),ué (0.0000)
9770,supostamente (0.0000),artesanalmente (0.0000),acolho (0.0000),conhecesse (0.0000),uva (0.0000)
9771,superfície (0.0000),égua (0.0000),acalanto (0.0000),compreendem (0.0000),utopia (0.0000)
9772,superfícies (0.0000),simbolismos (0.0000),acadêmico (0.0000),conhecerem (0.0000),aspirado (0.0000)
9773,mordida (0.0000),ébano (0.0000),acadêmicas (0.0000),compreendendo (0.0000),assa (0.0000)
9774,tekoa (0.0000),arretado (0.0000),abafando (0.0000),congelada (0.0000),assalariado (0.0000)
9775,mudou (0.0000),abrem (0.0000),íngreme (0.0000),azuladas (0.0000),assaré (0.0000)
9776,teimox (0.0000),ataque (0.0000),abaixar (0.0000),azeviche (0.0000),assegure (0.0000)
9777,suponho (0.0000),contenha (0.0000),abaixado (0.0000),azeitona (0.0000),asseio (0.0000)
9778,perdera (0.0000),ás (0.0000),abaixada (0.0000),congo (0.0000),assemelham (0.0000)
9779,teimava (0.0000),atalaia (0.0000),abafava (0.0000),azeite (0.0000),assenta (0.0000)
9780,surdo (0.0000),abraçá (0.0000),abafar (0.0000),compreendidas (0.0000),assentada (0.0000)
9781,teimo (0.0000),contento (0.0000),abafado (0.0000),conhecedor (0.0000),vara (0.0000)
9782,completando (0.0000),contenção (0.0000),abençoar (0.0000),conhecedora (0.0000),arnaldo (0.0000)
9783,teimavam (0.0000),ásia (0.0000),abafadas (0.0000),compreendia (0.0000),armário (0.0000)
9784,morenas (0.0000),abreviação (0.0000),íngremes (0.0000),bastão (0.0000),aproveito (0.0000)
9785,perdemos (0.0000),atadura (0.0000),abadá (0.0000),azeda (0.0000),apressados (0.0000)
9786,completados (0.0000),áurea (0.0000),abacaxis (0.0000),compreenderem (0.0000),apressava (0.0000)
9787,morenos (0.0000),arrogância (0.0000),íntegra (0.0000),azar (0.0000),apresso (0.0000)
9788,competitiva (0.0000),atabaques (0.0000),90 (0.0000),ayelen (0.0000),apreço (0.0000)
9789,certamente (0.0000),conterrâneos (0.0000),abalar (0.0000),conhecemos (0.0000),aprimorando (0.0000)
9790,teclas (0.0000),atabaque (0.0000),abale (0.0000),batalhadoras (0.0000),vastos (0.0000)
9791,compartilhavam (0.0000),arrojado (0.0000),abalo (0.0000),conhecendo (0.0000),vastas (0.0000)
9792,compartilhava (0.0000),ávido (0.0000),abandonados (0.0000),ayan (0.0000),aprisioná (0.0000)
9793,surgiu (0.0000),ataques (0.0000),índole (0.0000),comprado (0.0000),aprofunda (0.0000)
9794,mudavam (0.0000),atarracada (0.0000),índio (0.0000),batatas (0.0000),aprofundar (0.0000)
9795,surpreenda (0.0000),ângela (0.0000),abandonava (0.0000),comprada (0.0000),apropriação (0.0000)
9796,compartilhamos (0.0000),atende (0.0000),abandonou (0.0000),conseguindo (0.0000),aproveitar (0.0000)
9797,compartilhados (0.0000),arrepiados (0.0000),índia (0.0000),avança (0.0000),aproveitem (0.0000)
9798,mudava (0.0000),contemplar (0.0000),abarrotada (0.0000),conseguiram (0.0000),vassoura (0.0000)
9799,chegarem (0.0000),contemplaram (0.0000),abastada (0.0000),conseguiremos (0.0000),vazio (0.0000)
9800,compartilhada (0.0000),abriram (0.0000),ímpar (0.0000),batismo (0.0000),aproximam (0.0000)
9801,chegava (0.0000),contemplativos (0.0000),abate (0.0000),batista (0.0000),aproximando (0.0000)
9802,compartilha (0.0000),contemplava (0.0000),ídolo (0.0000),avantajada (0.0000),aproximação (0.0000)
9803,chegavam (0.0000),turística (0.0000),abaulado (0.0000),avani (0.0000),aproximações (0.0000)
9804,tecelãs (0.0000),álbuns (0.0000),ícones (0.0000),batons (0.0000),aproxime (0.0000)
9805,chegue (0.0000),simétricos (0.0000),abençoa (0.0000),conselhos (0.0000),vasos (0.0000)
9806,comparação (0.0000),áridos (0.0000),88 (0.0000),consentimento (0.0000),apática (0.0000)
9807,comparados (0.0000),abrigo (0.0000),87 (0.0000),consequentemente (0.0000),apático (0.0000)
9808,compartilho (0.0000),contemplem (0.0000),80m (0.0000),avaliava (0.0000),apê (0.0000)
9809,perda (0.0000),arrepio (0.0000),óssea (0.0000),avaliar (0.0000),vasilhas (0.0000)
9810,compasso (0.0000),contemporaneidade (0.0000),12 (0.0000),consequências (0.0000),varria (0.0000)
9811,tecidas (0.0000),simultânea (0.0000),15 (0.0000),conserta (0.0000),aquarelas (0.0000)
9812,charmosa (0.0000),abrigar (0.0000),17 (0.0000),avaliam (0.0000),varrem (0.0000)
9813,competente (0.0000),turístico (0.0000),18 (0.0000),comportasse (0.0000),apressada (0.0000)
9814,perambula (0.0000),abriam (0.0000),19 (0.0000),avalia (0.0000),veado (0.0000)
9815,morna (0.0000),simplificador (0.0000),úmidos (0.0000),consertados (0.0000),aquecendo (0.0000)
9816,charruas (0.0000),abraçado (0.0000),24 (0.0000),comportavam (0.0000),aprenderam (0.0000)
9817,charuto (0.0000),contorno (0.0000),25 (0.0000),conseguimos (0.0000),aposentado (0.0000)
9818,teclado (0.0000),continuei (0.0000),últimas (0.0000),batem (0.0000),aposentadoria (0.0000)
9819,chaves (0.0000),continuarei (0.0000),ôxe (0.0000),avançando (0.0000),apostar (0.0000)
9820,tecendo (0.0000),continuaremos (0.0000),34 (0.0000),conquistados (0.0000),velhinha (0.0000)
9821,chef (0.0000),continuará (0.0000),37 (0.0000),composto (0.0000),apreciador (0.0000)
9822,chefe (0.0000),continuava (0.0000),ótima (0.0000),conquistando (0.0000),apreciadora (0.0000)
9823,mornas (0.0000),astral (0.0000),3c (0.0000),aventuro (0.0000),apreciam (0.0000)
9824,chegada (0.0000),twist (0.0000),óleos (0.0000),aventureiro (0.0000),aprecie (0.0000)
9825,compatíveis (0.0000),twists (0.0000),78m (0.0000),batiam (0.0000),apreciá (0.0000)
9826,compassos (0.0000),assusto (0.0000),ódio (0.0000),aventurei (0.0000),aprenda (0.0000)
9827,teceu (0.0000),continuidade (0.0000),4b (0.0000),aventurava (0.0000),aprendemos (0.0000)
9828,chamativa (0.0000),simbolizam (0.0000),4c (0.0000),aventurar (0.0000),velas (0.0000)
9829,superficialmente (0.0000),abordando (0.0000),óbvio (0.0000),aventurado (0.0000),aprendera (0.0000)
9830,superficialidades (0.0000),assuste (0.0000),55 (0.0000),avental (0.0000),vela (0.0000)
9831,morder (0.0000),simboliza (0.0000),58 (0.0000),avelãs (0.0000),apresentasse (0.0000)
9832,compreendidas (0.0000),assustar (0.0000),60m (0.0000),conscientizar (0.0000),aprendia (0.0000)
9833,teme (0.0000),contorna (0.0000),62 (0.0000),avelino (0.0000),vegetarianas (0.0000)
9834,cervejaria (0.0000),contornados (0.0000),65 (0.0000),composta (0.0000),aprendiz (0.0000)
9835,moradora (0.0000),contornam (0.0000),70 (0.0000),composições (0.0000),vegetal (0.0000)
9836,mulata (0.0000),contornando (0.0000),70m (0.0000),ave (0.0000),aprendizados (0.0000)
9837,compreendi (0.0000),astro (0.0000),72 (0.0000),conseguiam (0.0000),aprendizagem (0.0000)
9838,telhas (0.0000),continuamos (0.0000),74 (0.0000),avanço (0.0000),aprendizagens (0.0000)
9839,cerâmicas (0.0000),abraçada (0.0000),75m (0.0000),arpão (0.0000),vegetais (0.0000)
9840,cessará (0.0000),similar (0.0000),abençoadas (0.0000),correrias (0.0000),apresentadas (0.0000)
9841,compreenderem (0.0000),simplificada (0.0000),abençoe (0.0000),aros (0.0000),apresentados (0.0000)
9842,cesta (0.0000),unidimensional (0.0000),acadêmica (0.0000),curvadas (0.0000),veganos (0.0000)
9843,moradores (0.0000),abranger (0.0000),absorveu (0.0000),cabiam (0.0000),veganas (0.0000)
9844,cestaria (0.0000),arrozales (0.0000),abstrata (0.0000),clássico (0.0000),apresentarei (0.0000)
9845,cestarias (0.0000),astuto (0.0000),absorvidos (0.0000),cabocla (0.0000),aquecem (0.0000)
9846,compreendendo (0.0000),astuta (0.0000),absorvido (0.0000),caboclo (0.0000),aqueceu (0.0000)
9847,superarem (0.0000),conteúdo (0.0000),absorvida (0.0000),curumim (0.0000),armazém (0.0000)
9848,moral (0.0000),conteúdos (0.0000),absorvia (0.0000),curupiras (0.0000),variado (0.0000)
9849,morador (0.0000),contidas (0.0000),absorvi (0.0000),andam (0.0000),varie (0.0000)
9850,temido (0.0000),continuam (0.0000),ás (0.0000),cabras (0.0000),arcoverde (0.0000)
9851,certinho (0.0000),simbólicos (0.0000),êta (0.0000),ancorado (0.0000),ardida (0.0000)
9852,moradias (0.0000),astros (0.0000),ásia (0.0000),ancorada (0.0000),ardência (0.0000)
9853,multicoloridas (0.0000),arruma (0.0000),absorve (0.0000),anasalada (0.0000),variava (0.0000)
9854,comprometida (0.0000),simbologias (0.0000),absolutamente (0.0000),anciãs (0.0000),areião (0.0000)
9855,moquecas (0.0000),continham (0.0000),absoluta (0.0000),curvando (0.0000),arenoso (0.0000)
9856,moradia (0.0000),ânimo (0.0000),ásperos (0.0000),curvar (0.0000),ares (0.0000)
9857,certeiras (0.0000),simbolizando (0.0000),abriram (0.0000),anciãos (0.0000),arestas (0.0000)
9858,comprimentos (0.0000),continuadora (0.0000),abstratas (0.0000),anciã (0.0000),argilas (0.0000)
9859,comprimento (0.0000),assistente (0.0000),áridos (0.0000),clubes (0.0000),argiloso (0.0000)
9860,superamos (0.0000),converso (0.0000),abundam (0.0000),cacei (0.0000),variariam (0.0000)
9861,penteando (0.0000),sincretismo (0.0000),álcool (0.0000),clube (0.0000),variantes (0.0000)
9862,superando (0.0000),sibilante (0.0000),abundantemente (0.0000),climático (0.0000),argolinhas (0.0000)
9863,compreensível (0.0000),correu (0.0000),álbuns (0.0000),ande (0.0000),arcada (0.0000)
9864,mulherzinha (0.0000),tórax (0.0000),abuso (0.0000),andei (0.0000),variada (0.0000)
9865,compreensivos (0.0000),íntimo (0.0000),áfrica (0.0000),andi (0.0000),variabilidade (0.0000)
9866,certidão (0.0000),artur (0.0000),ácido (0.0000),clã (0.0000),ariel (0.0000)
9867,compreendê (0.0000),íris (0.0000),acabado (0.0000),angelita (0.0000),arigato (0.0000)
9868,compreendo (0.0000),túnica (0.0000),acabar (0.0000),cursando (0.0000),ariovaldo (0.0000)
9869,cestas (0.0000),corridos (0.0000),acabaram (0.0000),coar (0.0000),arlindo (0.0000)
9870,cestinha (0.0000),corrige (0.0000),acabei (0.0000),coalho (0.0000),varginha (0.0000)
9871,compreendam (0.0000),corrigem (0.0000),acabo (0.0000),cursei (0.0000),armadilha (0.0000)
9872,chamando (0.0000),corrigindo (0.0000),ácidas (0.0000),coalhado (0.0000),armadilhas (0.0000)
9873,comportamental (0.0000),ufmt (0.0000),academia (0.0000),cursivo (0.0000),varandas (0.0000)
9874,comportados (0.0000),3c (0.0000),academicamente (0.0000),cabeludo (0.0000),armaduras (0.0000)
9875,pequenininha (0.0000),óbvios (0.0000),áurea (0.0000),caberam (0.0000),armar (0.0000)
9876,mugido (0.0000),ódio (0.0000),abrindo (0.0000),andrógeno (0.0000),armazenar (0.0000)
9877,chamamos (0.0000),óleo (0.0000),abrigar (0.0000),andrê (0.0000),arcaico (0.0000)
9878,comportado (0.0000),túnicas (0.0000),abrasadores (0.0000),andorinha (0.0000),araí (0.0000)
9879,comportada (0.0000),serviam (0.0000),abertas (0.0000),curte (0.0000),aquecida (0.0000)
9880,telefone (0.0000),óleos (0.0000),êsses (0.0000),cabeças (0.0000),arames (0.0000)
9881,superei (0.0000),asiáticos (0.0000),abertos (0.0000),andiroba (0.0000),aquecido (0.0000)
9882,chamaram (0.0000),aspirado (0.0000),ês (0.0000),curtinho (0.0000),varre (0.0000)
9883,comporta (0.0000),aspirados (0.0000),aboios (0.0000),curtinhos (0.0000),aquidauana (0.0000)
9884,morde (0.0000),4b (0.0000),aborda (0.0000),curtir (0.0000),aquilino (0.0000)
9885,compondo (0.0000),assalariado (0.0000),ênfase (0.0000),clãs (0.0000),aquisitivo (0.0000)
9886,tekoha (0.0000),corredeiras (0.0000),étnicos (0.0000),climas (0.0000),ara (0.0000)
9887,chamaremos (0.0000),ínfima (0.0000),abordam (0.0000),cachacinha (0.0000),aracaju (0.0000)
9888,chamariam (0.0000),corredores (0.0000),abotoada (0.0000),curriculares (0.0000),araceli (0.0000)
9889,chamadas (0.0000),asseio (0.0000),abra (0.0000),cânticos (0.0000),araguaia (0.0000)
9890,penteio (0.0000),assegure (0.0000),abracei (0.0000),amplificar (0.0000),araken (0.0000)
9891,compreenda (0.0000),assaré (0.0000),étnicas (0.0000),claudicação (0.0000),arakenã (0.0000)
9892,composto (0.0000),íngreme (0.0000),ética (0.0000),amplificadas (0.0000),arakuã (0.0000)
9893,comprava (0.0000),servir (0.0000),abraçada (0.0000),cálculo (0.0000),aram (0.0000)
9894,superava (0.0000),correnteza (0.0000),abrigando (0.0000),ampliava (0.0000),arapiá (0.0000)
9895,comprar (0.0000),4c (0.0000),épicas (0.0000),ampliar (0.0000),araçá (0.0000)
9896,ch (0.0000),servindo (0.0000),ânimo (0.0000),amplia (0.0000),araponga (0.0000)
9897,moram (0.0000),servidor (0.0000),ângulos (0.0000),cânones (0.0000),araquém (0.0000)
9898,morango (0.0000),tímidos (0.0000),abraçaram (0.0000),cântaros (0.0000),arara (0.0000)
9899,compra (0.0000),assa (0.0000),abraçarem (0.0000),barbosa (0.0000),araracanga (0.0000)
9900,chacoalham (0.0000),artrite (0.0000),ângulo (0.0000),analógica (0.0000),araras (0.0000)
9901,comportasse (0.0000),corretamente (0.0000),abraçavam (0.0000),amplamente (0.0000),ararei (0.0000)
9902,composta (0.0000),artroses (0.0000),ângela (0.0000),classificações (0.0000),araribá (0.0000)
9903,chacota (0.0000),íngremes (0.0000),abraçou (0.0000),amparam (0.0000),araribóia (0.0000)
9904,composições (0.0000),ótima (0.0000),abraçá (0.0000),célula (0.0000),aratu (0.0000)
9905,superciliar (0.0000),sertões (0.0000),abrem (0.0000),amparado (0.0000),araucária (0.0000)
9906,chaleira (0.0000),cortam (0.0000),abreviação (0.0000),classificar (0.0000),araucárias (0.0000)
9907,compositora (0.0000),17 (0.0000),ávido (0.0000),amorzinho (0.0000),araucários (0.0000)
9908,perdia (0.0000),costela (0.0000),ávida (0.0000),amoroso (0.0000),araxá (0.0000)
9909,toninho (0.0000),arão (0.0000),acre (0.0000),cênicas (0.0000),alua (0.0000)
9910,prego (0.0000),úteis (0.0000),xuxu (0.0000),amplitude (0.0000),visitando (0.0000)
9911,cama (0.0000),18 (0.0000),acreditamos (0.0000),cachimba (0.0000),visitantes (0.0000)
9912,amadeirado (0.0000),asiática (0.0000),vocabular (0.0000),amálgama (0.0000),visitar (0.0000)
9913,vinhedos (0.0000),serpenteiam (0.0000),agressivos (0.0000),cyberpunk (0.0000),acinzentada (0.0000)
9914,amador (0.0000),serpenteia (0.0000),agregava (0.0000),analítico (0.0000),acinzentadas (0.0000)
9915,amadora (0.0000),serpenteavam (0.0000),agrava (0.0000),analítica (0.0000),acinzentados (0.0000)
9916,amadurecem (0.0000),uacari (0.0000),agradável (0.0000),cacheadas (0.0000),zigomáticos (0.0000)
9917,amadurecerem (0.0000),serranas (0.0000),agradáveis (0.0000),analista (0.0000),acobreadas (0.0000)
9918,amadureceu (0.0000),costumeiro (0.0000),agradeço (0.0000),curvilínea (0.0000),zezézinha (0.0000)
9919,amamentou (0.0000),serpenteando (0.0000),vocábulos (0.0000),cliente (0.0000),zezé (0.0000)
9920,amamos (0.0000),serpente (0.0000),aguentar (0.0000),analisam (0.0000),zezinho (0.0000)
9921,amando (0.0000),asfaltado (0.0000),agradecem (0.0000),custo (0.0000),zero (0.0000)
9922,vindouras (0.0000),sermão (0.0000),agrade (0.0000),customiza (0.0000),zequinha (0.0000)
9923,omita (0.0000),arílton (0.0000),agradar (0.0000),clichês (0.0000),zenaide (0.0000)
9924,amanheceres (0.0000),costurado (0.0000),agradam (0.0000),clavículas (0.0000),acolhendo (0.0000)
9925,vinculadas (0.0000),12 (0.0000),vogais (0.0000),customizadas (0.0000),acolherá (0.0000)
9926,amante (0.0000),serrana (0.0000),voltados (0.0000),customizados (0.0000),zelo (0.0000)
9927,vimos (0.0000),arã (0.0000),agressões (0.0000),anahí (0.0000),acolhidas (0.0000)
9928,vime (0.0000),cortando (0.0000),voam (0.0000),amêndoados (0.0000),zarabatana (0.0000)
9929,vigoroso (0.0000),cosmogonia (0.0000),voados (0.0000),customização (0.0000),zana (0.0000)
9930,olodum (0.0000),ônix (0.0000),agricultoras (0.0000),cut (0.0000),acolho (0.0000)
9931,vigilância (0.0000),ufg (0.0000),viés (0.0000),cuícas (0.0000),acolá (0.0000)
9932,vigilantes (0.0000),cortava (0.0000),viço (0.0000),claudinha (0.0000),acomodada (0.0000)
9933,vigiando (0.0000),sertanejos (0.0000),agronomia (0.0000),curro (0.0000),acomodar (0.0000)
9934,amarem (0.0000),uaupés (0.0000),agronômica (0.0000),angola (0.0000),acomodem (0.0000)
9935,amargas (0.0000),sertanejas (0.0000),agropecuária (0.0000),cocos (0.0000),acompanhada (0.0000)
9936,pardas (0.0000),serras (0.0000),agropecuário (0.0000),cobria (0.0000),acompanhadas (0.0000)
9937,amargor (0.0000),coruja (0.0000),agrupavam (0.0000),anular (0.0000),acompanhados (0.0000)
9938,amargos (0.0000),últimas (0.0000),agruras (0.0000),anula (0.0000),yvy (0.0000)
9939,amariam (0.0000),úmidas (0.0000),agrária (0.0000),antônia (0.0000),yoga (0.0000)
9940,omitido (0.0000),asiáticas (0.0000),vizinhos (0.0000),bíblia (0.0000),acompanhar (0.0000)
9941,amadeiradas (0.0000),aruá (0.0000),agrônomo (0.0000),cultivos (0.0000),acompanhasse (0.0000)
9942,apresentasse (0.0000),23 (0.0000),aguarda (0.0000),culto (0.0000),acidentados (0.0000)
9943,amadas (0.0000),cosmos (0.0000),vizinho (0.0000),antropológicos (0.0000),zines (0.0000)
9944,alongavam (0.0000),cosmovisão (0.0000),aglomerações (0.0000),antissocial (0.0000),achei (0.0000)
9945,alpargatas (0.0000),aruã (0.0000),aglomerado (0.0000),antirracistas (0.0000),acervo (0.0000)
9946,virava (0.0000),cosméticos (0.0000),agito (0.0000),culturalmente (0.0000),acentos (0.0000)
9947,altamente (0.0000),cospe (0.0000),afável (0.0000),antenada (0.0000),àquelas (0.0000)
9948,virando (0.0000),assemelham (0.0000),afiando (0.0000),antirracismo (0.0000),acentuada (0.0000)
9949,virado (0.0000),assenta (0.0000),aficionada (0.0000),antiquários (0.0000),acentuadas (0.0000)
9950,alternam (0.0000),corpos (0.0000),afinadinho (0.0000),antiquado (0.0000),acentuado (0.0000)
9951,alternativo (0.0000),coqueirais (0.0000),afinco (0.0000),antiguidades (0.0000),acentuam (0.0000)
9952,alternavam (0.0000),coordenando (0.0000),voluntária (0.0000),antero (0.0000),zézé (0.0000)
9953,altivo (0.0000),artificialidades (0.0000),aflora (0.0000),cobrava (0.0000),zézinho (0.0000)
9954,violências (0.0000),copa (0.0000),aflorada (0.0000),cobrando (0.0000),zumbido (0.0000)
9955,violência (0.0000),copacabana (0.0000),afogada (0.0000),antepassado (0.0000),acentuação (0.0000)
9956,ondulada (0.0000),copaíba (0.0000),afoito (0.0000),cumprida (0.0000),acerola (0.0000)
9957,alua (0.0000),assinado (0.0000),africanas (0.0000),cultivavam (0.0000),acertar (0.0000)
9958,alumínio (0.0000),sextas (0.0000),africano (0.0000),anule (0.0000),acertem (0.0000)
9959,parcimônia (0.0000),abalo (0.0000),africanos (0.0000),anuncia (0.0000),aceso (0.0000)
9960,violento (0.0000),abale (0.0000),afrofuturismo (0.0000),anunciam (0.0000),ache (0.0000)
9961,alva (0.0000),articulad (0.0000),afrouxa (0.0000),apagará (0.0000),acessar (0.0000)
9962,alvo (0.0000),abalar (0.0000),agachada (0.0000),apagando (0.0000),acessíveis (0.0000)
9963,alvorada (0.0000),sexta (0.0000),agitação (0.0000),culinárias (0.0000),acessível (0.0000)
9964,alvoradas (0.0000),coques (0.0000),volume (0.0000),culminou (0.0000),zoológico (0.0000)
9965,vinícola (0.0000),tênues (0.0000),agarradas (0.0000),byá (0.0000),achadas (0.0000)
9966,alzira (0.0000),sexismo (0.0000),agarradinho (0.0000),culpado (0.0000),achado (0.0000)
9967,vinil (0.0000),cora (0.0000),volto (0.0000),apagamento (0.0000),achados (0.0000)
9968,alô (0.0000),êta (0.0000),agarrando (0.0000),culta (0.0000),zoando (0.0000)
9969,onda (0.0000),assimilação (0.0000),agarrar (0.0000),cochichos (0.0000),achando (0.0000)
9970,on (0.0000),coordenadora (0.0000),agarro (0.0000),cocares (0.0000),achar (0.0000)
9971,amaro (0.0000),abandonada (0.0000),agenda (0.0000),cultivado (0.0000),achatado (0.0000)
9972,amarra (0.0000),abaixar (0.0000),voltei (0.0000),básicos (0.0000),zoam (0.0000)
9973,amarrada (0.0000),convidando (0.0000),agir (0.0000),cocar (0.0000),achavam (0.0000)
9974,amarrados (0.0000),convicto (0.0000),agitadas (0.0000),cultivam (0.0000),ybyrá (0.0000)
9975,ameaçadas (0.0000),tênue (0.0000),voltavam (0.0000),cultivamos (0.0000),acompanho (0.0000)
9976,ameaçadora (0.0000),êsses (0.0000),agitados (0.0000),anônimo (0.0000),yby (0.0000)
9977,ameaçados (0.0000),convictos (0.0000),agitar (0.0000),cobriam (0.0000),adaptarmos (0.0000)
9978,ameaçam (0.0000),siameses (0.0000),vizinhas (0.0000),anápolis (0.0000),acumulam (0.0000)
9979,ameaçando (0.0000),abandonam (0.0000),aguente (0.0000),anzol (0.0000),acumular (0.0000)
9980,ameaças (0.0000),abandonados (0.0000),voluntário (0.0000),antepassadas (0.0000),acumularam (0.0000)
9981,amei (0.0000),articula (0.0000),alcançava (0.0000),cumprimenta (0.0000),acumulavam (0.0000)
9982,ameixa (0.0000),convidativa (0.0000),visita (0.0000),cabeceira (0.0000),acumulou (0.0000)
9983,viaje (0.0000),convém (0.0000),ale (0.0000),curativos (0.0000),acusa (0.0000)
9984,amenizado (0.0000),shoppings (0.0000),visitando (0.0000),ankara (0.0000),adaptabilidade (0.0000)
9985,amenizar (0.0000),convidavam (0.0000),alceu (0.0000),anjo (0.0000),adaptada (0.0000)
9986,ameno (0.0000),convite (0.0000),alcançá (0.0000),aniversário (0.0000),adaptado (0.0000)
9987,americana (0.0000),shirts (0.0000),alcançou (0.0000),curativas (0.0000),adaptados (0.0000)
9988,americanas (0.0000),convivendo (0.0000),visitar (0.0000),anitta (0.0000),adaptam (0.0000)
9989,americano (0.0000),conviver (0.0000),agulha (0.0000),aninham (0.0000),adaptar (0.0000)
9990,viajante (0.0000),shiitake (0.0000),visitas (0.0000),animes (0.0000),adaptaram (0.0000)
9991,olharam (0.0000),convivo (0.0000),visitá (0.0000),coberto (0.0000),xis (0.0000)
9992,viaja (0.0000),coradas (0.0000),albino (0.0000),anime (0.0000),xix (0.0000)
9993,viado (0.0000),corajosa (0.0000),alberto (0.0000),curavam (0.0000),adaptações (0.0000)
9994,veículos (0.0000),corporalmente (0.0000),alargador (0.0000),cumprimentava (0.0000),adapte (0.0000)
9995,veterinária (0.0000),assentado (0.0000),alardes (0.0000),curcuma (0.0000),adaptei (0.0000)
9996,amigx (0.0000),ukulele (0.0000),alegrar (0.0000),cobertas (0.0000),adaptou (0.0000)
9997,amigáveis (0.0000),80 (0.0000),alegrava (0.0000),animava (0.0000),adaptáveis (0.0000)
9998,parecerem (0.0000),índia (0.0000),alegrense (0.0000),animam (0.0000),adaptável (0.0000)
9999,vestiria (0.0000),índigo (0.0000),viscose (0.0000),coberta (0.0000),adega (0.0000)
10000,vestiram (0.0000),assentar (0.0000),alegrou (0.0000),animados (0.0000),ademilson (0.0000)
10001,olhadas (0.0000),74 (0.0000),alemanha (0.0000),cobalto (0.0000),ademir (0.0000)
10002,ameaçada (0.0000),uirapuru (0.0000),alemã (0.0000),curitiba (0.0000),ademário (0.0000)
10003,ameaça (0.0000),72 (0.0000),alemães (0.0000),curral (0.0000),adentro (0.0000)
10004,olhava (0.0000),coro (0.0000),alemão (0.0000),curandeiros (0.0000),adequada (0.0000)
10005,vidro (0.0000),87 (0.0000),alemãs (0.0000),curandeiro (0.0000),xirú (0.0000)
10006,vigia (0.0000),70m (0.0000),visam (0.0000),anoitecer (0.0000),xispa (0.0000)
10007,amarro (0.0000),assentada (0.0000),alex (0.0000),anomalia (0.0000),xocó (0.0000)
10008,amarrotada (0.0000),coroar (0.0000),alexia (0.0000),cobiçada (0.0000),yasmin (0.0000)
10009,amassada (0.0000),coroas (0.0000),alfabeto (0.0000),cumprimentavam (0.0000),acostumadas (0.0000)
10010,amassam (0.0000),sessentão (0.0000),alfaces (0.0000),cumprimento (0.0000),aconchegantes (0.0000)
10011,pardos (0.0000),índios (0.0000),alfaiataria (0.0000),cumprindo (0.0000),yarã (0.0000)
10012,amassarão (0.0000),60m (0.0000),algazarra (0.0000),cobiça (0.0000),acontece (0.0000)
10013,amassavam (0.0000),índole (0.0000),alarde (0.0000),cupuaçu (0.0000),acontecendo (0.0000)
10014,amavam (0.0000),cordões (0.0000),alaranjado (0.0000),cobertura (0.0000),aconteceu (0.0000)
10015,vier (0.0000),88 (0.0000),alagoano (0.0000),curado (0.0000),acontecimentos (0.0000)
10016,viemos (0.0000),abaixado (0.0000),ajeitando (0.0000),curadores (0.0000),acorda (0.0000)
10017,amazônicas (0.0000),têxteis (0.0000),agulhas (0.0000),búzios (0.0000),acordado (0.0000)
10018,video (0.0000),assimilando (0.0000),vizinhança (0.0000),curam (0.0000),yaraí (0.0000)
10019,ambulante (0.0000),abaixada (0.0000),aguçado (0.0000),anta (0.0000),acordei (0.0000)
10020,vibrava (0.0000),assimiladas (0.0000),agência (0.0000),curandeira (0.0000),yara (0.0000)
10021,vibrantemente (0.0000),abafava (0.0000),agências (0.0000),cobertor (0.0000),yanomami (0.0000)
10022,ambiciosa (0.0000),artigo (0.0000),ai (0.0000),caarapó (0.0000),yakissoba (0.0000)
10023,ambientado (0.0000),coralina (0.0000),vivê (0.0000),curandeiras (0.0000),yakisoba (0.0000)
10024,ambientais (0.0000),abafar (0.0000),aiko (0.0000),anseio (0.0000),acumula (0.0000)
10025,vibram (0.0000),abafando (0.0000),viverei (0.0000),anseiam (0.0000),xícaras (0.0000)
10026,ambientalistas (0.0000),corações (0.0000),aipim (0.0000),anota (0.0000),xy (0.0000)
10027,vibra (0.0000),ímpar (0.0000),vivenciou (0.0000),cachimbo (0.0000),acre (0.0000)
10028,olhavam (0.0000),abafadas (0.0000),aisha (0.0000),amores (0.0000),xxi (0.0000)
10029,viam (0.0000),abafada (0.0000),vivencio (0.0000),cíclica (0.0000),acreditam (0.0000)
10030,ambições (0.0000),severa (0.0000),ajeita (0.0000),decoram (0.0000),xx (0.0000)
10031,viajou (0.0000),têxtil (0.0000),ajeitar (0.0000),decifrarem (0.0000),acreditariam (0.0000)
10032,alongar (0.0000),abadá (0.0000),ajustes (0.0000),decisões (0.0000),xuxa (0.0000)
10033,alongado (0.0000),abacaxis (0.0000),ajeitava (0.0000),declarações (0.0000),xucurus (0.0000)
10034,virei (0.0000),cordinha (0.0000),vivenciar (0.0000),declare (0.0000),xucuru (0.0000)
10035,vislumbre (0.0000),abacaxi (0.0000),vivenciamos (0.0000),decomposição (0.0000),xokleng (0.0000)
10036,ajustes (0.0000),contempla (0.0000),vivenciadas (0.0000),amanhece (0.0000),xodó (0.0000)
10037,al (0.0000),áfrica (0.0000),ajudante (0.0000),decorada (0.0000),aculturação (0.0000)
10038,vitais (0.0000),confeccionadas (0.0000),ajudantes (0.0000),decorado (0.0000),acento (0.0000)
10039,visões (0.0000),arranjados (0.0000),vitais (0.0000),cisnormativas (0.0000),aceno (0.0000)
10040,opostos (0.0000),trouxeram (0.0000),ajudavam (0.0000),decoração (0.0000),acendia (0.0000)
10041,alarde (0.0000),conhecerem (0.0000),visualmente (0.0000),caipora (0.0000),ícones (0.0000)
10042,alardes (0.0000),trovão (0.0000),ajustada (0.0000),decorações (0.0000),abalar (0.0000)
10043,alargador (0.0000),zines (0.0000),ajustadas (0.0000),decorrer (0.0000),abalo (0.0000)
10044,param (0.0000),tráfego (0.0000),ajustado (0.0000),decote (0.0000),abandonada (0.0000)
10045,alberto (0.0000),acessar (0.0000),vistos (0.0000),caipirinha (0.0000),abandonam (0.0000)
10046,albino (0.0000),atropelo (0.0000),visse (0.0000),cisgeneridade (0.0000),abandonaremos (0.0000)
10047,alcança (0.0000),conheciam (0.0000),afiado (0.0000),amamos (0.0000),índigo (0.0000)
10048,alcançando (0.0000),trégua (0.0000),afetuoso (0.0000),dedicadas (0.0000),abarrotada (0.0000)
10049,paranaenses (0.0000),sofreram (0.0000),acreditando (0.0000),circundava (0.0000),abastada (0.0000)
10050,alcançava (0.0000),arraigamento (0.0000),adesivos (0.0000),amamentou (0.0000),abate (0.0000)
10051,paranapanema (0.0000),acertar (0.0000),adicionar (0.0000),amante (0.0000),índia (0.0000)
10052,alcançou (0.0000),acertam (0.0000),adicionando (0.0000),decifrando (0.0000),abaulado (0.0000)
10053,alcançá (0.0000),acentuava (0.0000),adicionais (0.0000),amapaenses (0.0000),abençoe (0.0000)
10054,vistas (0.0000),arraiá (0.0000),xandê (0.0000),amapá (0.0000),ídolo (0.0000)
10055,aldeia (0.0000),conhecidx (0.0000),adiados (0.0000),decentemente (0.0000),abertura (0.0000)
10056,aldeias (0.0000),sofrer (0.0000),adeus (0.0000),amarelas (0.0000),abaixada (0.0000)
10057,ale (0.0000),sofrendo (0.0000),aderência (0.0000),decepcionar (0.0000),abordada (0.0000)
10058,opinar (0.0000),sofremos (0.0000),admito (0.0000),civilizado (0.0000),abordagem (0.0000)
10059,operário (0.0000),trouxa (0.0000),xará (0.0000),cisterna (0.0000),abordam (0.0000)
10060,operadas (0.0000),atualizados (0.0000),adequava (0.0000),amarelado (0.0000),abotoada (0.0000)
10061,alegrava (0.0000),atualizo (0.0000),adequar (0.0000),caiam (0.0000),êta (0.0000)
10062,opcional (0.0000),achado (0.0000),adequam (0.0000),decidi (0.0000),abracei (0.0000)
10063,ajustado (0.0000),solange (0.0000),adequados (0.0000),amareladas (0.0000),abrangente (0.0000)
10064,opressivas (0.0000),confundido (0.0000),ademário (0.0000),amarelada (0.0000),abranger (0.0000)
10065,ajustada (0.0000),coletividade (0.0000),adicionava (0.0000),caimento (0.0000),abrasadores (0.0000)
10066,aiyana (0.0000),auge (0.0000),adicionavam (0.0000),caingangue (0.0000),étnicos (0.0000)
10067,vivíamos (0.0000),audacioso (0.0000),adjetivo (0.0000),cissa (0.0000),étnicas (0.0000)
10068,aguçados (0.0000),confuso (0.0000),adjetivos (0.0000),decidir (0.0000),ética (0.0000)
10069,agência (0.0000),audaciosa (0.0000),administra (0.0000),decidirem (0.0000),abraçaram (0.0000)
10070,agências (0.0000),confusos (0.0000),administrado (0.0000),decidiu (0.0000),abaixar (0.0000)
10071,optem (0.0000),confusões (0.0000),administradora (0.0000),decido (0.0000),abafava (0.0000)
10072,ai (0.0000),zigue (0.0000),administrativa (0.0000),amarela (0.0000),épocas (0.0000)
10073,aika (0.0000),congela (0.0000),administração (0.0000),cisnormativo (0.0000),íntimos (0.0000)
10074,optava (0.0000),congelada (0.0000),admira (0.0000),amamenta (0.0000),12 (0.0000)
10075,vivermos (0.0000),congelados (0.0000),xand (0.0000),amadurecerem (0.0000),úteis (0.0000)
10076,viverei (0.0000),congo (0.0000),admiradas (0.0000),cachinhos (0.0000),úmidas (0.0000)
10077,aira (0.0000),zezézinha (0.0000),admirados (0.0000),alvo (0.0000),últimos (0.0000)
10078,viveram (0.0000),atuando (0.0000),admirando (0.0000),caixão (0.0000),último (0.0000)
10079,ajeita (0.0000),conhecedora (0.0000),admirava (0.0000),caiçara (0.0000),ôxe (0.0000)
10080,opressor (0.0000),zigomáticos (0.0000),admiráveis (0.0000),cajado (0.0000),ótima (0.0000)
10081,ajeitando (0.0000),atribuídos (0.0000),admita (0.0000),alzira (0.0000),34 (0.0000)
10082,ajeitar (0.0000),conjugam (0.0000),ademir (0.0000),defendê (0.0000),óleos (0.0000)
10083,paraibanos (0.0000),sofrem (0.0000),ademilson (0.0000),defensiva (0.0000),37 (0.0000)
10084,vivenciar (0.0000),arranja (0.0000),adega (0.0000),alvoradas (0.0000),3c (0.0000)
10085,paralela (0.0000),sociabilidade (0.0000),acumularam (0.0000),alvorada (0.0000),óbvios (0.0000)
10086,vivenciadas (0.0000),zoológico (0.0000),acreditar (0.0000),defensora (0.0000),óbvio (0.0000)
10087,ajudaram (0.0000),atribuem (0.0000),acreditarem (0.0000),cipós (0.0000),íntimas (0.0000)
10088,vivemos (0.0000),acendendo (0.0000),xuxa (0.0000),amadurecem (0.0000),abafada (0.0000)
10089,ajudavam (0.0000),acendem (0.0000),acredite (0.0000),alva (0.0000),íntegra (0.0000)
10090,paralelo (0.0000),atraía (0.0000),acreditem (0.0000),aluno (0.0000),ínfima (0.0000)
10091,ajudem (0.0000),tucano (0.0000),acrescenta (0.0000),alunas (0.0000),62 (0.0000)
10092,opressoras (0.0000),atravessava (0.0000),acrescentando (0.0000),alugada (0.0000),65 (0.0000)
10093,alegrense (0.0000),atravessaram (0.0000),acrescentava (0.0000),alua (0.0000),70 (0.0000)
10094,vislumbramos (0.0000),trópicos (0.0000),acumula (0.0000),ciona (0.0000),índole (0.0000)
10095,alonga (0.0000),acenaram (0.0000),xodó (0.0000),altivo (0.0000),72 (0.0000)
10096,opacidade (0.0000),arranjadas (0.0000),xix (0.0000),cinzentos (0.0000),74 (0.0000)
10097,alimentavam (0.0000),zora (0.0000),acumulado (0.0000),alternativa (0.0000),78m (0.0000)
10098,alimentação (0.0000),conseguiam (0.0000),acumulados (0.0000),caixotes (0.0000),80 (0.0000)
10099,alimentício (0.0000),conseguido (0.0000),acumular (0.0000),alê (0.0000),80m (0.0000)
10100,virtuais (0.0000),conseguimos (0.0000),acumulavam (0.0000),defendida (0.0000),88 (0.0000)
10101,alinhada (0.0000),acelerada (0.0000),adaptável (0.0000),defenderam (0.0000),índios (0.0000)
10102,alinhadas (0.0000),atravessar (0.0000),acumulou (0.0000),amadora (0.0000),abraçarem (0.0000)
10103,alinhado (0.0000),universos (0.0000),acusa (0.0000),dedicava (0.0000),épicas (0.0000)
10104,virou (0.0000),conscientes (0.0000),acúmulo (0.0000),amador (0.0000),acendendo (0.0000)
10105,alinhamento (0.0000),arrancar (0.0000),xispa (0.0000),circunda (0.0000),acariciado (0.0000)
10106,alinhava (0.0000),acentuada (0.0000),adaptabilidade (0.0000),caique (0.0000),acalentam (0.0000)
10107,alinhavam (0.0000),atribuí (0.0000),xis (0.0000),amadeu (0.0000),acalentaram (0.0000)
10108,alisa (0.0000),conotações (0.0000),xirú (0.0000),amadeirado (0.0000),áridos (0.0000)
10109,alisados (0.0000),sofra (0.0000),adaptam (0.0000),dedilhar (0.0000),acalmando (0.0000)
10110,alisamentos (0.0000),atributos (0.0000),xilogravura (0.0000),amadeiradas (0.0000),acalmo (0.0000)
10111,alisar (0.0000),sofia (0.0000),xex (0.0000),amadas (0.0000),acaloradas (0.0000)
10112,aliso (0.0000),atributo (0.0000),xenofobia (0.0000),cais (0.0000),árduas (0.0000)
10113,alisá (0.0000),acentuadas (0.0000),adaptações (0.0000),circulação (0.0000),acampar (0.0000)
10114,alivia (0.0000),arranhão (0.0000),adaptou (0.0000),deem (0.0000),acanhado (0.0000)
10115,aliviam (0.0000),conquistam (0.0000),adaptáveis (0.0000),caiu (0.0000),acanhamento (0.0000)
10116,aliviar (0.0000),atribulada (0.0000),admitir (0.0000),defendam (0.0000),álcool (0.0000)
10117,virilidade (0.0000),conquistando (0.0000),xadrez (0.0000),circulam (0.0000),acaricaram (0.0000)
10118,viriam (0.0000),conquistar (0.0000),afetuosa (0.0000),amaciado (0.0000),álbuns (0.0000)
10119,almas (0.0000),acentua (0.0000),voto (0.0000),defendem (0.0000),acariciam (0.0000)
10120,virgem (0.0000),sociável (0.0000),afasto (0.0000),defendemos (0.0000),acadêmico (0.0000)
10121,virem (0.0000),acento (0.0000),vontades (0.0000),civilizados (0.0000),águia (0.0000)
10122,paraíso (0.0000),conquistou (0.0000),afastei (0.0000),decente (0.0000),acaso (0.0000)
10123,onduladas (0.0000),aceno (0.0000),afaste (0.0000),amarem (0.0000),acastanhado (0.0000)
10124,alimentando (0.0000),acendo (0.0000),voraz (0.0000),dan (0.0000),aceitando (0.0000)
10125,virtude (0.0000),aumenta (0.0000),afastando (0.0000),daiane (0.0000),àqueles (0.0000)
10126,alimentado (0.0000),confundia (0.0000),afastado (0.0000),clareiam (0.0000),aceite (0.0000)
10127,algodãozinho (0.0000),zezé (0.0000),workshops (0.0000),dali (0.0000),aceitem (0.0000)
10128,alemanha (0.0000),trocou (0.0000),vovó (0.0000),amenizar (0.0000),aceito (0.0000)
10129,alemã (0.0000),arqueio (0.0000),vulnerabilidade (0.0000),amenizado (0.0000),acelerada (0.0000)
10130,alemães (0.0000),trocava (0.0000),afagar (0.0000),cactáceas (0.0000),àquele (0.0000)
10131,alemão (0.0000),confiantemente (0.0000),advogado (0.0000),cacá (0.0000),acenaram (0.0000)
10132,alemãs (0.0000),confiantes (0.0000),advogada (0.0000),ameixa (0.0000),acende (0.0000)
10133,alerta (0.0000),solitário (0.0000),vulnerabilidades (0.0000),damos (0.0000),acendem (0.0000)
10134,visitou (0.0000),zague (0.0000),afastá (0.0000),amei (0.0000),ásia (0.0000)
10135,alexia (0.0000),autodefinir (0.0000),afazeres (0.0000),amargas (0.0000),acadêmicas (0.0000)
10136,alfaces (0.0000),urbanidade (0.0000),afeito (0.0000),ameaças (0.0000),égua (0.0000)
10137,onírica (0.0000),confiava (0.0000),afeição (0.0000),dandara (0.0000),absorve (0.0000)
10138,visitei (0.0000),yvy (0.0000),afeminado (0.0000),cadarço (0.0000),abraçá (0.0000)
10139,visitas (0.0000),confidente (0.0000),afeta (0.0000),ameaçando (0.0000),ângulo (0.0000)
10140,pararemos (0.0000),confidências (0.0000),volátil (0.0000),cadeia (0.0000),abrem (0.0000)
10141,alimentada (0.0000),troféu (0.0000),afetando (0.0000),danos (0.0000),abreviação (0.0000)
10142,visitando (0.0000),zaira (0.0000),afetar (0.0000),ameaçados (0.0000),abriam (0.0000)
10143,ontem (0.0000),zami (0.0000),afetação (0.0000),dançamos (0.0000),ávido (0.0000)
10144,visceral (0.0000),confirmando (0.0000),afetiva (0.0000),ameaçadora (0.0000),abrigando (0.0000)
10145,alheia (0.0000),confirmar (0.0000),afetivas (0.0000),americana (0.0000),abrigar (0.0000)
10146,visam (0.0000),autocompaixão (0.0000),afetividade (0.0000),americanas (0.0000),ávida (0.0000)
10147,alheios (0.0000),arqueados (0.0000),afetivo (0.0000),americano (0.0000),áurea (0.0000)
10148,visa (0.0000),soltam (0.0000),afetivos (0.0000),dai (0.0000),abriram (0.0000)
10149,parasse (0.0000),up (0.0000),voluntários (0.0000),classicismo (0.0000),ásperos (0.0000)
10150,aliados (0.0000),autodeterminação (0.0000),afetos (0.0000),classes (0.0000),absoluta (0.0000)
10151,alianças (0.0000),aros (0.0000),adultos (0.0000),clarão (0.0000),absorvi (0.0000)
10152,virão (0.0000),confeccionado (0.0000),adulto (0.0000),cachorra (0.0000),academicamente (0.0000)
10153,virtuoso (0.0000),confeccionados (0.0000),adubada (0.0000),cachorro (0.0000),absorvia (0.0000)
10154,amolecido (0.0000),autodidata (0.0000),vícios (0.0000),círculos (0.0000),absorvida (0.0000)
10155,amontoava (0.0000),yasmin (0.0000),adolescente (0.0000),cachorros (0.0000),absorvidos (0.0000)
10156,vestidas (0.0000),confecção (0.0000),adolescentes (0.0000),clarinhos (0.0000),abstrata (0.0000)
10157,aplica (0.0000),yby (0.0000),adolescência (0.0000),código (0.0000),abstratas (0.0000)
10158,aparo (0.0000),arpão (0.0000),adoram (0.0000),cacica (0.0000),abstratos (0.0000)
10159,vegetarianas (0.0000),conferem (0.0000),adorar (0.0000),cúmplices (0.0000),abundam (0.0000)
10160,vegetal (0.0000),acolhendo (0.0000),adorava (0.0000),clarinho (0.0000),abuso (0.0000)
10161,apega (0.0000),arqueadas (0.0000),vôlei (0.0000),cacilda (0.0000),abóboras (0.0000)
10162,apegado (0.0000),autodescobrir (0.0000),adormecido (0.0000),amistosa (0.0000),acaba (0.0000)
10163,apegam (0.0000),conferido (0.0000),vívidos (0.0000),amigáveis (0.0000),acabar (0.0000)
10164,apego (0.0000),soltar (0.0000),vívido (0.0000),cacimbas (0.0000),acabaram (0.0000)
10165,ofendido (0.0000),conferiu (0.0000),vívidas (0.0000),amianto (0.0000),acabo (0.0000)
10166,apelidos (0.0000),arqueado (0.0000),vítima (0.0000),dado (0.0000),adequados (0.0000)
10167,vegetais (0.0000),trocas (0.0000),vírgulas (0.0000),clareira (0.0000),adequar (0.0000)
10168,oestx (0.0000),ybyrá (0.0000),vídeo (0.0000),clareava (0.0000),adequava (0.0000)
10169,veganos (0.0000),uraricoera (0.0000),vício (0.0000),clarearam (0.0000),alardes (0.0000)
10170,veganas (0.0000),confiáveis (0.0000),adquirido (0.0000),ameaçado (0.0000),ajudem (0.0000)
10171,veado (0.0000),confundem (0.0000),vêem (0.0000),claramente (0.0000),ajudo (0.0000)
10172,vazio (0.0000),aurora (0.0000),válvulas (0.0000),amassam (0.0000),ajustada (0.0000)
10173,vastos (0.0000),confortava (0.0000),válvula (0.0000),amassada (0.0000),ajustadas (0.0000)
10174,apertam (0.0000),tropeçam (0.0000),válido (0.0000),clamou (0.0000),ajustado (0.0000)
10175,oestinos (0.0000),ausência (0.0000),adotando (0.0000),davi (0.0000),ajustar (0.0000)
10176,apertaram (0.0000),achou (0.0000),adotar (0.0000),davina (0.0000),vocábulos (0.0000)
10177,apertava (0.0000),zenaide (0.0000),adotei (0.0000),clamor (0.0000),ajustavam (0.0000)
10178,apertavam (0.0000),zequinha (0.0000),adotivos (0.0000),amarrotada (0.0000),ajustes (0.0000)
10179,aperte (0.0000),austera (0.0000),adoçado (0.0000),debate (0.0000),al (0.0000)
10180,oestinidade (0.0000),solavancos (0.0000),adoçar (0.0000),amarrados (0.0000),vocabular (0.0000)
10181,vasos (0.0000),confrontam (0.0000),adoção (0.0000),clamar (0.0000),voados (0.0000)
10182,apetite (0.0000),zelo (0.0000),adquiri (0.0000),clamando (0.0000),alarde (0.0000)
10183,apimentada (0.0000),confrontos (0.0000),vá (0.0000),clamam (0.0000),alargador (0.0000)
10184,oestinesas (0.0000),confrontou (0.0000),vulnerável (0.0000),clama (0.0000),voltar (0.0000)
10185,ofensiva (0.0000),aumentava (0.0000),arregaçar (0.0000),amarra (0.0000),alaúde (0.0000)
10186,aparentemente (0.0000),achava (0.0000),arrepiado (0.0000),amaro (0.0000),alberto (0.0000)
10187,parlendas (0.0000),achatado (0.0000),sábados (0.0000),ciúmes (0.0000),albino (0.0000)
10188,apanhou (0.0000),acharem (0.0000),cadeira (0.0000),amargos (0.0000),alcança (0.0000)
10189,apagá (0.0000),zezinho (0.0000),cadernos (0.0000),debates (0.0000),alcançam (0.0000)
10190,apaixonad (0.0000),achando (0.0000),caderno (0.0000),amargor (0.0000),alcançando (0.0000)
10191,oferecia (0.0000),confortar (0.0000),caderneta (0.0000),cafona (0.0000),voa (0.0000)
10192,veludo (0.0000),acinzentada (0.0000),cadenciados (0.0000),cafeicultores (0.0000),alcançava (0.0000)
10193,veloz (0.0000),zana (0.0000),cadenciadas (0.0000),ameaçadas (0.0000),alcançavam (0.0000)
10194,apaixonando (0.0000),conformava (0.0000),cadenciada (0.0000),caetano (0.0000),alcançou (0.0000)
10195,apaixonarem (0.0000),solidário (0.0000),cadarço (0.0000),ameaçada (0.0000),alceu (0.0000)
10196,apaixonei (0.0000),conflituosa (0.0000),cacimba (0.0000),dançava (0.0000),aldeias (0.0000)
10197,oferecendo (0.0000),confluência (0.0000),tipicamente (0.0000),ameaça (0.0000),ale (0.0000)
10198,apaixonou (0.0000),uníssono (0.0000),cacá (0.0000),danço (0.0000),ajude (0.0000)
10199,apanha (0.0000),conforma (0.0000),cactáceas (0.0000),dançou (0.0000),ajudantes (0.0000)
10200,apanhei (0.0000),conformar (0.0000),tique (0.0000),ambígua (0.0000),viço (0.0000)
10201,veloso (0.0000),tronco (0.0000),tiracolo (0.0000),ambulante (0.0000),agência (0.0000)
10202,pariu (0.0000),zarabatana (0.0000),caco (0.0000),cadenciados (0.0000),agropecuária (0.0000)
10203,velocidade (0.0000),conformes (0.0000),cadências (0.0000),ambição (0.0000),agropecuário (0.0000)
10204,velhinha (0.0000),acinzentadas (0.0000),cae (0.0000),ambivalência (0.0000),agrupavam (0.0000)
10205,velhice (0.0000),zaya (0.0000),tinturas (0.0000),caderneta (0.0000),agruras (0.0000)
10206,velhas (0.0000),zazá (0.0000),caetano (0.0000),ambientado (0.0000),agrária (0.0000)
10207,velas (0.0000),conformidade (0.0000),cafeicultores (0.0000),ambiciosa (0.0000),agrícola (0.0000)
10208,apareceram (0.0000),conformo (0.0000),cafeteira (0.0000),darem (0.0000),agrônomo (0.0000)
10209,apareceu (0.0000),conforta (0.0000),cafezinho (0.0000),amazônida (0.0000),aguardava (0.0000)
10210,velada (0.0000),confortam (0.0000),cafezinhos (0.0000),amazonense (0.0000),voluntários (0.0000)
10211,aparenta (0.0000),zaí (0.0000),cafona (0.0000),cae (0.0000),aguentam (0.0000)
10212,aparentam (0.0000),confortando (0.0000),cafés (0.0000),clareada (0.0000),aguente (0.0000)
10213,aparentando (0.0000),sobrinha (0.0000),tingiu (0.0000),dariam (0.0000),aguento (0.0000)
10214,aparentar (0.0000),aceitem (0.0000),caimento (0.0000),bya (0.0000),aguçados (0.0000)
10215,apito (0.0000),arrepiado (0.0000),tingirá (0.0000),cujas (0.0000),agências (0.0000)
10216,aplicada (0.0000),conseguiremos (0.0000),tingir (0.0000),boxeadoras (0.0000),voltaremos (0.0000)
10217,oferecida (0.0000),atingem (0.0000),caipiras (0.0000),aquarelas (0.0000),voluntária (0.0000)
10218,paro (0.0000),acabar (0.0000),caipirinha (0.0000),aquecia (0.0000),aika (0.0000)
10219,variável (0.0000),construirmos (0.0000),time (0.0000),aqueceu (0.0000),aiko (0.0000)
10220,parteira (0.0000),unir (0.0000),cacimbas (0.0000),brejo (0.0000),volto (0.0000)
10221,aprecie (0.0000),zênite (0.0000),tiradentes (0.0000),aquecendo (0.0000),aira (0.0000)
10222,apreciá (0.0000),soberania (0.0000),bordou (0.0000),brejos (0.0000),voltei (0.0000)
10223,aprenda (0.0000),atestando (0.0000),caberam (0.0000),breu (0.0000),aiyana (0.0000)
10224,varie (0.0000),abóboras (0.0000),cabral (0.0000),colisão (0.0000),ajeita (0.0000)
10225,ocuparem (0.0000),sobem (0.0000),caboclo (0.0000),brigadeiro (0.0000),ajeitando (0.0000)
10226,aprendemos (0.0000),soaram (0.0000),cabocla (0.0000),brigadeiros (0.0000),ajeitar (0.0000)
10227,parteiras (0.0000),abóbora (0.0000),toalhas (0.0000),couberam (0.0000),ajeitava (0.0000)
10228,aprendera (0.0000),arrebatador (0.0000),cabia (0.0000),aproxime (0.0000),voltavam (0.0000)
10229,aprenderam (0.0000),soam (0.0000),tocada (0.0000),coubesse (0.0000),voltas (0.0000)
10230,variava (0.0000),slam (0.0000),tocamos (0.0000),country (0.0000),viés (0.0000)
10231,variará (0.0000),atestado (0.0000),tirado (0.0000),brigar (0.0000),alegram (0.0000)
10232,partem (0.0000),unindo (0.0000),tocarem (0.0000),apê (0.0000),agronomia (0.0000)
10233,variariam (0.0000),construímos (0.0000),tocavam (0.0000),apático (0.0000),aliviar (0.0000)
10234,ocupam (0.0000),situa (0.0000),cabeleira (0.0000),apática (0.0000),alimentavam (0.0000)
10235,aprendidos (0.0000),abundância (0.0000),cabeceira (0.0000),covinha (0.0000),visualmente (0.0000)
10236,aprendiz (0.0000),atingindo (0.0000),tocou (0.0000),coxas (0.0000),alinha (0.0000)
10237,variados (0.0000),unirá (0.0000),tolerada (0.0000),coxear (0.0000),alinhada (0.0000)
10238,aprendizagem (0.0000),turbulento (0.0000),toalha (0.0000),aquecida (0.0000),alinhado (0.0000)
10239,aprendizagens (0.0000),acalanto (0.0000),to (0.0000),colocadas (0.0000),vistos (0.0000)
10240,variado (0.0000),tupiniquim (0.0000),cacauais (0.0000),aquecido (0.0000),alinhava (0.0000)
10241,apresentadas (0.0000),acalentaram (0.0000),titubear (0.0000),colocado (0.0000),alinhavam (0.0000)
10242,apresentados (0.0000),acalentar (0.0000),cachacinha (0.0000),arakuã (0.0000),visse (0.0000)
10243,variada (0.0000),acalentam (0.0000),cachaça (0.0000),costuras (0.0000),aliso (0.0000)
10244,apresentando (0.0000),tupã (0.0000),cacheadas (0.0000),arakenã (0.0000),vislumbre (0.0000)
10245,variabilidade (0.0000),turbante (0.0000),cacheado (0.0000),costureiras (0.0000),alivia (0.0000)
10246,ocupações (0.0000),acalenta (0.0000),delicioso (0.0000),araken (0.0000),aliviam (0.0000)
10247,apreciam (0.0000),constitui (0.0000),tiro (0.0000),cotações (0.0000),vislumbramos (0.0000)
10248,ocupo (0.0000),turbantes (0.0000),cachinhos (0.0000),colocá (0.0000),visões (0.0000)
10249,apoiaram (0.0000),acabo (0.0000),tirava (0.0000),coloco (0.0000),alojar (0.0000)
10250,aplicam (0.0000),sobral (0.0000),tirar (0.0000),colocavam (0.0000),alojava (0.0000)
10251,aplicar (0.0000),uniu (0.0000),cachoeiro (0.0000),bravas (0.0000),visitá (0.0000)
10252,aplicativos (0.0000),zézé (0.0000),cachorra (0.0000),araceli (0.0000),alongar (0.0000)
10253,aplicação (0.0000),academicamente (0.0000),cachorro (0.0000),aracaju (0.0000),alongavam (0.0000)
10254,aplicações (0.0000),zê (0.0000),cachorros (0.0000),bravura (0.0000),visito (0.0000)
10255,aplique (0.0000),constroem (0.0000),cais (0.0000),ara (0.0000),alterna (0.0000)
10256,apodrecendo (0.0000),constroi (0.0000),caiu (0.0000),aquisitivo (0.0000),alternando (0.0000)
10257,oestes (0.0000),turbulentas (0.0000),tijolos (0.0000),aquilino (0.0000),alternativa (0.0000)
10258,apoiado (0.0000),arredondados (0.0000),calvície (0.0000),braçais (0.0000),alternativas (0.0000)
10259,vasilhas (0.0000),construírem (0.0000),calço (0.0000),colocam (0.0000),alternativo (0.0000)
10260,apoiando (0.0000),constrói (0.0000),terrenos (0.0000),aquidauana (0.0000),visitei (0.0000)
10261,apoiar (0.0000),sinhá (0.0000),terrestre (0.0000),coxilha (0.0000),visitas (0.0000)
10262,apoiava (0.0000),turista (0.0000),calçando (0.0000),aproximação (0.0000),alimentar (0.0000)
10263,ocupou (0.0000),contagiava (0.0000),calçadão (0.0000),brasiliense (0.0000),alimentado (0.0000)
10264,parreirais (0.0000),contagiosos (0.0000),calçada (0.0000),cravado (0.0000),alegrar (0.0000)
10265,odeio (0.0000),sinos (0.0000),territorial (0.0000),craquelam (0.0000),alexia (0.0000)
10266,apontam (0.0000),contaminada (0.0000),tijolinho (0.0000),craquelando (0.0000),alegrava (0.0000)
10267,apontando (0.0000),contaminado (0.0000),calosinho (0.0000),craquelava (0.0000),vizinho (0.0000)
10268,apontava (0.0000),contaminação (0.0000),calosidade (0.0000),craquelou (0.0000),alegrense (0.0000)
10269,aportou (0.0000),contamos (0.0000),terror (0.0000),colhetam (0.0000),vivíamos (0.0000)
10270,varrem (0.0000),atenuada (0.0000),calorão (0.0000),colhesse (0.0000),vivê (0.0000)
10271,aposentado (0.0000),sintético (0.0000),calorosos (0.0000),colheres (0.0000),alegrou (0.0000)
10272,aposentadoria (0.0000),turmalina (0.0000),terços (0.0000),cravada (0.0000),alemanha (0.0000)
10273,ode (0.0000),singela (0.0000),terreiros (0.0000),apropriada (0.0000),alemã (0.0000)
10274,odds (0.0000),contassem (0.0000),cama (0.0000),cravam (0.0000),alemães (0.0000)
10275,apreciado (0.0000),ácidas (0.0000),terreiro (0.0000),aproximasse (0.0000),alemão (0.0000)
10276,apague (0.0000),arrependo (0.0000),camaleão (0.0000),aprontava (0.0000),alemãs (0.0000)
10277,apagará (0.0000),sinfonia (0.0000),camarada (0.0000),aprofundar (0.0000),alerta (0.0000)
10278,amores (0.0000),contatos (0.0000),camarão (0.0000),aprofundam (0.0000),viviam (0.0000)
10279,veranicos (0.0000),sincrética (0.0000),cambaio (0.0000),brincalhão (0.0000),alfaces (0.0000)
10280,anciãos (0.0000),contagiar (0.0000),cambaleante (0.0000),aprisioná (0.0000),vitais (0.0000)
10281,anciãs (0.0000),sinuca (0.0000),camila (0.0000),aprisionem (0.0000),vivia (0.0000)
10282,ancora (0.0000),sistema (0.0000),terraço (0.0000),aprisiona (0.0000),vivermos (0.0000)
10283,ancorada (0.0000),contado (0.0000),terninho (0.0000),brincam (0.0000),algodãozinho (0.0000)
10284,ancorado (0.0000),abundantes (0.0000),terna (0.0000),aprimorar (0.0000),algoritmos (0.0000)
10285,veredas (0.0000),abundantemente (0.0000),caminharam (0.0000),apropriação (0.0000),vivenciou (0.0000)
10286,parede (0.0000),sisal (0.0000),terminações (0.0000),colhi (0.0000),vivenciamos (0.0000)
10287,verdão (0.0000),atestada (0.0000),terminado (0.0000),brilhoso (0.0000),vivenciadas (0.0000)
10288,andante (0.0000),abundam (0.0000),caminhoneiro (0.0000),aprovação (0.0000),alheia (0.0000)
10289,verdura (0.0000),turbulências (0.0000),caminhonete (0.0000),coxilhas (0.0000),alheio (0.0000)
10290,verdejante (0.0000),abstrato (0.0000),calorosas (0.0000),brigue (0.0000),vivemos (0.0000)
10291,andavam (0.0000),turco (0.0000),calorosa (0.0000),cozemos (0.0000),aliado (0.0000)
10292,ande (0.0000),arregaçada (0.0000),calorenta (0.0000),brilhar (0.0000),aliados (0.0000)
10293,andei (0.0000),contagiando (0.0000),calculadas (0.0000),cozida (0.0000),vivem (0.0000)
10294,andi (0.0000),abstratas (0.0000),tietê (0.0000),aproximando (0.0000),agronômica (0.0000)
10295,andorinha (0.0000),contadora (0.0000),caixão (0.0000),cozido (0.0000),agronegócio (0.0000)
10296,andrê (0.0000),àquele (0.0000),caiçara (0.0000),aproximam (0.0000),adere (0.0000)
10297,verdades (0.0000),contadoras (0.0000),tido (0.0000),aproximadamente (0.0000),adotar (0.0000)
10298,oitenta (0.0000),contadores (0.0000),ti (0.0000),cozinhando (0.0000),adoração (0.0000)
10299,parente (0.0000),contados (0.0000),thor (0.0000),cozinharam (0.0000),xaréu (0.0000)
10300,andróginos (0.0000),contagem (0.0000),textos (0.0000),cozinhava (0.0000),xará (0.0000)
10301,anedota (0.0000),absorvida (0.0000),texto (0.0000),colhida (0.0000),xandô (0.0000)
10302,ofícios (0.0000),constatação (0.0000),caladas (0.0000),cozinheiras (0.0000),adornan (0.0000)
10303,anelavam (0.0000),ativista (0.0000),texe (0.0000),cozinho (0.0000),adornando (0.0000)
10304,angola (0.0000),sobrenatural (0.0000),caladão (0.0000),aproveito (0.0000),xand (0.0000)
10305,ofuscava (0.0000),zu (0.0000),teto (0.0000),craque (0.0000),adornaram (0.0000)
10306,verbetes (0.0000),consertei (0.0000),calcanhar (0.0000),colhiam (0.0000),xamãs (0.0000)
10307,anciã (0.0000),sobrevivia (0.0000),calculada (0.0000),aproveitem (0.0000),adornavam (0.0000)
10308,vermelhas (0.0000),tucumã (0.0000),calculado (0.0000),aram (0.0000),adornm (0.0000)
10309,vermelhidão (0.0000),atrapalhando (0.0000),tesouras (0.0000),arames (0.0000),xamã (0.0000)
10310,amplificar (0.0000),tucupi (0.0000),testemunhos (0.0000),apagou (0.0000),adotando (0.0000)
10311,amorosa (0.0000),atraindo (0.0000),caldas (0.0000),cortando (0.0000),adotei (0.0000)
10312,verões (0.0000),sobreviveu (0.0000),caldeirão (0.0000),armaduras (0.0000),adorar (0.0000)
10313,vertical (0.0000),sobreviverão (0.0000),caldo (0.0000),brancas (0.0000),adotivos (0.0000)
10314,amparado (0.0000),zumbi (0.0000),testemunhara (0.0000),corrijo (0.0000),adoçado (0.0000)
10315,amparam (0.0000),sobrevivências (0.0000),testemunhado (0.0000),corriqueiro (0.0000),adoçar (0.0000)
10316,vertebral (0.0000),sobreviventes (0.0000),testava (0.0000),armadilhas (0.0000),adoção (0.0000)
10317,versátil (0.0000),atraem (0.0000),testando (0.0000),cortada (0.0000),adquiri (0.0000)
10318,amplas (0.0000),acastanhado (0.0000),caligrafia (0.0000),armadilha (0.0000),xamânicos (0.0000)
10319,amplia (0.0000),tucuxi (0.0000),testada (0.0000),arlindo (0.0000),adquirido (0.0000)
10320,ampliar (0.0000),sobrevivendo (0.0000),calmamente (0.0000),cortam (0.0000),adquiriu (0.0000)
10321,ampliava (0.0000),acaso (0.0000),calmante (0.0000),cortante (0.0000),adubada (0.0000)
10322,amplificadas (0.0000),acaricio (0.0000),calmaria (0.0000),brandas (0.0000),adulta (0.0000)
10323,parecido (0.0000),acariciavam (0.0000),tesouros (0.0000),cortar (0.0000),adultos (0.0000)
10324,ok (0.0000),consertavam (0.0000),búzios (0.0000),brancura (0.0000),adversas (0.0000)
10325,versáteis (0.0000),tucum (0.0000),tomada (0.0000),aristocrático (0.0000),wãpi (0.0000)
10326,amuletos (0.0000),sobreviva (0.0000),bíceps (0.0000),ariovaldo (0.0000),adorava (0.0000)
10327,oleiro (0.0000),atravessado (0.0000),bravo (0.0000),arimatéia (0.0000),adoram (0.0000)
10328,verso (0.0000),aceite (0.0000),brega (0.0000),arigato (0.0000),afastada (0.0000)
10329,versatilidade (0.0000),sobriedade (0.0000),brechós (0.0000),ariel (0.0000),administra (0.0000)
10330,anahí (0.0000),atravessando (0.0000),brechó (0.0000),argumentação (0.0000),xique (0.0000)
10331,analisam (0.0000),atravessam (0.0000),torrado (0.0000),argumentava (0.0000),xinguana (0.0000)
10332,analista (0.0000),zoraia (0.0000),torrar (0.0000),braids (0.0000),aderia (0.0000)
10333,analítica (0.0000),conselhos (0.0000),bravura (0.0000),brahma (0.0000),aderência (0.0000)
10334,analítico (0.0000),consentimento (0.0000),bravamente (0.0000),armazenar (0.0000),adesivos (0.0000)
10335,analógica (0.0000),aceitarem (0.0000),torcendo (0.0000),corrigem (0.0000),adiados (0.0000)
10336,parecidos (0.0000),zoraide (0.0000),torrente (0.0000),aromáticas (0.0000),xingu (0.0000)
10337,anil (0.0000),atravessa (0.0000),brasiliense (0.0000),correto (0.0000),adicionais (0.0000)
10338,veraneio (0.0000),sobrevoando (0.0000),brasilidade (0.0000),boêmia (0.0000),adicionam (0.0000)
10339,oferecido (0.0000),consequências (0.0000),torrentes (0.0000),boêmio (0.0000),adicionar (0.0000)
10340,parentesco (0.0000),conserta (0.0000),torres (0.0000),corretora (0.0000),xikxine (0.0000)
10341,venda (0.0000),consertado (0.0000),torresmo (0.0000),braba (0.0000),adicionavam (0.0000)
10342,oficial (0.0000),consertados (0.0000),brejos (0.0000),arnaldo (0.0000),adjetivo (0.0000)
10343,venceram (0.0000),consertam (0.0000),tornem (0.0000),armário (0.0000),administradora (0.0000)
10344,vencer (0.0000),sobrevoam (0.0000),brevemente (0.0000),corretos (0.0000),xavante (0.0000)
10345,offline (0.0000),sobrevoa (0.0000),breves (0.0000),coloração (0.0000),admiradas (0.0000)
10346,ofereço (0.0000),acariciaram (0.0000),briga (0.0000),caí (0.0000),xex (0.0000)
10347,antiquado (0.0000),sobretudo (0.0000),brigadeiro (0.0000),corridas (0.0000),admirando (0.0000)
10348,antiquários (0.0000),zézinho (0.0000),brigadeiros (0.0000),corrido (0.0000),xenofobia (0.0000)
10349,antirracismo (0.0000),tupinambá (0.0000),torneiro (0.0000),corridos (0.0000),admiro (0.0000)
10350,antirracistas (0.0000),acalmava (0.0000),brigas (0.0000),corrige (0.0000),admita (0.0000)
10351,antissocial (0.0000),arranjo (0.0000),brigue (0.0000),coloquialismo (0.0000),admitir (0.0000)
10352,antropológicos (0.0000),arrasadoras (0.0000),tornei (0.0000),armação (0.0000),admito (0.0000)
10353,oferendas (0.0000),acalmaram (0.0000),tornaram (0.0000),armazém (0.0000),adocicada (0.0000)
10354,vencedores (0.0000),sobrepostas (0.0000),brilharam (0.0000),braceletes (0.0000),xe (0.0000)
10355,anula (0.0000),sobreposição (0.0000),tornam (0.0000),cortei (0.0000),adoecerem (0.0000)
10356,anule (0.0000),atlas (0.0000),tornado (0.0000),coloquem (0.0000),adolescente (0.0000)
10357,anuncia (0.0000),sobrenomes (0.0000),tormenta (0.0000),coloniais (0.0000),xavantes (0.0000)
10358,anzol (0.0000),consiste (0.0000),torcidas (0.0000),araribóia (0.0000),afagar (0.0000)
10359,vemos (0.0000),considerações (0.0000),tortuoso (0.0000),arcaico (0.0000),wapichana (0.0000)
10360,anônima (0.0000),acalmando (0.0000),tortuosos (0.0000),brasas (0.0000),agroindústria (0.0000)
10361,anônimo (0.0000),zés (0.0000),torço (0.0000),braseiro (0.0000),agosto (0.0000)
10362,anônimos (0.0000),consistia (0.0000),box (0.0000),araí (0.0000),agarrar (0.0000)
10363,velórios (0.0000),sobrenome (0.0000),trabalhadoras (0.0000),araçá (0.0000),agarro (0.0000)
10364,oferenda (0.0000),consola (0.0000),trabalhadora (0.0000),araxá (0.0000),agenda (0.0000)
10365,apagados (0.0000),consolar (0.0000),borrão (0.0000),araucários (0.0000),agente (0.0000)
10366,oferecidos (0.0000),ativistas (0.0000),bossa (0.0000),araucária (0.0000),agir (0.0000)
10367,apagando (0.0000),consome (0.0000),bota (0.0000),aratu (0.0000),agitadas (0.0000)
10368,anterior (0.0000),sobreposto (0.0000),botar (0.0000),araribá (0.0000),vovó (0.0000)
10369,vendavais (0.0000),tupi (0.0000),boteco (0.0000),argiloso (0.0000),agitados (0.0000)
10370,antepassadas (0.0000),acariciam (0.0000),botequim (0.0000),ararei (0.0000),agitavam (0.0000)
10371,anoitecer (0.0000),acarajés (0.0000),botina (0.0000),araras (0.0000),aglomerado (0.0000)
10372,venta (0.0000),tufos (0.0000),totêmicos (0.0000),araracanga (0.0000),aglomerações (0.0000)
10373,animam (0.0000),acariciado (0.0000),botucatu (0.0000),araquém (0.0000),agogô (0.0000)
10374,venho (0.0000),conservação (0.0000),botânica (0.0000),araponga (0.0000),voto (0.0000)
10375,animava (0.0000),conserve (0.0000),botão (0.0000),arapiá (0.0000),agrada (0.0000)
10376,venenosa (0.0000),zyan (0.0000),botões (0.0000),colonizadora (0.0000),agarradinho (0.0000)
10377,animes (0.0000),tuju (0.0000),boxeadoras (0.0000),costurado (0.0000),agradam (0.0000)
10378,aninha (0.0000),acaricaram (0.0000),branquitude (0.0000),arapiraca (0.0000),agradar (0.0000)
10379,aninham (0.0000),arranjar (0.0000),boêmia (0.0000),colonizadores (0.0000),agradecem (0.0000)
10380,anitta (0.0000),tukano (0.0000),boêmio (0.0000),arcoverde (0.0000),agradecemos (0.0000)
10381,aniversário (0.0000),acalmo (0.0000),boêmios (0.0000),costela (0.0000),agradecendo (0.0000)
10382,ankara (0.0000),considerada (0.0000),braba (0.0000),colonizaram (0.0000),vorazes (0.0000)
10383,vender (0.0000),acanhado (0.0000),brahma (0.0000),brandos (0.0000),agradeceremos (0.0000)
10384,anomalia (0.0000),sobressai (0.0000),braids (0.0000),argamassa (0.0000),agradáveis (0.0000)
10385,antenada (0.0000),acampar (0.0000),total (0.0000),cortês (0.0000),agressividade (0.0000)
10386,vendedoras (0.0000),tupa (0.0000),tostado (0.0000),coruja (0.0000),agressivos (0.0000)
10387,anota (0.0000),zélia (0.0000),toscos (0.0000),arestas (0.0000),agressões (0.0000)
10388,anotava (0.0000),sobrepõe (0.0000),brancura (0.0000),ares (0.0000),vontades (0.0000)
10389,vendedora (0.0000),sobrepostos (0.0000),brandas (0.0000),cosmogonia (0.0000),volátil (0.0000)
10390,anseiam (0.0000),coletivo (0.0000),brando (0.0000),arenoso (0.0000),agarrando (0.0000)
10391,paresi (0.0000),surfe (0.0000),brandos (0.0000),cosmopolita (0.0000),agachada (0.0000)
10392,vende (0.0000),afastado (0.0000),branquinha (0.0000),cosmopolitas (0.0000),afastados (0.0000)
10393,anta (0.0000),tia (0.0000),torcida (0.0000),cosmos (0.0000),afetivo (0.0000)
10394,antebraços (0.0000),aplicações (0.0000),brincado (0.0000),cosmovisão (0.0000),afastam (0.0000)
10395,antecede (0.0000),ambígua (0.0000),bíblia (0.0000),cosméticos (0.0000),afastando (0.0000)
10396,vendaval (0.0000),vanguarda (0.0000),burocrática (0.0000),areião (0.0000),afastar (0.0000)
10397,antecipação (0.0000),apodrecendo (0.0000),tomava (0.0000),branquinha (0.0000),afaste (0.0000)
10398,agulhas (0.0000),vestidinho (0.0000),buscado (0.0000),ardida (0.0000),afastei (0.0000)
10399,vizinho (0.0000),apoiado (0.0000),tomavam (0.0000),branquitude (0.0000),afastemos (0.0000)
10400,vizinhos (0.0000),vampiro (0.0000),burro (0.0000),costeira (0.0000),afeito (0.0000)
10401,acertar (0.0000),cantados (0.0000),burra (0.0000),ardia (0.0000),afeição (0.0000)
10402,acastanhado (0.0000),cantam (0.0000),burocrático (0.0000),aprimorando (0.0000),afetando (0.0000)
10403,ostente (0.0000),cantamos (0.0000),burocracia (0.0000),apresso (0.0000),afetar (0.0000)
10404,ostentar (0.0000),vestimentas (0.0000),brincalhona (0.0000),apressava (0.0000),afetação (0.0000)
10405,aceitarem (0.0000),cantando (0.0000),tombo (0.0000),cruzasse (0.0000),vívido (0.0000)
10406,àquelas (0.0000),cantaram (0.0000),burburinho (0.0000),bueno (0.0000),vívida (0.0000)
10407,aceite (0.0000),transformada (0.0000),bumbá (0.0000),apertava (0.0000),vírgulas (0.0000)
10408,ostentada (0.0000),cantaremos (0.0000),bule (0.0000),cruzando (0.0000),afrouxa (0.0000)
10409,zênite (0.0000),cantarolando (0.0000),bueno (0.0000),cruzaram (0.0000),afetuosa (0.0000)
10410,acelerada (0.0000),cantarolar (0.0000),budista (0.0000),colarinho (0.0000),vídeo (0.0000)
10411,acenaram (0.0000),vestiram (0.0000),tomates (0.0000),bumbá (0.0000),afiando (0.0000)
10412,acende (0.0000),cantarolava (0.0000),tomate (0.0000),apertar (0.0000),aficionada (0.0000)
10413,pankararu (0.0000),transfeminicídio (0.0000),buscas (0.0000),buraco (0.0000),afinadinho (0.0000)
10414,ostensivas (0.0000),ameaça (0.0000),buscasse (0.0000),colaram (0.0000),afinco (0.0000)
10415,zê (0.0000),cantadas (0.0000),buscava (0.0000),cruzava (0.0000),afirmava (0.0000)
10416,acendia (0.0000),terroso (0.0000),buscavam (0.0000),apegado (0.0000),afluentes (0.0000)
10417,pankararé (0.0000),canjica (0.0000),busque (0.0000),buriti (0.0000),afogada (0.0000)
10418,ossuda (0.0000),canjicas (0.0000),busquei (0.0000),cruzeiro (0.0000),afogando (0.0000)
10419,acento (0.0000),terços (0.0000),tomando (0.0000),cruéis (0.0000),válvulas (0.0000)
10420,acentos (0.0000),canoa (0.0000),buzinando (0.0000),aperfeiçoar (0.0000),válida (0.0000)
10421,acentuada (0.0000),ameaçado (0.0000),tomamos (0.0000),crédito (0.0000),vulnerabilidades (0.0000)
10422,acentuadas (0.0000),bolsas (0.0000),tomam (0.0000),burocrática (0.0000),utilizar (0.0000)
10423,acentuados (0.0000),canoas (0.0000),bálsamo (0.0000),burocrático (0.0000),assusta (0.0000)
10424,acentuam (0.0000),terço (0.0000),básica (0.0000),burra (0.0000),teias (0.0000)
10425,zés (0.0000),ameaçadas (0.0000),básicas (0.0000),apego (0.0000),cartunescos (0.0000)
10426,zélia (0.0000),cantada (0.0000),básico (0.0000),colava (0.0000),capa (0.0000)
10427,acentuação (0.0000),territórios (0.0000),tomado (0.0000),aperte (0.0000),tonta (0.0000)
10428,acerola (0.0000),transcorria (0.0000),bucólico (0.0000),apetite (0.0000),toninho (0.0000)
10429,ostentoso (0.0000),ameaçada (0.0000),bucólicas (0.0000),apimentada (0.0000),capas (0.0000)
10430,àqueles (0.0000),aplicação (0.0000),bucólica (0.0000),apoiado (0.0000),tonalidades (0.0000)
10431,pandeiro (0.0000),cansava (0.0000),bronzear (0.0000),cristianismo (0.0000),capelinha (0.0000)
10432,álcool (0.0000),territorial (0.0000),brincam (0.0000),cristã (0.0000),capilar (0.0000)
10433,palácio (0.0000),cansei (0.0000),torcedor (0.0000),apodrecendo (0.0000),capins (0.0000)
10434,academicamente (0.0000),canta (0.0000),toquei (0.0000),cristão (0.0000),capitais (0.0000)
10435,acadêmica (0.0000),cantava (0.0000),brinquedos (0.0000),aplique (0.0000),capixabo (0.0000)
10436,acadêmicas (0.0000),cantavam (0.0000),brinquei (0.0000),cristãs (0.0000),capororoca (0.0000)
10437,acalanto (0.0000),canteiro (0.0000),tonto (0.0000),aplicações (0.0000),caprichado (0.0000)
10438,acalenta (0.0000),terninho (0.0000),brisas (0.0000),aplicação (0.0000),capricho (0.0000)
10439,acalentam (0.0000),terreiro (0.0000),broche (0.0000),crocante (0.0000),caprichos (0.0000)
10440,acalentar (0.0000),terraço (0.0000),broches (0.0000),aplicativos (0.0000),caprichosa (0.0000)
10441,outrora (0.0000),capacitismo (0.0000),bromélia (0.0000),aplicativo (0.0000),caprichosas (0.0000)
10442,palácios (0.0000),amassarão (0.0000),tonta (0.0000),aplicar (0.0000),capta (0.0000)
10443,pampa (0.0000),amassaram (0.0000),toninho (0.0000),aplicam (0.0000),captam (0.0000)
10444,acalmando (0.0000),transformam (0.0000),tonhão (0.0000),aplicadas (0.0000),captando (0.0000)
10445,acalmaram (0.0000),amassar (0.0000),tonalidades (0.0000),aplicada (0.0000),captar (0.0000)
10446,ácidas (0.0000),amassam (0.0000),bronzeara (0.0000),aplica (0.0000),captavam (0.0000)
10447,acalmava (0.0000),terna (0.0000),buchada (0.0000),crucial (0.0000),capturada (0.0000)
10448,acaloradas (0.0000),amassavam (0.0000),bronzeava (0.0000),apimentado (0.0000),capturadas (0.0000)
10449,acalorados (0.0000),amassado (0.0000),tomei (0.0000),apegam (0.0000),tomavam (0.0000)
10450,ousar (0.0000),vibrantemente (0.0000),brotava (0.0000),apegada (0.0000),capuz (0.0000)
10451,acanhado (0.0000),capela (0.0000),brotavam (0.0000),cravejados (0.0000),tomate (0.0000)
10452,acanhamento (0.0000),amarro (0.0000),brotei (0.0000),buscavam (0.0000),tomaram (0.0000)
10453,acarajés (0.0000),capilar (0.0000),brotou (0.0000),coexistindo (0.0000),caracteres (0.0000)
10454,pampas (0.0000),terminologia (0.0000),brusca (0.0000),buscava (0.0000),tomam (0.0000)
10455,águia (0.0000),capins (0.0000),brusco (0.0000),coexistem (0.0000),tonto (0.0000)
10456,acariciado (0.0000),amarrados (0.0000),tombos (0.0000),apaixono (0.0000),canícula (0.0000)
10457,pan (0.0000),transformados (0.0000),brutal (0.0000),cuidamos (0.0000),topete (0.0000)
10458,pancadas (0.0000),amavam (0.0000),brutalidade (0.0000),apaixonei (0.0000),cansei (0.0000)
10459,acertam (0.0000),canteiros (0.0000),bruto (0.0000),apaixonarem (0.0000),canga (0.0000)
10460,acertem (0.0000),cantou (0.0000),brás (0.0000),coerente (0.0000),cangaceiros (0.0000)
10461,acabei (0.0000),territoriais (0.0000),buarque (0.0000),coentro (0.0000),cangaço (0.0000)
10462,acesa (0.0000),terrestre (0.0000),caminhão (0.0000),cuidavam (0.0000),caninha (0.0000)
10463,zenaide (0.0000),transformado (0.0000),teresina (0.0000),colada (0.0000),canivete (0.0000)
10464,zelo (0.0000),vesto (0.0000),tereré (0.0000),codó (0.0000),canjica (0.0000)
10465,acolhedoras (0.0000),cantoras (0.0000),caseiro (0.0000),busque (0.0000),canjicas (0.0000)
10466,acolhedores (0.0000),ambientalistas (0.0000),castelo (0.0000),apaixonados (0.0000),canoa (0.0000)
10467,zaí (0.0000),veículos (0.0000),tapiz (0.0000),busquei (0.0000),canoas (0.0000)
10468,acolhendo (0.0000),terreiros (0.0000),taque (0.0000),apaixonad (0.0000),cansa (0.0000)
10469,ornavam (0.0000),valorizavam (0.0000),casou (0.0000),apagá (0.0000),tornem (0.0000)
10470,acolherá (0.0000),canícula (0.0000),casinha (0.0000),butiá (0.0000),torneiro (0.0000)
10471,zazá (0.0000),amazônida (0.0000),tatuada (0.0000),apague (0.0000),tornei (0.0000)
10472,acolhia (0.0000),amazônicos (0.0000),caseiras (0.0000),buzinando (0.0000),tornavam (0.0000)
10473,ornamentos (0.0000),valorizados (0.0000),catingueiras (0.0000),cuidadosas (0.0000),canvas (0.0000)
10474,acolhidas (0.0000),amazônicas (0.0000),casei (0.0000),apanha (0.0000),tornarem (0.0000)
10475,acolhido (0.0000),transformador (0.0000),cascudo (0.0000),coexistir (0.0000),cantadores (0.0000)
10476,acolhidos (0.0000),apontando (0.0000),casco (0.0000),apanhou (0.0000),cantados (0.0000)
10477,zaya (0.0000),viam (0.0000),tatuadora (0.0000),coitada (0.0000),tornaram (0.0000)
10478,acolho (0.0000),vibra (0.0000),tava (0.0000),crônicas (0.0000),cantaremos (0.0000)
10479,zarabatana (0.0000),ameaçador (0.0000),cascalho (0.0000),cubo (0.0000),cantarolando (0.0000)
10480,acomodada (0.0000),caninha (0.0000),castelos (0.0000),coisinhas (0.0000),cantarolar (0.0000)
10481,acomodar (0.0000),terêna (0.0000),tapiocas (0.0000),buscado (0.0000),cantavam (0.0000)
10482,acomodem (0.0000),amigáveis (0.0000),castigador (0.0000),cogumelos (0.0000),canteiro (0.0000)
10483,zami (0.0000),versus (0.0000),castigadora (0.0000),cuiabana (0.0000),cantiga (0.0000)
10484,zaira (0.0000),versáteis (0.0000),castigam (0.0000),aparento (0.0000),torcida (0.0000)
10485,zague (0.0000),cambaio (0.0000),castigando (0.0000),cuiabanos (0.0000),cantores (0.0000)
10486,acompanhados (0.0000),versátil (0.0000),castigava (0.0000),aparentava (0.0000),torcendo (0.0000)
10487,ornamento (0.0000),apito (0.0000),castigou (0.0000),aparentasse (0.0000),caracterizavam (0.0000)
10488,ornamentação (0.0000),bonomia (0.0000),casuais (0.0000),aparentar (0.0000),tomado (0.0000)
10489,panorama (0.0000),camila (0.0000),tapioca (0.0000),aparentam (0.0000),toka (0.0000)
10490,orquídea (0.0000),caminha (0.0000),casualmente (0.0000),buscas (0.0000),carregará (0.0000)
10491,zero (0.0000),amigx (0.0000),catarinense (0.0000),buscasse (0.0000),tiras (0.0000)
10492,zezinho (0.0000),amolece (0.0000),catarinenses (0.0000),cogumelo (0.0000),tiramos (0.0000)
10493,zora (0.0000),caminham (0.0000),categoria (0.0000),apareceram (0.0000),tirado (0.0000)
10494,zumbido (0.0000),transbordando (0.0000),tantão (0.0000),cuidadora (0.0000),tiradentes (0.0000)
10495,acessar (0.0000),testemunhei (0.0000),categorizar (0.0000),aparar (0.0000),tiradas (0.0000)
10496,acesso (0.0000),caminharam (0.0000),tantinho (0.0000),cristalizar (0.0000),tiracolo (0.0000)
10497,osso (0.0000),vertebral (0.0000),tche (0.0000),budista (0.0000),tique (0.0000)
10498,acessível (0.0000),verá (0.0000),casarões (0.0000),bucólico (0.0000),tipicamente (0.0000)
10499,zumbi (0.0000),bonitinha (0.0000),casarão (0.0000),crescidas (0.0000),tio (0.0000)
10500,zu (0.0000),aplica (0.0000),carrinhos (0.0000),aprendo (0.0000),tinturas (0.0000)
10501,zoraide (0.0000),versos (0.0000),teimando (0.0000),coletivo (0.0000),carregarem (0.0000)
10502,achadas (0.0000),apimentado (0.0000),teimam (0.0000),crescemos (0.0000),carregaria (0.0000)
10503,ossinhos (0.0000),testemunhavam (0.0000),carregariam (0.0000),aprendiz (0.0000),tintura (0.0000)
10504,zoraia (0.0000),apetite (0.0000),tecê (0.0000),aprendidos (0.0000),tinto (0.0000)
10505,achando (0.0000),apertos (0.0000),carregassem (0.0000),aprendia (0.0000),carpintaria (0.0000)
10506,acharem (0.0000),ampara (0.0000),tecnobrega (0.0000),crescera (0.0000),carregassem (0.0000)
10507,orvalho (0.0000),amorzinho (0.0000),tecnicamente (0.0000),cresceram (0.0000),tintas (0.0000)
10508,zoológico (0.0000),calçadão (0.0000),teclas (0.0000),cresciam (0.0000),tinindo (0.0000)
10509,achava (0.0000),teço (0.0000),teclado (0.0000),crescidos (0.0000),tingiu (0.0000)
10510,oscila (0.0000),tez (0.0000),tecelendo (0.0000),apoiando (0.0000),tingirá (0.0000)
10511,orçamento (0.0000),bonés (0.0000),carreira (0.0000),coletivas (0.0000),tingir (0.0000)
10512,achou (0.0000),vapor (0.0000),carreta (0.0000),aprendera (0.0000),tingindo (0.0000)
10513,acidentados (0.0000),amores (0.0000),carreteiro (0.0000),coletiva (0.0000),carreguem (0.0000)
10514,zines (0.0000),amolecido (0.0000),carrinho (0.0000),coletas (0.0000),carreta (0.0000)
10515,zilda (0.0000),calção (0.0000),carroça (0.0000),coletar (0.0000),carreteiro (0.0000)
10516,zigue (0.0000),texto (0.0000),casar (0.0000),brotei (0.0000),tingimentos (0.0000)
10517,acinzentada (0.0000),camada (0.0000),carteira (0.0000),coletados (0.0000),tingimento (0.0000)
10518,acinzentadas (0.0000),texe (0.0000),cartilagem (0.0000),brotou (0.0000),carteira (0.0000)
10519,zigomáticos (0.0000),bonzinho (0.0000),cartunescos (0.0000),coletado (0.0000),tirem (0.0000)
10520,acabou (0.0000),apimentada (0.0000),cartão (0.0000),coleto (0.0000),caroço (0.0000)
10521,acabaram (0.0000),camaleão (0.0000),caruaru (0.0000),apresentadas (0.0000),tocou (0.0000)
10522,ornamentais (0.0000),amontoava (0.0000),caruru (0.0000),apresentados (0.0000),tocado (0.0000)
10523,abaulado (0.0000),caminhavam (0.0000),carvalho (0.0000),apresentam (0.0000),caramujo (0.0000)
10524,90 (0.0000),vestem (0.0000),tecelas (0.0000),cravejando (0.0000),caranguejo (0.0000)
10525,íntegra (0.0000),tesoura (0.0000),teatro (0.0000),colhemos (0.0000),carauá (0.0000)
10526,paleta (0.0000),caneca (0.0000),tchê (0.0000),apressados (0.0000),carcará (0.0000)
10527,abadá (0.0000),aplicadas (0.0000),casacos (0.0000),brinquei (0.0000),cardigan (0.0000)
10528,abafada (0.0000),canal (0.0000),casal (0.0000),apressada (0.0000),cardigã (0.0000)
10529,paletó (0.0000),canalizar (0.0000),casamento (0.0000),cremoso (0.0000),cardumes (0.0000)
10530,íngremes (0.0000),ameaças (0.0000),casamentos (0.0000),crendices (0.0000),cardíaco (0.0000)
10531,abafando (0.0000),bomba (0.0000),tanque (0.0000),colheiam (0.0000),careca (0.0000)
10532,abafar (0.0000),candomblé (0.0000),catita (0.0000),colheam (0.0000),tocavam (0.0000)
10533,abafava (0.0000),candura (0.0000),teimavam (0.0000),coleção (0.0000),tocarem (0.0000)
10534,abaixada (0.0000),ameaçando (0.0000),caídos (0.0000),brisas (0.0000),tocantins (0.0000)
10535,abaixado (0.0000),transcender (0.0000),ce (0.0000),broches (0.0000),carinhosamente (0.0000)
10536,padronagens (0.0000),camuflado (0.0000),caótico (0.0000),crepitantes (0.0000),carinhoso (0.0000)
10537,íngreme (0.0000),tesouras (0.0000),caótica (0.0000),crepitar (0.0000),caroá (0.0000)
10538,abalar (0.0000),ameaçam (0.0000),caíssem (0.0000),apresentasse (0.0000),carinhosos (0.0000)
10539,abale (0.0000),ameaçados (0.0000),sítios (0.0000),crepuscular (0.0000),toalhas (0.0000)
10540,pacote (0.0000),vantagens (0.0000),caíque (0.0000),crepúsculo (0.0000),cariris (0.0000)
10541,abandonada (0.0000),canga (0.0000),caída (0.0000),apresentarei (0.0000),toalha (0.0000)
10542,abandonados (0.0000),ameaçadora (0.0000),cativante (0.0000),bromélia (0.0000),to (0.0000)
10543,abandonam (0.0000),aplicativo (0.0000),sóbria (0.0000),cresça (0.0000),titubear (0.0000)
10544,abandonaremos (0.0000),transcendiam (0.0000),sóbrio (0.0000),cresçam (0.0000),carnaubais (0.0000)
10545,abandonava (0.0000),bombástica (0.0000),caí (0.0000),aprenda (0.0000),tirou (0.0000)
10546,abandonou (0.0000),bonança (0.0000),caçula (0.0000),criavam (0.0000),carnaúbas (0.0000)
10547,abarrotada (0.0000),caminhoneiro (0.0000),sóbrios (0.0000),aposentada (0.0000),carneiro (0.0000)
10548,abastada (0.0000),campanha (0.0000),sólida (0.0000),coleciona (0.0000),carnuda (0.0000)
10549,abastece (0.0000),vestes (0.0000),cearenses (0.0000),criem (0.0000),carol (0.0000)
10550,palidez (0.0000),amianto (0.0000),ceará (0.0000),apontava (0.0000),caros (0.0000)
10551,paga (0.0000),sermos (0.0000),ceceo (0.0000),buarque (0.0000),canetas (0.0000)
10552,87 (0.0000),testemunharam (0.0000),sítio (0.0000),crimes (0.0000),tornozeleiras (0.0000)
10553,80m (0.0000),ametista (0.0000),cecília (0.0000),apontando (0.0000),caneca (0.0000)
10554,3c (0.0000),aplicada (0.0000),cede (0.0000),crina (0.0000),caipora (0.0000)
10555,18 (0.0000),americanos (0.0000),cedendo (0.0000),bucólicas (0.0000),tramas (0.0000)
10556,19 (0.0000),testemunhado (0.0000),cega (0.0000),apontam (0.0000),cafezinhos (0.0000)
10557,úteis (0.0000),testava (0.0000),sílabas (0.0000),crioulo (0.0000),cafona (0.0000)
10558,pairam (0.0000),amei (0.0000),sês (0.0000),apoiou (0.0000),trajos (0.0000)
10559,últimos (0.0000),vestidas (0.0000),celebrado (0.0000),cristal (0.0000),cafés (0.0000)
10560,último (0.0000),transbordavam (0.0000),sérios (0.0000),apoiava (0.0000),trajo (0.0000)
10561,palco (0.0000),campina (0.0000),séries (0.0000),cristalinas (0.0000),caiam (0.0000)
10562,óleos (0.0000),transbordo (0.0000),série (0.0000),cristalinos (0.0000),caimento (0.0000)
10563,34 (0.0000),bondosa (0.0000),sábios (0.0000),apoiaram (0.0000),caingangue (0.0000)
10564,ódio (0.0000),ameixa (0.0000),celebraram (0.0000),cristalizado (0.0000),caio (0.0000)
10565,37 (0.0000),campinho (0.0000),celebrava (0.0000),apoiar (0.0000),trajetórias (0.0000)
10566,óbvios (0.0000),transcendendo (0.0000),sólidas (0.0000),aposentado (0.0000),caipiras (0.0000)
10567,42 (0.0000),vibrar (0.0000),sólido (0.0000),aposentadoria (0.0000),caipirinha (0.0000)
10568,pagamento (0.0000),amarradas (0.0000),sólidos (0.0000),apreciá (0.0000),caique (0.0000)
10569,íntimos (0.0000),terminações (0.0000),talentosas (0.0000),apostar (0.0000),caetano (0.0000)
10570,4b (0.0000),valeu (0.0000),cativavam (0.0000),criadas (0.0000),trajava (0.0000)
10571,4c (0.0000),bico (0.0000),tannicos (0.0000),criados (0.0000),caiu (0.0000)
10572,íntimas (0.0000),carneiro (0.0000),católica (0.0000),criamos (0.0000),trajando (0.0000)
10573,55 (0.0000),carnuda (0.0000),católicas (0.0000),apreciação (0.0000),traiçoeiro (0.0000)
10574,58 (0.0000),transitória (0.0000),católico (0.0000),criancinhas (0.0000),traiçoeira (0.0000)
10575,60m (0.0000),alô (0.0000),católicos (0.0000),brusco (0.0000),caiçara (0.0000)
10576,65 (0.0000),vietnamita (0.0000),tamborim (0.0000),brutal (0.0000),cajado (0.0000)
10577,palcos (0.0000),bichos (0.0000),tamborilam (0.0000),brás (0.0000),trair (0.0000)
10578,74 (0.0000),bicha (0.0000),causados (0.0000),coleta (0.0000),cajueiros (0.0000)
10579,75m (0.0000),caroá (0.0000),causam (0.0000),criativamente (0.0000),cala (0.0000)
10580,78m (0.0000),bifurca (0.0000),causando (0.0000),colegas (0.0000),traia (0.0000)
10581,ínfima (0.0000),temáticas (0.0000),talha (0.0000),apreciadora (0.0000),tragédias (0.0000)
10582,abençoa (0.0000),vietnamitas (0.0000),causas (0.0000),apreciador (0.0000),caladão (0.0000)
10583,outubro (0.0000),carpintaria (0.0000),causou (0.0000),criativos (0.0000),cafeicultores (0.0000)
10584,abençoada (0.0000),carpinteiro (0.0000),tailleur (0.0000),apreciado (0.0000),cae (0.0000)
10585,ávido (0.0000),temática (0.0000),sô (0.0000),colecionar (0.0000),calaremos (0.0000)
10586,abrigando (0.0000),alya (0.0000),cauteloso (0.0000),criatix (0.0000),cachorros (0.0000)
10587,ovelhas (0.0000),alvorecer (0.0000),cava (0.0000),criatura (0.0000),cabras (0.0000)
10588,abrindo (0.0000),tempurá (0.0000),cavado (0.0000),criaturas (0.0000),transfeminino (0.0000)
10589,ovelha (0.0000),bicos (0.0000),caval (0.0000),casarões (0.0000),cacauais (0.0000)
10590,palmeira (0.0000),carnaúbas (0.0000),cavalgada (0.0000),ẽngat (0.0000),cacei (0.0000)
10591,palmeiras (0.0000),temporal (0.0000),cavalgadas (0.0000),dividida (0.0000),cachacinha (0.0000)
10592,absoluta (0.0000),amadas (0.0000),tai (0.0000),puxou (0.0000),transfeminicídio (0.0000)
10593,palmeirense (0.0000),transgressão (0.0000),tagarela (0.0000),puxaram (0.0000),cacheadas (0.0000)
10594,absorve (0.0000),carinhoso (0.0000),taciturno (0.0000),puxado (0.0000),transcorria (0.0000)
10595,áridos (0.0000),carinhosos (0.0000),taciturna (0.0000),puxadas (0.0000),cachimba (0.0000)
10596,absorveu (0.0000),transitam (0.0000),tacada (0.0000),purus (0.0000),cachinhos (0.0000)
10597,palmito (0.0000),validam (0.0000),tacacá (0.0000),purificação (0.0000),transcendendo (0.0000)
10598,absorvia (0.0000),amadeirado (0.0000),tablets (0.0000),pureza (0.0000),cachoeiro (0.0000)
10599,ouviram (0.0000),amadeiradas (0.0000),tablet (0.0000),puramente (0.0000),cachorra (0.0000)
10600,absorvidos (0.0000),binarie (0.0000),teimava (0.0000),pupunha (0.0000),transbordavam (0.0000)
10601,ouvinte (0.0000),transitando (0.0000),teimo (0.0000),punhos (0.0000),tranco (0.0000)
10602,palpáveis (0.0000),carnaúba (0.0000),camomila (0.0000),punho (0.0000),cacica (0.0000)
10603,abstrato (0.0000),transitar (0.0000),cantavam (0.0000),punham (0.0000),cacilda (0.0000)
10604,abstratos (0.0000),cariris (0.0000),cantoras (0.0000),punha (0.0000),cacimba (0.0000)
10605,abundante (0.0000),transitava (0.0000),tendenciosa (0.0000),pulsando (0.0000),caco (0.0000)
10606,abundantemente (0.0000),carismática (0.0000),cantinho (0.0000),pulmõs (0.0000),cacá (0.0000)
10607,palpável (0.0000),carismático (0.0000),tendendo (0.0000),pulam (0.0000),transbordarem (0.0000)
10608,ouvem (0.0000),validado (0.0000),canteiros (0.0000),pudéssemos (0.0000),cadarço (0.0000)
10609,abóboras (0.0000),carnaubais (0.0000),canteiro (0.0000),pudores (0.0000),cadeia (0.0000)
10610,acaba (0.0000),carnaval (0.0000),tendência (0.0000),puxo (0.0000),cadenciadas (0.0000)
10611,acabado (0.0000),temporário (0.0000),capital (0.0000),pyau (0.0000),cadenciados (0.0000)
10612,abreviação (0.0000),apreciação (0.0000),cantarolava (0.0000),proporcionam (0.0000),caderneta (0.0000)
10613,abrem (0.0000),transgressiva (0.0000),cantarolar (0.0000),página (0.0000),trans (0.0000)
10614,ângulo (0.0000),temem (0.0000),cantarolando (0.0000),quarentona (0.0000),tranquilão (0.0000)
10615,oásis (0.0000),besteira (0.0000),tendências (0.0000),qualificadas (0.0000),tragédia (0.0000)
10616,abençoadas (0.0000),temperada (0.0000),cantaram (0.0000),quadrinhos (0.0000),calcanhar (0.0000)
10617,abençoar (0.0000),carreta (0.0000),tensão (0.0000),quadril (0.0000),candura (0.0000)
10618,pacientes (0.0000),valença (0.0000),cantores (0.0000),quadra (0.0000),tortuosos (0.0000)
10619,índigo (0.0000),temido (0.0000),cantoria (0.0000),públicos (0.0000),camarada (0.0000)
10620,palito (0.0000),berrante (0.0000),tendem (0.0000),público (0.0000),totem (0.0000)
10621,ídolo (0.0000),vigilantes (0.0000),canvas (0.0000),públicas (0.0000),cambaio (0.0000)
10622,aboios (0.0000),transmitida (0.0000),tende (0.0000),pôsteres (0.0000),total (0.0000)
10623,aborda (0.0000),carros (0.0000),temáticas (0.0000),pós (0.0000),tostado (0.0000)
10624,abordada (0.0000),temperadas (0.0000),canícula (0.0000),péssimo (0.0000),toscos (0.0000)
10625,abordagem (0.0000),aprendemos (0.0000),caos (0.0000),pérola (0.0000),caminham (0.0000)
10626,ícones (0.0000),vigilância (0.0000),capa (0.0000),pátria (0.0000),caminhando (0.0000)
10627,abordando (0.0000),teme (0.0000),temática (0.0000),pátio (0.0000),toscamente (0.0000)
10628,êsses (0.0000),telhas (0.0000),capacitismo (0.0000),páscoa (0.0000),caminharam (0.0000)
10629,ânimo (0.0000),altivo (0.0000),capas (0.0000),pálido (0.0000),torções (0.0000)
10630,abrange (0.0000),transmitidas (0.0000),tempurá (0.0000),pálida (0.0000),caminhonete (0.0000)
10631,abrangendo (0.0000),cartão (0.0000),capela (0.0000),pudim (0.0000),torço (0.0000)
10632,abrangente (0.0000),alternavam (0.0000),capelinha (0.0000),pudessem (0.0000),tortuoso (0.0000)
10633,abranger (0.0000),alua (0.0000),capilar (0.0000),pude (0.0000),totêmico (0.0000)
10634,ês (0.0000),alugada (0.0000),temporada (0.0000),publicidade (0.0000),torso (0.0000)
10635,abrasadores (0.0000),vietnã (0.0000),tensões (0.0000),proteja (0.0000),camomila (0.0000)
10636,abraçado (0.0000),transmissão (0.0000),tentado (0.0000),protegê (0.0000),campanha (0.0000)
10637,ética (0.0000),tempestuosos (0.0000),tentarei (0.0000),protegidos (0.0000),campeira (0.0000)
10638,abraçaram (0.0000),alvorada (0.0000),candomblé (0.0000),protegido (0.0000),campestres (0.0000)
10639,abraçarem (0.0000),vales (0.0000),terceiro (0.0000),protegida (0.0000),campinas (0.0000)
10640,abraçavam (0.0000),vigia (0.0000),campeira (0.0000),protegeu (0.0000),campineiro (0.0000)
10641,égua (0.0000),vigiando (0.0000),campestres (0.0000),protegerei (0.0000),torresmo (0.0000)
10642,yvy (0.0000),bibliotecas (0.0000),campina (0.0000),protegeram (0.0000),camuflado (0.0000)
10643,yoga (0.0000),carregarem (0.0000),campineiro (0.0000),protegemos (0.0000),camurça (0.0000)
10644,opto (0.0000),transmissora (0.0000),campinho (0.0000),protagonismo (0.0000),torrar (0.0000)
10645,afoito (0.0000),tempestade (0.0000),terceira (0.0000),prosperidade (0.0000),canalizar (0.0000)
10646,orgulhosamente (0.0000),alumínio (0.0000),terapia (0.0000),prosperaram (0.0000),tornozelos (0.0000)
10647,afastemos (0.0000),carregariam (0.0000),teoria (0.0000),propriedades (0.0000),camaleão (0.0000)
10648,afasto (0.0000),carregará (0.0000),camurça (0.0000),propriamente (0.0000),totêmicos (0.0000)
10649,paradigmas (0.0000),temperos (0.0000),cana (0.0000),propositalmente (0.0000),calculadas (0.0000)
10650,orgulhem (0.0000),carregassem (0.0000),canal (0.0000),proporcionou (0.0000),calmante (0.0000)
10651,afeminado (0.0000),transmitam (0.0000),canalizar (0.0000),proporcionavam (0.0000),calculado (0.0000)
10652,afeta (0.0000),temperar (0.0000),canavial (0.0000),protejo (0.0000),calculados (0.0000)
10653,afetando (0.0000),alunas (0.0000),candura (0.0000),protestantismo (0.0000),caldas (0.0000)
10654,afetar (0.0000),temperamentos (0.0000),tentarem (0.0000),protestar (0.0000),traga (0.0000)
10655,orgulhava (0.0000),binarismos (0.0000),caneca (0.0000),prováveis (0.0000),cale (0.0000)
10656,afetivo (0.0000),carinhosas (0.0000),canetas (0.0000),publicações (0.0000),traem (0.0000)
10657,válvulas (0.0000),blusão (0.0000),canga (0.0000),psicodélico (0.0000),tradução (0.0000)
10658,afetuosa (0.0000),vidas (0.0000),cangaceiros (0.0000),próspero (0.0000),traduzindo (0.0000)
10659,válido (0.0000),captavam (0.0000),cangaço (0.0000),prá (0.0000),traduziam (0.0000)
10660,afiando (0.0000),bisnetos (0.0000),caninha (0.0000),proximidades (0.0000),calem (0.0000)
10661,aficionada (0.0000),valorizado (0.0000),canjica (0.0000),provérbios (0.0000),calendário (0.0000)
10662,afiliação (0.0000),amarem (0.0000),canjicas (0.0000),provável (0.0000),caligrafia (0.0000)
10663,orgulham (0.0000),capturada (0.0000),tentei (0.0000),provocava (0.0000),calmamente (0.0000)
10664,válidas (0.0000),amarelas (0.0000),cansados (0.0000),protesto (0.0000),calmos (0.0000)
10665,afinco (0.0000),capturando (0.0000),cansativo (0.0000),provenientes (0.0000),cama (0.0000)
10666,válida (0.0000),vicente (0.0000),cansava (0.0000),proveito (0.0000),tradicionalista (0.0000)
10667,afirmando (0.0000),capuz (0.0000),tentava (0.0000),provei (0.0000),calorenta (0.0000)
10668,afirmava (0.0000),captando (0.0000),cansei (0.0000),provedor (0.0000),tradicionalismo (0.0000)
10669,vulnerável (0.0000),capão (0.0000),capitais (0.0000),provar (0.0000),calorosos (0.0000)
10670,afirmo (0.0000),amarelada (0.0000),capixaba (0.0000),proteções (0.0000),calorão (0.0000)
10671,paradisíaco (0.0000),capítulos (0.0000),teimosas (0.0000),protetores (0.0000),trabalhem (0.0000)
10672,organizações (0.0000),amarela (0.0000),carimbó (0.0000),quarentão (0.0000),calosidade (0.0000)
10673,orgulhosas (0.0000),bisneta (0.0000),temem (0.0000),quarto (0.0000),calosidades (0.0000)
10674,afastar (0.0000),bisavôs (0.0000),temido (0.0000),quartos (0.0000),calosos (0.0000)
10675,paquerador (0.0000),caracteres (0.0000),cariocas (0.0000),rabisco (0.0000),calvície (0.0000)
10676,adquirido (0.0000),terena (0.0000),carioca (0.0000),raiar (0.0000),calçados (0.0000)
10677,adornaram (0.0000),bióloga (0.0000),carinhosos (0.0000),raiadas (0.0000),calçadão (0.0000)
10678,vírgulas (0.0000),captam (0.0000),carinhosas (0.0000),rafia (0.0000),calço (0.0000)
10679,adornm (0.0000),valiosos (0.0000),cargo (0.0000),rafa (0.0000),tingido (0.0000)
10680,vínculo (0.0000),transformando (0.0000),capixabo (0.0000),radicalmente (0.0000),cartão (0.0000)
10681,pantaneiro (0.0000),blusinha (0.0000),carga (0.0000),radicais (0.0000),assustada (0.0000)
10682,adotando (0.0000),transformamos (0.0000),carente (0.0000),racionar (0.0000),caruaru (0.0000)
10683,adotar (0.0000),amarra (0.0000),careca (0.0000),racialmente (0.0000),chamas (0.0000)
10684,adotei (0.0000),capixabo (0.0000),cardíaco (0.0000),racializado (0.0000),chamativa (0.0000)
10685,adotivos (0.0000),capoeira (0.0000),cardumes (0.0000),racializadas (0.0000),chamativas (0.0000)
10686,adoçado (0.0000),apontava (0.0000),cardigã (0.0000),raciais (0.0000),tentamos (0.0000)
10687,orientam (0.0000),capororoca (0.0000),carisma (0.0000),rachavam (0.0000),tentado (0.0000)
10688,adquiri (0.0000),terminava (0.0000),carismático (0.0000),rachar (0.0000),tensões (0.0000)
10689,papos (0.0000),blog (0.0000),carlos (0.0000),rachando (0.0000),tendência (0.0000)
10690,afastam (0.0000),bloco (0.0000),carnaval (0.0000),rachaduras (0.0000),tendendo (0.0000)
10691,orgânicos (0.0000),amaro (0.0000),telhas (0.0000),rachadura (0.0000),tendenciosa (0.0000)
10692,adultos (0.0000),capricho (0.0000),telhado (0.0000),rachados (0.0000),tendem (0.0000)
10693,adunco (0.0000),terminado (0.0000),telha (0.0000),rainha (0.0000),chance (0.0000)
10694,adversas (0.0000),amariam (0.0000),carnuda (0.0000),raiva (0.0000),tende (0.0000)
10695,vêm (0.0000),caprichosa (0.0000),carnudos (0.0000),ralado (0.0000),chapadas (0.0000)
10696,vêem (0.0000),caprichosas (0.0000),carol (0.0000),rapazes (0.0000),chapado (0.0000)
10697,advogado (0.0000),capta (0.0000),caros (0.0000),rarefeito (0.0000),chapadões (0.0000)
10698,afagar (0.0000),aportou (0.0000),televisão (0.0000),raras (0.0000),tempurá (0.0000)
10699,afasta (0.0000),bisavós (0.0000),caroço (0.0000),raps (0.0000),temporário (0.0000)
10700,afastada (0.0000),biquini (0.0000),telefônicas (0.0000),rapina (0.0000),charruas (0.0000)
10701,afastado (0.0000),amadeu (0.0000),carpinteiro (0.0000),rapidez (0.0000),temporal (0.0000)
10702,afastados (0.0000),careca (0.0000),telefone (0.0000),rapazinho (0.0000),temporada (0.0000)
10703,afogando (0.0000),viemos (0.0000),teimox (0.0000),rapaziada (0.0000),chaves (0.0000)
10704,vozes (0.0000),amadureceu (0.0000),cardigan (0.0000),raoni (0.0000),tempestuosos (0.0000)
10705,pantalona (0.0000),carcará (0.0000),temperadas (0.0000),ralar (0.0000),chegada (0.0000)
10706,voto (0.0000),transformo (0.0000),carauá (0.0000),ranhuras (0.0000),chegado (0.0000)
10707,agradecemos (0.0000),amadurecem (0.0000),capturadas (0.0000),rangendo (0.0000),chegados (0.0000)
10708,voltavam (0.0000),cardumes (0.0000),capoeira (0.0000),range (0.0000),tempestuoso (0.0000)
10709,agradeceremos (0.0000),transformou (0.0000),capororoca (0.0000),ramo (0.0000),chegarem (0.0000)
10710,voltas (0.0000),cardíaco (0.0000),caprichada (0.0000),ramen (0.0000),chegou (0.0000)
10711,oração (0.0000),carente (0.0000),caprichado (0.0000),ramalho (0.0000),cheguei (0.0000)
10712,agradável (0.0000),caranguejo (0.0000),capricho (0.0000),ralinho (0.0000),chamariam (0.0000)
10713,agrava (0.0000),carga (0.0000),caprichos (0.0000),rachadinho (0.0000),tentarem (0.0000)
10714,agregava (0.0000),binárie (0.0000),caprichosa (0.0000),rabiscam (0.0000),chamaram (0.0000)
10715,agressividade (0.0000),amado (0.0000),caprichosas (0.0000),quartzo (0.0000),cervejinha (0.0000)
10716,agressivos (0.0000),tentassem (0.0000),tempestuosos (0.0000),rabiscados (0.0000),cerquei (0.0000)
10717,agressões (0.0000),transgredindo (0.0000),captam (0.0000),questionei (0.0000),cerrada (0.0000)
10718,voltaremos (0.0000),tentarem (0.0000),captando (0.0000),questionando (0.0000),terminado (0.0000)
10719,agricultoras (0.0000),tentarei (0.0000),tempestuoso (0.0000),questionamentos (0.0000),teresina (0.0000)
10720,oralmente (0.0000),validação (0.0000),captavam (0.0000),questionam (0.0000),tereré (0.0000)
10721,voar (0.0000),carauá (0.0000),capturada (0.0000),questionados (0.0000),terena (0.0000)
10722,agroindústria (0.0000),binárix (0.0000),capturando (0.0000),questionadora (0.0000),certezas (0.0000)
10723,agronomia (0.0000),terem (0.0000),caranguejo (0.0000),questiona (0.0000),certinha (0.0000)
10724,agropecuário (0.0000),tentou (0.0000),temperos (0.0000),quesito (0.0000),certinho (0.0000)
10725,agrupavam (0.0000),biquinho (0.0000),capuz (0.0000),queixe (0.0000),terem (0.0000)
10726,agrária (0.0000),apostar (0.0000),capão (0.0000),queiram (0.0000),terceira (0.0000)
10727,oral (0.0000),biotipos (0.0000),capítulos (0.0000),queira (0.0000),cervejaria (0.0000)
10728,voa (0.0000),amapaenses (0.0000),tempero (0.0000),queimá (0.0000),cervejas (0.0000)
10729,aguarda (0.0000),amante (0.0000),caracteres (0.0000),queer (0.0000),terapia (0.0000)
10730,aguardava (0.0000),terceiro (0.0000),temperatura (0.0000),quebrou (0.0000),tentassem (0.0000)
10731,aguda (0.0000),amanheceres (0.0000),caracterizava (0.0000),quebrei (0.0000),cerâmicas (0.0000)
10732,viés (0.0000),apreciado (0.0000),caracterizavam (0.0000),quebre (0.0000),cessará (0.0000)
10733,viço (0.0000),apreciador (0.0000),temperar (0.0000),quebradas (0.0000),cestaria (0.0000)
10734,orações (0.0000),biodiversidade (0.0000),temperamentos (0.0000),questionou (0.0000),cestarias (0.0000)
10735,voltei (0.0000),amanhece (0.0000),característicos (0.0000),quiabo (0.0000),cestas (0.0000)
10736,agrade (0.0000),amando (0.0000),caracóis (0.0000),quieta (0.0000),cestinha (0.0000)
10737,organiza (0.0000),caracóis (0.0000),caramujo (0.0000),quipás (0.0000),cesto (0.0000)
10738,vorazes (0.0000),tentem (0.0000),trabalhadores (0.0000),rabiscadas (0.0000),cestos (0.0000)
10739,afrofuturismo (0.0000),bioma (0.0000),bordava (0.0000),química (0.0000),ch (0.0000)
10740,afrouxa (0.0000),caramujo (0.0000),arrepiar (0.0000),quisesse (0.0000),chaleira (0.0000)
10741,voraz (0.0000),amamentou (0.0000),atropelo (0.0000),quiserem (0.0000),tentava (0.0000)
10742,agachada (0.0000),transformei (0.0000),atualizo (0.0000),quis (0.0000),chamamos (0.0000)
10743,agarradas (0.0000),vara (0.0000),trópicos (0.0000),quiquin (0.0000),chamando (0.0000)
10744,agarram (0.0000),aperte (0.0000),atualizado (0.0000),quiquim (0.0000),temperatura (0.0000)
10745,agarrando (0.0000),caruru (0.0000),atualizada (0.0000),quintais (0.0000),temperar (0.0000)
10746,agarravam (0.0000),calosos (0.0000),atual (0.0000),quietudamente (0.0000),temperamentos (0.0000)
10747,volátil (0.0000),vasos (0.0000),atuais (0.0000),quinho (0.0000),tekoa (0.0000)
10748,agenda (0.0000),buscaram (0.0000),atropelando (0.0000),quindim (0.0000),chover (0.0000)
10749,agente (0.0000),buscas (0.0000),atribui (0.0000),quimonos (0.0000),chuan (0.0000)
10750,voluntários (0.0000),veloz (0.0000),atritos (0.0000),quilômetro (0.0000),chumbo (0.0000)
10751,ordinário (0.0000),buscava (0.0000),atribuídos (0.0000),quilombo (0.0000),chunky (0.0000)
10752,voluntário (0.0000),vasilhas (0.0000),atribuídas (0.0000),quilates (0.0000),churrascarias (0.0000)
10753,agitadas (0.0000),veludo (0.0000),atribuí (0.0000),quietão (0.0000),churrasqueira (0.0000)
10754,voluntária (0.0000),velório (0.0000),atributos (0.0000),proporcionava (0.0000),telefônicas (0.0000)
10755,paradoxo (0.0000),buscavam (0.0000),atributo (0.0000),pronúncias (0.0000),tekoha (0.0000)
10756,agitar (0.0000),toquei (0.0000),trégua (0.0000),dividido (0.0000),chuvosa (0.0000)
10757,agitavam (0.0000),antepassadas (0.0000),atuação (0.0000),preservando (0.0000),chuvosas (0.0000)
10758,agito (0.0000),antenada (0.0000),audaciosa (0.0000),preservam (0.0000),chuvoso (0.0000)
10759,aglomerado (0.0000),antecipação (0.0000),audacioso (0.0000),preservados (0.0000),chácara (0.0000)
10760,aglomerações (0.0000),butiá (0.0000),augusto (0.0000),preservado (0.0000),chás (0.0000)
10761,agogô (0.0000),antecederam (0.0000),aula (0.0000),preservadas (0.0000),chês (0.0000)
10762,parafuso (0.0000),antecede (0.0000),aulas (0.0000),preservada (0.0000),chorou (0.0000)
10763,volume (0.0000),velórios (0.0000),aumenta (0.0000),presenteara (0.0000),cicatriza (0.0000)
10764,vítima (0.0000),bya (0.0000),aumentando (0.0000),presenteado (0.0000),cicatrizadas (0.0000)
10765,adornan (0.0000),anta (0.0000),aumentava (0.0000),presenciei (0.0000),cicatrizado (0.0000)
10766,ybyrá (0.0000),torcedor (0.0000),trânsito (0.0000),presenciaram (0.0000),cicatrizados (0.0000)
10767,xex (0.0000),antero (0.0000),tráfego (0.0000),presenciar (0.0000),cicatrizando (0.0000)
10768,acreditarem (0.0000),velocidade (0.0000),austera (0.0000),presenciamos (0.0000),cicatrizaram (0.0000)
10769,acreditariam (0.0000),apareceu (0.0000),truco (0.0000),presenciais (0.0000),cici (0.0000)
10770,xokleng (0.0000),antirracistas (0.0000),autoaceitação (0.0000),prescinde (0.0000),cicinho (0.0000)
10771,xocó (0.0000),brasas (0.0000),trouxa (0.0000),preparou (0.0000),ciclicidade (0.0000)
10772,acrescentando (0.0000),budista (0.0000),autoajuda (0.0000),preparei (0.0000),ciclismo (0.0000)
10773,xix (0.0000),bule (0.0000),atribulada (0.0000),preparação (0.0000),teimo (0.0000)
10774,aculturação (0.0000),bumbá (0.0000),atribuem (0.0000),preparada (0.0000),teimavam (0.0000)
10775,acumula (0.0000),antirracismo (0.0000),trabalhamos (0.0000),preservamos (0.0000),teimando (0.0000)
10776,ornam (0.0000),burburinho (0.0000),turqueza (0.0000),preservasse (0.0000),chove (0.0000)
10777,ornados (0.0000),buriti (0.0000),atleta (0.0000),pronúncia (0.0000),chorando (0.0000)
10778,acumulado (0.0000),tradução (0.0000),atlas (0.0000),preserve (0.0000),temido (0.0000)
10779,acumulados (0.0000),velhinha (0.0000),ativos (0.0000),pretensão (0.0000),chinesa (0.0000)
10780,ornado (0.0000),burocrática (0.0000),turco (0.0000),pretensiosa (0.0000),temem (0.0000)
10781,acumularam (0.0000),velada (0.0000),turismo (0.0000),pretender (0.0000),cheire (0.0000)
10782,acumulavam (0.0000),burra (0.0000),turma (0.0000),pretende (0.0000),teme (0.0000)
10783,acumulou (0.0000),tormenta (0.0000),atitudes (0.0000),prete (0.0000),telhas (0.0000)
10784,ornada (0.0000),velados (0.0000),atraía (0.0000),presume (0.0000),cheirosa (0.0000)
10785,acúmulo (0.0000),torcidas (0.0000),atitude (0.0000),prestativo (0.0000),chi (0.0000)
10786,xique (0.0000),velas (0.0000),atingindo (0.0000),prestar (0.0000),chiado (0.0000)
10787,adaptabilidade (0.0000),velhice (0.0000),atingem (0.0000),presta (0.0000),chiados (0.0000)
10788,xinguana (0.0000),vemos (0.0000),ateu (0.0000),pressões (0.0000),chic (0.0000)
10789,adaptados (0.0000),byá (0.0000),atestando (0.0000),pressione (0.0000),chifre (0.0000)
10790,adaptam (0.0000),bálsamo (0.0000),atestado (0.0000),pressionado (0.0000),telhado (0.0000)
10791,orna (0.0000),varrem (0.0000),atleticano (0.0000),pressionada (0.0000),chimia (0.0000)
10792,xikxine (0.0000),anomalia (0.0000),turbulências (0.0000),presilha (0.0000),china (0.0000)
10793,adaptaram (0.0000),tonhão (0.0000),turbulência (0.0000),preservou (0.0000),chinesas (0.0000)
10794,adaptarmos (0.0000),braids (0.0000),atléticas (0.0000),preservo (0.0000),choques (0.0000)
10795,acreditamos (0.0000),tona (0.0000),atmosfera (0.0000),preservem (0.0000),chineses (0.0000)
10796,acreditam (0.0000),varria (0.0000),atraem (0.0000),preocuparem (0.0000),chino (0.0000)
10797,xucuru (0.0000),tomei (0.0000),atraente (0.0000),preocupado (0.0000),chinês (0.0000)
10798,acorda (0.0000),vencer (0.0000),atrai (0.0000),prenunciando (0.0000),chique (0.0000)
10799,acompanho (0.0000),ankara (0.0000),atraindo (0.0000),prendia (0.0000),telha (0.0000)
10800,yby (0.0000),tombo (0.0000),atrapalha (0.0000),preferida (0.0000),chocalham (0.0000)
10801,ornamentados (0.0000),tragédias (0.0000),atrapalhando (0.0000),preferi (0.0000),chocalho (0.0000)
10802,aconchegantes (0.0000),venceram (0.0000),turbantes (0.0000),preferencialmente (0.0000),chocam (0.0000)
10803,yarã (0.0000),anitta (0.0000),atrapalharem (0.0000),prefeitura (0.0000),chocando (0.0000)
10804,aconselha (0.0000),aninham (0.0000),atravessado (0.0000),preestabelecidos (0.0000),televisão (0.0000)
10805,yaraí (0.0000),cabeças (0.0000),atravessam (0.0000),preenchidos (0.0000),chope (0.0000)
10806,ornamentado (0.0000),aparento (0.0000),atravessaram (0.0000),preenchido (0.0000),chopes (0.0000)
10807,acontecerem (0.0000),cabia (0.0000),tufos (0.0000),preenchidas (0.0000),chopp (0.0000)
10808,aconteceu (0.0000),braceletes (0.0000),autocompaixão (0.0000),preenchem (0.0000),cerque (0.0000)
10809,acontecimento (0.0000),cabocla (0.0000),autoconsciência (0.0000),predominantes (0.0000),cerimônias (0.0000)
10810,acontecimentos (0.0000),trai (0.0000),autocuidado (0.0000),predominantemente (0.0000),cerimônia (0.0000)
10811,acordado (0.0000),vencem (0.0000),aventureiro (0.0000),predominante (0.0000),católicos (0.0000)
10812,acre (0.0000),vence (0.0000),aviso (0.0000),predileção (0.0000),castigadora (0.0000)
10813,acordam (0.0000),aparentando (0.0000),avesso (0.0000),prediletos (0.0000),castigam (0.0000)
10814,acordava (0.0000),básicas (0.0000),trocadas (0.0000),predileta (0.0000),castigando (0.0000)
10815,acordei (0.0000),brando (0.0000),avermelhadas (0.0000),predefinidos (0.0000),castigou (0.0000)
10816,yanomami (0.0000),traem (0.0000),trocando (0.0000),preconceituosos (0.0000),casualidade (0.0000)
10817,xícaras (0.0000),aparentam (0.0000),aventuro (0.0000),preferidas (0.0000),casualmente (0.0000)
10818,xy (0.0000),básicos (0.0000),aventurei (0.0000),preferidos (0.0000),catarinense (0.0000)
10819,acostumadas (0.0000),anseio (0.0000),autodeclare (0.0000),preferimos (0.0000),catarinenses (0.0000)
10820,xxi (0.0000),anseiam (0.0000),aventurava (0.0000),preito (0.0000),categoria (0.0000)
10821,ornamentadas (0.0000),bíblia (0.0000),trocar (0.0000),prenderem (0.0000),catingueira (0.0000)
10822,acostumar (0.0000),bíceps (0.0000),aventurar (0.0000),prendendo (0.0000),catita (0.0000)
10823,xuxu (0.0000),aparentava (0.0000),aventurado (0.0000),prendas (0.0000),cativam (0.0000)
10824,xucurus (0.0000),vencedores (0.0000),avelãs (0.0000),prematuras (0.0000),catálogo (0.0000)
10825,adaptavam (0.0000),búzios (0.0000),aveludado (0.0000),prejudicial (0.0000),teto (0.0000)
10826,adaptações (0.0000),caarapó (0.0000),avoada (0.0000),prejudiciais (0.0000),castigada (0.0000)
10827,vívida (0.0000),tonto (0.0000),avoado (0.0000),prejudica (0.0000),caudalosos (0.0000)
10828,orlas (0.0000),tragédia (0.0000),tristes (0.0000),preguiçosas (0.0000),testemunhei (0.0000)
10829,administrado (0.0000),aparentasse (0.0000),trintão (0.0000),preferências (0.0000),causado (0.0000)
10830,administradora (0.0000),tonta (0.0000),avôs (0.0000),preguiçosa (0.0000),causados (0.0000)
10831,administrativa (0.0000),anotava (0.0000),ax (0.0000),pregos (0.0000),causam (0.0000)
10832,admirada (0.0000),tornaram (0.0000),axé (0.0000),prego (0.0000),causar (0.0000)
10833,original (0.0000),buchada (0.0000),ayan (0.0000),pregas (0.0000),testemunhavam (0.0000)
10834,admirados (0.0000),buarque (0.0000),trilhar (0.0000),pregando (0.0000),causou (0.0000)
10835,xand (0.0000),totem (0.0000),azar (0.0000),prefira (0.0000),cautela (0.0000)
10836,admirava (0.0000),totêmicos (0.0000),azeda (0.0000),preferível (0.0000),cautelosa (0.0000)
10837,originais (0.0000),apaixono (0.0000),azedo (0.0000),pretinho (0.0000),cauteloso (0.0000)
10838,admiro (0.0000),brilhando (0.0000),azeite (0.0000),pretura (0.0000),cava (0.0000)
10839,admita (0.0000),apagavam (0.0000),azeitona (0.0000),pretx (0.0000),caval (0.0000)
10840,xamãs (0.0000),apaixonou (0.0000),trilhados (0.0000),profano (0.0000),castigador (0.0000)
10841,adocicada (0.0000),brilharam (0.0000),trigo (0.0000),projetando (0.0000),thor (0.0000)
10842,xamã (0.0000),totêmico (0.0000),azuladas (0.0000),projetam (0.0000),cavalgadas (0.0000)
10843,adoecerem (0.0000),apagará (0.0000),avelino (0.0000),projetado (0.0000),casco (0.0000)
10844,adolescente (0.0000),brilhoso (0.0000),trocava (0.0000),projeta (0.0000),tingi (0.0000)
10845,xamânicos (0.0000),apague (0.0000),avassaladora (0.0000),progressiva (0.0000),casaco (0.0000)
10846,xale (0.0000),apagando (0.0000),autoria (0.0000),progressista (0.0000),casacos (0.0000)
10847,adoram (0.0000),apagamento (0.0000),autodefinir (0.0000),progredindo (0.0000),casado (0.0000)
10848,adorar (0.0000),tostado (0.0000),autodepreciativo (0.0000),programação (0.0000),casal (0.0000)
10849,wãpi (0.0000),tostada (0.0000),autodepreciação (0.0000),programar (0.0000),casamento (0.0000)
10850,adoração (0.0000),brincado (0.0000),autodescobertas (0.0000),programadora (0.0000),casar (0.0000)
10851,adormecido (0.0000),traduziam (0.0000),autodescobrir (0.0000),programador (0.0000),casarão (0.0000)
10852,workshops (0.0000),brincalhão (0.0000),tropicais (0.0000),profundezas (0.0000),casarões (0.0000)
10853,wapichana (0.0000),brincam (0.0000),autodidata (0.0000),profissionalizada (0.0000),cascalho (0.0000)
10854,vôlei (0.0000),trabalhada (0.0000),autoestima (0.0000),profissionalismo (0.0000),cascas (0.0000)
10855,vívidos (0.0000),apagá (0.0000),automático (0.0000),profissionais (0.0000),cascatas (0.0000)
10856,adjetivos (0.0000),toscamente (0.0000),autora (0.0000),professores (0.0000),cascavel (0.0000)
10857,adjetivo (0.0000),brejo (0.0000),autorais (0.0000),professor (0.0000),cascudo (0.0000)
10858,originou (0.0000),trabalhista (0.0000),autoral (0.0000),projeto (0.0000),castelos (0.0000)
10859,adequam (0.0000),trabalhem (0.0000),autoras (0.0000),prol (0.0000),casei (0.0000)
10860,adapto (0.0000),braçais (0.0000),autores (0.0000),prolonga (0.0000),tilintam (0.0000)
10861,pansexual (0.0000),apaixonados (0.0000),tropeços (0.0000),promovendo (0.0000),caseiras (0.0000)
10862,orixá (0.0000),trabalhamos (0.0000),trocou (0.0000),pronunciavam (0.0000),tijolinho (0.0000)
10863,adega (0.0000),trabalham (0.0000),autoritário (0.0000),pronunciados (0.0000),caseiros (0.0000)
10864,ademilson (0.0000),bravura (0.0000),tropeçando (0.0000),pronunciado (0.0000),caso (0.0000)
10865,xe (0.0000),bravo (0.0000),tropeçam (0.0000),pronunciada (0.0000),casos (0.0000)
10866,oriunda (0.0000),brejos (0.0000),autônomo (0.0000),prontos (0.0000),casou (0.0000)
10867,adentro (0.0000),trabalhadas (0.0000),auxilia (0.0000),prontidão (0.0000),tietê (0.0000)
10868,adequada (0.0000),vegetais (0.0000),tropeiros (0.0000),prontamente (0.0000),castanhas (0.0000)
10869,xavantes (0.0000),breu (0.0000),auxiliar (0.0000),promove (0.0000),tido (0.0000)
10870,xavante (0.0000),bravas (0.0000),avaliam (0.0000),prolongada (0.0000),ti (0.0000)
10871,orinoco (0.0000),vegetal (0.0000),avaliar (0.0000),prometo (0.0000),castelo (0.0000)
10872,originários (0.0000),bravamente (0.0000),avaliava (0.0000),prometiam (0.0000),cavalgada (0.0000)
10873,xandê (0.0000),brava (0.0000),tropeiro (0.0000),prometia (0.0000),cavalos (0.0000)
10874,adere (0.0000),apaixonad (0.0000),avantajada (0.0000),prometendo (0.0000),cereais (0.0000)
10875,adereço (0.0000),brigar (0.0000),avantajados (0.0000),prometem (0.0000),terrestre (0.0000)
10876,aderência (0.0000),toscos (0.0000),avançada (0.0000),prolongamento (0.0000),terrosa (0.0000)
10877,adesivos (0.0000),torções (0.0000),atestada (0.0000),prolongados (0.0000),terror (0.0000)
10878,adeus (0.0000),brás (0.0000),ater (0.0000),proferi (0.0000),territórios (0.0000)
10879,originária (0.0000),brusca (0.0000),turvo (0.0000),produzir (0.0000),celebre (0.0000)
10880,xaréu (0.0000),brotando (0.0000),ufrgs (0.0000),pretão (0.0000),celebremos (0.0000)
10881,xará (0.0000),veja (0.0000),ufg (0.0000),produzindo (0.0000),celeste (0.0000)
10882,adicionais (0.0000),anunciam (0.0000),ufjf (0.0000),prioridades (0.0000),celta (0.0000)
10883,xangô (0.0000),vastos (0.0000),ufmg (0.0000),prioridade (0.0000),celular (0.0000)
10884,xandô (0.0000),traduzida (0.0000),ufmt (0.0000),principais (0.0000),cem (0.0000)
10885,adicionar (0.0000),anule (0.0000),aruá (0.0000),princesas (0.0000),cema (0.0000)
10886,apresentarei (0.0000),brotavam (0.0000),artísticos (0.0000),primorosa (0.0000),cena (0.0000)
10887,varginha (0.0000),brotei (0.0000),ukulele (0.0000),primo (0.0000),centenas (0.0000)
10888,namorado (0.0000),tornarem (0.0000),assenta (0.0000),primeiros (0.0000),territoriais (0.0000)
10889,bico (0.0000),tornavam (0.0000),ultrapassadas (0.0000),primaveras (0.0000),centenário (0.0000)
10890,bifurca (0.0000),brutal (0.0000),artroses (0.0000),primavera (0.0000),celebrados (0.0000)
10891,paulistanas (0.0000),vela (0.0000),ultrapassar (0.0000),preços (0.0000),centenários (0.0000)
10892,trazidas (0.0000),traduzindo (0.0000),umbanda (0.0000),preá (0.0000),centrais (0.0000)
10893,paulistanês (0.0000),vassoura (0.0000),artigo (0.0000),prezo (0.0000),terrenos (0.0000)
10894,binariedade (0.0000),brutalidade (0.0000),artifícios (0.0000),preza (0.0000),terreno (0.0000)
10895,travessão (0.0000),braseiro (0.0000),uberlândia (0.0000),previsão (0.0000),ceramista (0.0000)
10896,binárie (0.0000),apareceram (0.0000),uberaba (0.0000),previstos (0.0000),terraço (0.0000)
10897,travessuras (0.0000),antropológicos (0.0000),ascendência (0.0000),previsibilidade (0.0000),termo (0.0000)
10898,travaram (0.0000),brotam (0.0000),ascendências (0.0000),prevalece (0.0000),cercando (0.0000)
10899,binárix (0.0000),anzol (0.0000),asfaltado (0.0000),priorizando (0.0000),cercanias (0.0000)
10900,travar (0.0000),tortuosos (0.0000),uau (0.0000),priorizar (0.0000),terminologia (0.0000)
10901,biografias (0.0000),anônima (0.0000),asiática (0.0000),privado (0.0000),cercaram (0.0000)
10902,biotipo (0.0000),torso (0.0000),asiáticas (0.0000),procurei (0.0000),terminava (0.0000)
10903,biotipos (0.0000),apagado (0.0000),asiático (0.0000),produzida (0.0000),cercou (0.0000)
10904,travadas (0.0000),brinquei (0.0000),asiáticos (0.0000),produzem (0.0000),celebramos (0.0000)
10905,trava (0.0000),apaga (0.0000),uai (0.0000),produz (0.0000),celebrado (0.0000)
10906,bisavós (0.0000),anônimos (0.0000),aspirado (0.0000),produtos (0.0000),cavernas (0.0000)
10907,tratou (0.0000),anônimo (0.0000),aspirados (0.0000),produtores (0.0000),testemunhado (0.0000)
10908,nervosamente (0.0000),torrenciais (0.0000),assa (0.0000),produtora (0.0000),caxias (0.0000)
10909,pausados (0.0000),bromélia (0.0000),assaré (0.0000),produtivo (0.0000),caça (0.0000)
10910,bisneto (0.0000),torrar (0.0000),típicas (0.0000),procure (0.0000),caçada (0.0000)
10911,bisnetos (0.0000),anápolis (0.0000),asseio (0.0000),privações (0.0000),caçadas (0.0000)
10912,trato (0.0000),tornozelos (0.0000),artificialidades (0.0000),procuram (0.0000),caçador (0.0000)
10913,nerd (0.0000),tornozeleiras (0.0000),articulações (0.0000),processou (0.0000),caçadora (0.0000)
10914,pautada (0.0000),veado (0.0000),articulado (0.0000),problemática (0.0000),caçadores (0.0000)
10915,blog (0.0000),tornou (0.0000),arrumava (0.0000),privilégios (0.0000),caçados (0.0000)
10916,tratamentos (0.0000),vatapá (0.0000),arrepio (0.0000),privilegiar (0.0000),caçamos (0.0000)
10917,traçada (0.0000),bronzeara (0.0000),arretado (0.0000),privilegiando (0.0000),caçando (0.0000)
10918,permita (0.0000),veia (0.0000),arriscado (0.0000),privilegiado (0.0000),caçar (0.0000)
10919,ocupado (0.0000),tornem (0.0000),arriscar (0.0000),rasgo (0.0000),caçava (0.0000)
10920,bicha (0.0000),traia (0.0000),arrisco (0.0000),rasgou (0.0000),caço (0.0000)
10921,beiras (0.0000),varre (0.0000),arrogância (0.0000),raspar (0.0000),testava (0.0000)
10922,beiços (0.0000),venceu (0.0000),arrojado (0.0000),representada (0.0000),terço (0.0000)
10923,bel (0.0000),calaremos (0.0000),unindo (0.0000),repreendeu (0.0000),caída (0.0000)
10924,trepadeira (0.0000),anciãos (0.0000),arrozales (0.0000),repreender (0.0000),caídos (0.0000)
10925,belas (0.0000),caladas (0.0000),arruda (0.0000),repreendendo (0.0000),caírem (0.0000)
10926,tremule (0.0000),anciã (0.0000),arruma (0.0000),repousando (0.0000),caíssem (0.0000)
10927,treme (0.0000),tingir (0.0000),arrumada (0.0000),repousam (0.0000),caótica (0.0000)
10928,belos (0.0000),caladão (0.0000),arrumado (0.0000),replicar (0.0000),caótico (0.0000)
10929,trem (0.0000),calar (0.0000),arrumar (0.0000),repletos (0.0000),ce (0.0000)
10930,belíssimas (0.0000),ancestralidades (0.0000),arrumo (0.0000),repicado (0.0000),testando (0.0000)
10931,belíssimos (0.0000),calarei (0.0000),articuladas (0.0000),repetir (0.0000),testada (0.0000)
10932,trecho (0.0000),venho (0.0000),uniformes (0.0000),repetindo (0.0000),ceceo (0.0000)
10933,traía (0.0000),anciãs (0.0000),unidos (0.0000),repetidamente (0.0000),cedendo (0.0000)
10934,benfazeja (0.0000),venta (0.0000),unido (0.0000),repetida (0.0000),tesoura (0.0000)
10935,bengala (0.0000),trama (0.0000),unidimensional (0.0000),repentinas (0.0000),terêna (0.0000)
10936,bens (0.0000),calculada (0.0000),unidas (0.0000),repensar (0.0000),cabral (0.0000)
10937,traçavam (0.0000),venço (0.0000),unicamente (0.0000),repelir (0.0000),transformada (0.0000)
10938,bené (0.0000),calculadas (0.0000),unia (0.0000),repassados (0.0000),caboclo (0.0000)
10939,benê (0.0000),anasalada (0.0000),unha (0.0000),repassadas (0.0000),cabocla (0.0000)
10940,neutralidade (0.0000),verbal (0.0000),artesianos (0.0000),represa (0.0000),bagagem (0.0000)
10941,berinjela (0.0000),analisam (0.0000),undercut (0.0000),representado (0.0000),bagunceiro (0.0000)
10942,berrante (0.0000),cala (0.0000),artesãos (0.0000),raspava (0.0000),bagunçada (0.0000)
10943,patriarcal (0.0000),bordam (0.0000),articula (0.0000),representante (0.0000),bagunçados (0.0000)
10944,bh (0.0000),calculado (0.0000),articulad (0.0000),resende (0.0000),bagunçando (0.0000)
10945,patrimônio (0.0000),tintas (0.0000),umbigo (0.0000),requinte (0.0000),bagunçar (0.0000)
10946,biblioteca (0.0000),varal (0.0000),assemelham (0.0000),repórter (0.0000),bagunçava (0.0000)
10947,patrões (0.0000),caipirinha (0.0000),assentada (0.0000),reprodução (0.0000),bah (0.0000)
10948,pautado (0.0000),caipora (0.0000),atenuado (0.0000),reproduzindo (0.0000),uacari (0.0000)
10949,tratamento (0.0000),bordava (0.0000),assusto (0.0000),reproduzem (0.0000),túnicas (0.0000)
10950,pavimentado (0.0000),cais (0.0000),técnico (0.0000),representá (0.0000),túnica (0.0000)
10951,boatos (0.0000),caiu (0.0000),astrofísica (0.0000),represento (0.0000),tórax (0.0000)
10952,transpirar (0.0000),tio (0.0000),astral (0.0000),represente (0.0000),baianos (0.0000)
10953,negociando (0.0000),venenosa (0.0000),assíduo (0.0000),representavam (0.0000),baianês (0.0000)
10954,bordadeira (0.0000),caixotes (0.0000),assídua (0.0000),representativos (0.0000),bailam (0.0000)
10955,transpassava (0.0000),apertava (0.0000),assustou (0.0000),representativo (0.0000),bainha (0.0000)
10956,transparentes (0.0000),caixão (0.0000),assuste (0.0000),representativas (0.0000),tímida (0.0000)
10957,negociada (0.0000),tinindo (0.0000),assentado (0.0000),representativa (0.0000),baixada (0.0000)
10958,transparente (0.0000),trajo (0.0000),assustar (0.0000),representassem (0.0000),baixas (0.0000)
10959,bordou (0.0000),ancoram (0.0000),assustadora (0.0000),representasse (0.0000),têxtil (0.0000)
10960,boreal (0.0000),tingiu (0.0000),assustada (0.0000),representar (0.0000),têxteis (0.0000)
10961,bororo (0.0000),tingirá (0.0000),tédio (0.0000),reparos (0.0000),tênues (0.0000)
10962,borra (0.0000),trajos (0.0000),assuntos (0.0000),reparação (0.0000),balada (0.0000)
10963,nego (0.0000),ancorado (0.0000),assunto (0.0000),reparar (0.0000),baladas (0.0000)
10964,borrão (0.0000),anahí (0.0000),astuta (0.0000),reparando (0.0000),tênue (0.0000)
10965,transparecendo (0.0000),tingindo (0.0000),astuto (0.0000),remexia (0.0000),têmpora (0.0000)
10966,negligenciada (0.0000),tiracolo (0.0000),atabaques (0.0000),remetiam (0.0000),térreas (0.0000)
10967,transmito (0.0000),calorosas (0.0000),atacados (0.0000),remetam (0.0000),térrea (0.0000)
10968,boteco (0.0000),verduras (0.0000),atadura (0.0000),remendos (0.0000),tédio (0.0000)
10969,botequim (0.0000),apertavam (0.0000),atalaia (0.0000),relíquia (0.0000),badalação (0.0000)
10970,botina (0.0000),tilintam (0.0000),twists (0.0000),reluzindo (0.0000),bacon (0.0000)
10971,transmitiu (0.0000),veredas (0.0000),twist (0.0000),religiões (0.0000),bacia (0.0000)
10972,negativas (0.0000),borbulhante (0.0000),atarracada (0.0000),religiosos (0.0000),ufmt (0.0000)
10973,botânica (0.0000),amplificadas (0.0000),atarracado (0.0000),religiosas (0.0000),ax (0.0000)
10974,botão (0.0000),ampliava (0.0000),ateliê (0.0000),religiosamente (0.0000),ultrapassa (0.0000)
10975,box (0.0000),tietê (0.0000),atemporais (0.0000),relho (0.0000),ukulele (0.0000)
10976,boxeadoras (0.0000),calorosos (0.0000),atende (0.0000),relevo (0.0000),ayelen (0.0000)
10977,boêmia (0.0000),verdura (0.0000),tv (0.0000),relevantes (0.0000),azar (0.0000)
10978,boêmio (0.0000),amplia (0.0000),tutu (0.0000),relembrando (0.0000),azeda (0.0000)
10979,peculiaridade (0.0000),calos (0.0000),turística (0.0000),relembra (0.0000),azedo (0.0000)
10980,transporte (0.0000),borbulhando (0.0000),atenuada (0.0000),releitura (0.0000),azeite (0.0000)
10981,borboleta (0.0000),vermelhidão (0.0000),assumo (0.0000),relaxar (0.0000),azeviche (0.0000)
10982,pechincho (0.0000),vermelhos (0.0000),térrea (0.0000),remo (0.0000),uirapuru (0.0000)
10983,boba (0.0000),calosidade (0.0000),assumir (0.0000),remoto (0.0000),ufrgs (0.0000)
10984,tratados (0.0000),amparam (0.0000),assisti (0.0000),removi (0.0000),azulados (0.0000)
10985,tratado (0.0000),calosinho (0.0000),assentam (0.0000),renomada (0.0000),açafrão (0.0000)
10986,trançá (0.0000),tilintavam (0.0000),assentar (0.0000),repaginado (0.0000),açoita (0.0000)
10987,tranço (0.0000),calmas (0.0000),assentou (0.0000),renunciar (0.0000),uau (0.0000)
10988,pavimentaram (0.0000),tingimentos (0.0000),assertiva (0.0000),renovo (0.0000),açoitavam (0.0000)
10989,bolha (0.0000),verbetes (0.0000),assertivo (0.0000),renovação (0.0000),açoriana (0.0000)
10990,trançei (0.0000),tramas (0.0000),tímidos (0.0000),renovam (0.0000),açude (0.0000)
10991,negrume (0.0000),caldeirão (0.0000),tímida (0.0000),renovada (0.0000),açudes (0.0000)
10992,bolsas (0.0000),bordadeira (0.0000),assimilando (0.0000),renova (0.0000),ação (0.0000)
10993,paysandu (0.0000),tingimento (0.0000),assimétrico (0.0000),rendo (0.0000),uberlândia (0.0000)
10994,trançavam (0.0000),amêndoados (0.0000),assinado (0.0000),removida (0.0000),uberaba (0.0000)
10995,bombacha (0.0000),tingida (0.0000),assinalam (0.0000),rendia (0.0000),uaupés (0.0000)
10996,negociação (0.0000),tingi (0.0000),tênues (0.0000),rendeu (0.0000),aíla (0.0000)
10997,bombástica (0.0000),calejado (0.0000),assis (0.0000),renascimento (0.0000),aíltona (0.0000)
10998,bondosa (0.0000),calem (0.0000),assistente (0.0000),renascidas (0.0000),aĩ (0.0000)
10999,boneca (0.0000),trancinhas (0.0000),assistindo (0.0000),renascendo (0.0000),babar (0.0000)
11000,bonecas (0.0000),verdades (0.0000),assumido (0.0000),renascem (0.0000),babaçu (0.0000)
11001,trançadas (0.0000),amá (0.0000),assistir (0.0000),remédios (0.0000),balanços (0.0000)
11002,bonitas (0.0000),calendário (0.0000),assisto (0.0000),resenha (0.0000),balcão (0.0000)
11003,bonitinha (0.0000),amuletos (0.0000),assobiava (0.0000),reservadas (0.0000),balde (0.0000)
11004,bonitinho (0.0000),verdejante (0.0000),assobio (0.0000),reservados (0.0000),tupinambá (0.0000)
11005,bonitos (0.0000),tinem (0.0000),associa (0.0000),ressaca (0.0000),turbulências (0.0000)
11006,bonomia (0.0000),calmamente (0.0000),associados (0.0000),restava (0.0000),turbulência (0.0000)
11007,transversal (0.0000),calmante (0.0000),associam (0.0000),restam (0.0000),barraca (0.0000)
11008,transportou (0.0000),andando (0.0000),associação (0.0000),resta (0.0000),barracas (0.0000)
11009,beiraria (0.0000),tiradas (0.0000),têmpora (0.0000),ressonância (0.0000),barrada (0.0000)
11010,beirara (0.0000),braba (0.0000),térreas (0.0000),ressonante (0.0000),barragem (0.0000)
11011,tretas (0.0000),anil (0.0000),assombra (0.0000),ressoante (0.0000),barragens (0.0000)
11012,barril (0.0000),todxs (0.0000),assombrar (0.0000),ressoam (0.0000),barrenta (0.0000)
11013,banham (0.0000),boxeadoras (0.0000),assumida (0.0000),ressoa (0.0000),barrentas (0.0000)
11014,banhar (0.0000),box (0.0000),assumidamente (0.0000),ressignifico (0.0000),tupã (0.0000)
11015,banharam (0.0000),vende (0.0000),tricotando (0.0000),ressignificação (0.0000),barriguinha (0.0000)
11016,nodosos (0.0000),traiçoeira (0.0000),azulejos (0.0000),ressignificando (0.0000),barril (0.0000)
11017,patagônia (0.0000),cacica (0.0000),tributo (0.0000),ressignificado (0.0000),tupiniquim (0.0000)
11018,banhos (0.0000),anima (0.0000),benedito (0.0000),ressignificadas (0.0000),barulhentas (0.0000)
11019,banquete (0.0000),cacilda (0.0000),benê (0.0000),ressignifica (0.0000),turco (0.0000)
11020,banquinho (0.0000),cacimbas (0.0000),bené (0.0000),ressequido (0.0000),barulhos (0.0000)
11021,banto (0.0000),cachoeiro (0.0000),benzedeiras (0.0000),ressecado (0.0000),barzinho (0.0000)
11022,nobres (0.0000),tocou (0.0000),bento (0.0000),ressaltar (0.0000),tupa (0.0000)
11023,nobre (0.0000),cacto (0.0000),transbordava (0.0000),restou (0.0000),baseada (0.0000)
11024,barato (0.0000),tocavam (0.0000),benfazeja (0.0000),restringir (0.0000),baseados (0.0000)
11025,troquei (0.0000),cactáceas (0.0000),transbordavam (0.0000),restrita (0.0000),baseie (0.0000)
11026,barbeando (0.0000),angola (0.0000),trampo (0.0000),resumia (0.0000),basicamente (0.0000)
11027,barbear (0.0000),variavam (0.0000),transbordo (0.0000),reticulado (0.0000),tukano (0.0000)
11028,barbeiro (0.0000),tocarem (0.0000),transcendendo (0.0000),retangular (0.0000),bastam (0.0000)
11029,barbosa (0.0000),apegam (0.0000),transcorria (0.0000),reta (0.0000),tuju (0.0000)
11030,bares (0.0000),toka (0.0000),transfeminicídio (0.0000),resumir (0.0000),bastava (0.0000)
11031,nirvana (0.0000),tolerada (0.0000),transfeminina (0.0000),resumindo (0.0000),baste (0.0000)
11032,tropeços (0.0000),angelita (0.0000),belezas (0.0000),resumidas (0.0000),bastão (0.0000)
11033,barracas (0.0000),traindo (0.0000),transbordarem (0.0000),resumida (0.0000),barbosa (0.0000)
11034,barrada (0.0000),boêmios (0.0000),berinjela (0.0000),resultou (0.0000),barbeando (0.0000)
11035,barragem (0.0000),apega (0.0000),berloque (0.0000),restrições (0.0000),baldes (0.0000)
11036,barragens (0.0000),apegada (0.0000),bermudas (0.0000),resultaria (0.0000),turística (0.0000)
11037,tropeço (0.0000),cabras (0.0000),besteira (0.0000),resultantes (0.0000),baleia (0.0000)
11038,tropeçando (0.0000),tomaram (0.0000),bh (0.0000),resultante (0.0000),balé (0.0000)
11039,tropeçam (0.0000),cacauais (0.0000),biblioteca (0.0000),resultando (0.0000),bambolear (0.0000)
11040,pastéis (0.0000),cacei (0.0000),bibliotecas (0.0000),resultam (0.0000),bambu (0.0000)
11041,banhadas (0.0000),vencida (0.0000),bibliotecária (0.0000),resultados (0.0000),banais (0.0000)
11042,banhada (0.0000),vencidas (0.0000),bicha (0.0000),resulta (0.0000),banana (0.0000)
11043,balde (0.0000),cachoeira (0.0000),transbordante (0.0000),ressaltando (0.0000),bananas (0.0000)
11044,tukano (0.0000),cachacinha (0.0000),bichos (0.0000),resposta (0.0000),bananeira (0.0000)
11045,balada (0.0000),tomamos (0.0000),bicicleta (0.0000),reservas (0.0000),técnica (0.0000)
11046,baladas (0.0000),trair (0.0000),bico (0.0000),responsável (0.0000),tácito (0.0000)
11047,balaio (0.0000),tomam (0.0000),bilro (0.0000),resolva (0.0000),tábuas (0.0000)
11048,nomeia (0.0000),tomada (0.0000),tranquilão (0.0000),resisto (0.0000),tv (0.0000)
11049,tuju (0.0000),cachimba (0.0000),tranquilas (0.0000),resistirem (0.0000),turístico (0.0000)
11050,tufos (0.0000),venda (0.0000),transfeminino (0.0000),resistimos (0.0000),banhadas (0.0000)
11051,tucuxi (0.0000),cacho (0.0000),transformada (0.0000),resistido (0.0000),turismo (0.0000)
11052,tucum (0.0000),cadeia (0.0000),bel (0.0000),resistiam (0.0000),banhado (0.0000)
11053,tucano (0.0000),botucatu (0.0000),bebera (0.0000),resistia (0.0000),banham (0.0000)
11054,balanços (0.0000),boreal (0.0000),batiam (0.0000),resignada (0.0000),turvo (0.0000)
11055,balcão (0.0000),borra (0.0000),batidas (0.0000),resido (0.0000),banharam (0.0000)
11056,baldes (0.0000),bossa (0.0000),batido (0.0000),residindo (0.0000),turqueza (0.0000)
11057,tráfego (0.0000),borrão (0.0000),batimento (0.0000),residente (0.0000),banheiro (0.0000)
11058,baleia (0.0000),trajetórias (0.0000),transitam (0.0000),resgato (0.0000),banhos (0.0000)
11059,nomeado (0.0000),vendia (0.0000),batista (0.0000),resgatei (0.0000),turmalina (0.0000)
11060,nomeada (0.0000),andiroba (0.0000),batons (0.0000),resgatar (0.0000),banquete (0.0000)
11061,banais (0.0000),andi (0.0000),baunilha (0.0000),resgata (0.0000),turista (0.0000)
11062,banana (0.0000),andei (0.0000),baía (0.0000),reservou (0.0000),barata (0.0000)
11063,pastoral (0.0000),cafezinhos (0.0000),baú (0.0000),reservo (0.0000),baratinho (0.0000)
11064,bananeira (0.0000),tiras (0.0000),beatriz (0.0000),resolvam (0.0000),barato (0.0000)
11065,banca (0.0000),varginha (0.0000),transita (0.0000),resolvem (0.0000),awa (0.0000)
11066,trégua (0.0000),ande (0.0000),bebemos (0.0000),resolver (0.0000),avôs (0.0000)
11067,bandana (0.0000),tiramos (0.0000),bebendo (0.0000),respeitá (0.0000),ultrapassadas (0.0000)
11068,trânsito (0.0000),andavam (0.0000),transgressão (0.0000),respondi (0.0000),atravessaram (0.0000)
11069,bandeiras (0.0000),bororo (0.0000),beiços (0.0000),responder (0.0000),atleta (0.0000)
11070,nino (0.0000),caiam (0.0000),bebida (0.0000),resplendor (0.0000),atleticano (0.0000)
11071,pataxó (0.0000),vendo (0.0000),bebidas (0.0000),respirava (0.0000),atléticas (0.0000)
11072,beiju (0.0000),andante (0.0000),bebo (0.0000),respirasse (0.0000),usarei (0.0000)
11073,barulhentas (0.0000),caingangue (0.0000),bebê (0.0000),respirarei (0.0000),atmosfera (0.0000)
11074,batidas (0.0000),cafeicultores (0.0000),transgressiva (0.0000),respeitável (0.0000),atos (0.0000)
11075,nhandeva (0.0000),andrê (0.0000),beges (0.0000),respeitosos (0.0000),atraente (0.0000)
11076,batimento (0.0000),anelavam (0.0000),transgredindo (0.0000),resolvesse (0.0000),atrapalhando (0.0000)
11077,batista (0.0000),tocado (0.0000),beijado (0.0000),respeite (0.0000),usamos (0.0000)
11078,tricotando (0.0000),tocando (0.0000),beijar (0.0000),respeitava (0.0000),atrapalharem (0.0000)
11079,batons (0.0000),tocamos (0.0000),beijara (0.0000),respeitaram (0.0000),atravessado (0.0000)
11080,nhanderu (0.0000),variava (0.0000),beijos (0.0000),respeitando (0.0000),atravessando (0.0000)
11081,nhambiquarã (0.0000),cadenciados (0.0000),beijou (0.0000),respeitamos (0.0000),atravessar (0.0000)
11082,baú (0.0000),variará (0.0000),beiras (0.0000),respeitados (0.0000),atravessava (0.0000)
11083,tributo (0.0000),vendedor (0.0000),transformador (0.0000),resolvi (0.0000),usassem (0.0000)
11084,bebe (0.0000),variantes (0.0000),tranco (0.0000),relaxamentos (0.0000),usam (0.0000)
11085,bebemos (0.0000),apelidos (0.0000),binárie (0.0000),relaxamento (0.0000),atribuem (0.0000)
11086,tribos (0.0000),tocada (0.0000),bateu (0.0000),relaxado (0.0000),atribui (0.0000)
11087,beber (0.0000),trajava (0.0000),bondoso (0.0000),recebida (0.0000),uruguai (0.0000)
11088,bebera (0.0000),botequim (0.0000),bonitinho (0.0000),recompensa (0.0000),atribulada (0.0000)
11089,bebia (0.0000),variabilidade (0.0000),bonitinha (0.0000),recomeço (0.0000),atributos (0.0000)
11090,bebida (0.0000),vendedoras (0.0000),bonitas (0.0000),recomendou (0.0000),atribuídas (0.0000)
11091,bebidas (0.0000),to (0.0000),tradicionalismo (0.0000),recolhidos (0.0000),atribuídos (0.0000)
11092,bebo (0.0000),aperfeiçoar (0.0000),bonecas (0.0000),recolhida (0.0000),atritos (0.0000)
11093,bebê (0.0000),vendendo (0.0000),boneca (0.0000),reclame (0.0000),atropelando (0.0000)
11094,nhamandu (0.0000),vender (0.0000),tradicionalista (0.0000),reclamava (0.0000),atropelo (0.0000)
11095,beges (0.0000),titubear (0.0000),trajetórias (0.0000),reclamando (0.0000),urucum (0.0000)
11096,tribal (0.0000),caruaru (0.0000),bonança (0.0000),reclama (0.0000),atual (0.0000)
11097,beijar (0.0000),berloque (0.0000),traduzia (0.0000),recifes (0.0000),ativos (0.0000)
11098,neve (0.0000),afastados (0.0000),bombacha (0.0000),reciclagem (0.0000),use (0.0000)
11099,trevo (0.0000),chapinha (0.0000),bomba (0.0000),reciclada (0.0000),atualizado (0.0000)
11100,beijos (0.0000),agradecemos (0.0000),bolso (0.0000),recheada (0.0000),utilitárias (0.0000)
11101,trilhado (0.0000),utensílio (0.0000),traduzida (0.0000),receptivos (0.0000),assustar (0.0000)
11102,nhe (0.0000),chutava (0.0000),trabalhão (0.0000),recentemente (0.0000),assuste (0.0000)
11103,trilhar (0.0000),sustentaram (0.0000),bonitos (0.0000),receio (0.0000),assídua (0.0000)
11104,trocadas (0.0000),chuvosas (0.0000),bonomia (0.0000),recebo (0.0000),assíduo (0.0000)
11105,barulhento (0.0000),bares (0.0000),bons (0.0000),recompensado (0.0000),astrofísica (0.0000)
11106,troféu (0.0000),sustentando (0.0000),bonzinho (0.0000),recompensadora (0.0000),astronomia (0.0000)
11107,barulhos (0.0000),agradecem (0.0000),trabalhou (0.0000),recompensar (0.0000),astros (0.0000)
11108,trocou (0.0000),agrade (0.0000),bonés (0.0000),reconheça (0.0000),astuta (0.0000)
11109,barítono (0.0000),chás (0.0000),borboleta (0.0000),recordada (0.0000),astuto (0.0000)
11110,trocava (0.0000),agradar (0.0000),borbulhante (0.0000),recorda (0.0000),utilizadas (0.0000)
11111,trocas (0.0000),apê (0.0000),borda (0.0000),recontadas (0.0000),atacados (0.0000)
11112,trocando (0.0000),agosto (0.0000),trabalhosa (0.0000),reconstrói (0.0000),ataque (0.0000)
11113,basicamente (0.0000),barco (0.0000),trabalhista (0.0000),reconstruído (0.0000),ataques (0.0000)
11114,basquete (0.0000),sussurravam (0.0000),trabalhem (0.0000),reconstrução (0.0000),utilidade (0.0000)
11115,trocado (0.0000),agogô (0.0000),trabalhe (0.0000),reconheçam (0.0000),usina (0.0000)
11116,ninar (0.0000),aglomerado (0.0000),bordam (0.0000),reconhecível (0.0000),utensílios (0.0000)
11117,bastava (0.0000),cicatrizadas (0.0000),bordando (0.0000),recompensas (0.0000),atemporais (0.0000)
11118,trilharam (0.0000),cicatrizado (0.0000),trabalharam (0.0000),reconhecido (0.0000),utensílio (0.0000)
11119,baste (0.0000),barraca (0.0000),bolsa (0.0000),reconhecidas (0.0000),usualmente (0.0000)
11120,bastão (0.0000),aproximações (0.0000),bolo (0.0000),reconhecia (0.0000),atenuada (0.0000)
11121,trocada (0.0000),vivíamos (0.0000),bolha (0.0000),reconhecendo (0.0000),atenuado (0.0000)
11122,tristes (0.0000),chover (0.0000),bióloga (0.0000),reconectar (0.0000),usual (0.0000)
11123,nicoletta (0.0000),agregava (0.0000),binárix (0.0000),reconciliar (0.0000),ater (0.0000)
11124,batalhadores (0.0000),barrenta (0.0000),trajando (0.0000),recompõe (0.0000),atestada (0.0000)
11125,batalho (0.0000),barragens (0.0000),biografias (0.0000),recebidos (0.0000),atestado (0.0000)
11126,nico (0.0000),agrava (0.0000),biotipos (0.0000),recebeu (0.0000),ateu (0.0000)
11127,batata (0.0000),chorei (0.0000),biquinho (0.0000),recordações (0.0000),atingem (0.0000)
11128,nica (0.0000),chorou (0.0000),biquini (0.0000),recatadas (0.0000),atitudes (0.0000)
11129,nic (0.0000),aproximasse (0.0000),traiçoeiro (0.0000),realização (0.0000),atualizada (0.0000)
11130,batem (0.0000),barragem (0.0000),traiçoeira (0.0000),realizava (0.0000),atualizados (0.0000)
11131,boêmios (0.0000),chuan (0.0000),bisavô (0.0000),realizando (0.0000),umbigo (0.0000)
11132,transmitidos (0.0000),aproximação (0.0000),bisavôs (0.0000),realizam (0.0000),avança (0.0000)
11133,brahma (0.0000),chumbo (0.0000),biscoito (0.0000),realista (0.0000),autoria (0.0000)
11134,caio (0.0000),agradáveis (0.0000),trair (0.0000),realismo (0.0000),autoridade (0.0000)
11135,pegadas (0.0000),churrascarias (0.0000),traindo (0.0000),realeza (0.0000),autoritário (0.0000)
11136,cactáceas (0.0000),barrada (0.0000),bisnetos (0.0000),reais (0.0000),autossuficiência (0.0000)
11137,cacá (0.0000),sustente (0.0000),black (0.0000),reafirmo (0.0000),unidas (0.0000)
11138,trabalhamos (0.0000),agradeceremos (0.0000),bola (0.0000),reafirmação (0.0000),autônoma (0.0000)
11139,cadarço (0.0000),sustentavam (0.0000),blazer (0.0000),reafirmando (0.0000),autônomo (0.0000)
11140,cadeia (0.0000),churrasqueira (0.0000),bloco (0.0000),razoavelmente (0.0000),auxilia (0.0000)
11141,cadeira (0.0000),barbosa (0.0000),blog (0.0000),rastros (0.0000),auxiliando (0.0000)
11142,pegado (0.0000),cicatrizando (0.0000),traia (0.0000),rasteirinha (0.0000),avalia (0.0000)
11143,cadenciadas (0.0000),cicatrizaram (0.0000),trai (0.0000),rasteira (0.0000),avani (0.0000)
11144,totêmicos (0.0000),aquecer (0.0000),blusinha (0.0000),rasqueado (0.0000),avantajada (0.0000)
11145,pegador (0.0000),suspiros (0.0000),blusão (0.0000),raspão (0.0000),avantajados (0.0000)
11146,caderneta (0.0000),suspirar (0.0000),boatos (0.0000),realizações (0.0000),avançando (0.0000)
11147,totêmico (0.0000),cinemas (0.0000),boba (0.0000),realizou (0.0000),uniu (0.0000)
11148,nasalado (0.0000),cinge (0.0000),bobo (0.0000),realçada (0.0000),avanço (0.0000)
11149,totem (0.0000),voados (0.0000),traga (0.0000),rebelião (0.0000),ave (0.0000)
11150,cae (0.0000),cingem (0.0000),traem (0.0000),recatada (0.0000),avelino (0.0000)
11151,total (0.0000),voam (0.0000),boho (0.0000),recarregam (0.0000),aveludado (0.0000)
11152,nasal (0.0000),agir (0.0000),bois (0.0000),recarga (0.0000),avelãs (0.0000)
11153,cafeteira (0.0000),agarro (0.0000),transitar (0.0000),recantos (0.0000),aventurado (0.0000)
11154,narravam (0.0000),sussurava (0.0000),transitava (0.0000),recado (0.0000),unha (0.0000)
11155,cafezinhos (0.0000),cinta (0.0000),trevo (0.0000),rebuscados (0.0000),aventureira (0.0000)
11156,cafona (0.0000),cintila (0.0000),baião (0.0000),rebuscadas (0.0000),aventureiro (0.0000)
11157,cafés (0.0000),agarravam (0.0000),travessa (0.0000),reação (0.0000),unguentos (0.0000)
11158,toscos (0.0000),cintilam (0.0000),travessuras (0.0000),realçado (0.0000),avesso (0.0000)
11159,caiam (0.0000),cintilando (0.0000),travessão (0.0000),reaproveitar (0.0000),avidamente (0.0000)
11160,narrativo (0.0000),cintilante (0.0000),balaio (0.0000),reaproveitados (0.0000),avoado (0.0000)
11161,toscamente (0.0000),cintilantes (0.0000),baladas (0.0000),reaproveitadas (0.0000),unirá (0.0000)
11162,nasceram (0.0000),cintilar (0.0000),balada (0.0000),reapropria (0.0000),autorais (0.0000)
11163,trabalhe (0.0000),sussuram (0.0000),baixos (0.0000),reaprendendo (0.0000),atualizo (0.0000)
11164,cacimbas (0.0000),baratos (0.0000),tratava (0.0000),realçavam (0.0000),uraricoera (0.0000)
11165,cacheadas (0.0000),sussurrava (0.0000),travesti (0.0000),realçam (0.0000),urubu (0.0000)
11166,nativa (0.0000),agitavam (0.0000),travo (0.0000),recordando (0.0000),atuando (0.0000)
11167,cabia (0.0000),barbeiro (0.0000),trazidas (0.0000),recorrente (0.0000),atuação (0.0000)
11168,traduzida (0.0000),barbear (0.0000),baixada (0.0000),relatórios (0.0000),audaciosa (0.0000)
11169,natação (0.0000),cicinho (0.0000),trazido (0.0000),refletiriam (0.0000),auge (0.0000)
11170,caboclo (0.0000),ciclicidade (0.0000),trazidos (0.0000),regionalismo (0.0000),augusto (0.0000)
11171,natalinas (0.0000),voa (0.0000),travaram (0.0000),regionalidade (0.0000),aumentando (0.0000)
11172,cabral (0.0000),sussurrar (0.0000),travar (0.0000),regina (0.0000),urgente (0.0000)
11173,nata (0.0000),cida (0.0000),trava (0.0000),regava (0.0000),urbanização (0.0000)
11174,cacauais (0.0000),barbeando (0.0000),balanços (0.0000),refúgios (0.0000),aurora (0.0000)
11175,cacei (0.0000),usassem (0.0000),balcão (0.0000),refúgiagens (0.0000),austera (0.0000)
11176,nascimentos (0.0000),sussurrada (0.0000),balde (0.0000),refrescar (0.0000),austeridade (0.0000)
11177,tradicionalmente (0.0000),aquecem (0.0000),baldes (0.0000),reforço (0.0000),urbanismo (0.0000)
11178,tradicionalista (0.0000),sussurrados (0.0000),tratou (0.0000),reforçaria (0.0000),up (0.0000)
11179,nascerem (0.0000),sussurrado (0.0000),balé (0.0000),reforçar (0.0000),autora (0.0000)
11180,tradicionalismo (0.0000),sussurradas (0.0000),bambolear (0.0000),reforçam (0.0000),uníssono (0.0000)
11181,cachimba (0.0000),cidadãos (0.0000),banais (0.0000),reformado (0.0000),autoajuda (0.0000)
11182,cachinhos (0.0000),agitar (0.0000),tratores (0.0000),reformada (0.0000),autocompaixão (0.0000)
11183,pedregoso (0.0000),agitam (0.0000),bananas (0.0000),reflito (0.0000),universos (0.0000)
11184,pedreira (0.0000),cidreira (0.0000),trator (0.0000),reflexivas (0.0000),autocuidado (0.0000)
11185,cachoeiro (0.0000),barrentas (0.0000),banca (0.0000),reflexiva (0.0000),autodeclare (0.0000)
11186,cachorra (0.0000),choques (0.0000),banco (0.0000),refletivos (0.0000),autodepreciativo (0.0000)
11187,pegada (0.0000),tratava (0.0000),trato (0.0000),registra (0.0000),autodepreciação (0.0000)
11188,nasceres (0.0000),símbolos (0.0000),bailes (0.0000),registrar (0.0000),autodescobertas (0.0000)
11189,trabalhista (0.0000),chegarem (0.0000),baile (0.0000),regular (0.0000),autodescobrir (0.0000)
11190,cacica (0.0000),baseie (0.0000),bailam (0.0000),reivindicar (0.0000),autodeterminação (0.0000)
11191,cacilda (0.0000),trançá (0.0000),bacia (0.0000),relativa (0.0000),universais (0.0000)
11192,caingangue (0.0000),aguentam (0.0000),tretas (0.0000),relaciono (0.0000),autonomia (0.0000)
11193,torções (0.0000),chegavam (0.0000),açoita (0.0000),relacionamento (0.0000),tufos (0.0000)
11194,tradução (0.0000),chegue (0.0000),açoriana (0.0000),relacionado (0.0000),batalhador (0.0000)
11195,caipiras (0.0000),vivenciou (0.0000),açude (0.0000),relacionada (0.0000),tucuxi (0.0000)
11196,calendário (0.0000),aguda (0.0000),ação (0.0000),rejeição (0.0000),brigar (0.0000)
11197,caligrafia (0.0000),sês (0.0000),tremule (0.0000),rejeita (0.0000),bravamente (0.0000)
11198,tornarem (0.0000),chegar (0.0000),açúcar (0.0000),reivindicando (0.0000),bravas (0.0000)
11199,narina (0.0000),sérios (0.0000),trem (0.0000),regulares (0.0000),tratado (0.0000)
11200,calmas (0.0000),utilizam (0.0000),trecho (0.0000),reiterar (0.0000),trata (0.0000)
11201,naqueles (0.0000),cheiram (0.0000),traía (0.0000),reinventou (0.0000),trarão (0.0000)
11202,naquelas (0.0000),aguardava (0.0000),babados (0.0000),reinterprete (0.0000),trançá (0.0000)
11203,tornando (0.0000),cheirando (0.0000),babar (0.0000),reinterpretando (0.0000),trançavam (0.0000)
11204,tornado (0.0000),cheirava (0.0000),traçava (0.0000),reinava (0.0000),brejo (0.0000)
11205,tormenta (0.0000),cheire (0.0000),bacana (0.0000),reina (0.0000),breu (0.0000)
11206,torcidas (0.0000),aguarda (0.0000),bacon (0.0000),reimaginadas (0.0000),brevemente (0.0000)
11207,calorosas (0.0000),chegaram (0.0000),baianês (0.0000),refletisse (0.0000),breves (0.0000)
11208,torcida (0.0000),apropriada (0.0000),badalação (0.0000),refletiria (0.0000),brigadeiro (0.0000)
11209,calorosos (0.0000),viveram (0.0000),bagagem (0.0000),recorrer (0.0000),brigadeiros (0.0000)
11210,calorão (0.0000),agulha (0.0000),bagunceiro (0.0000),refletiram (0.0000),brigas (0.0000)
11211,torcendo (0.0000),trançei (0.0000),bagunça (0.0000),redondeza (0.0000),brasiliense (0.0000)
11212,torcedor (0.0000),vivenciamos (0.0000),bagunçados (0.0000),redonda (0.0000),brigue (0.0000)
11213,calosidades (0.0000),sólida (0.0000),bagunçando (0.0000),redescobrindo (0.0000),trançar (0.0000)
11214,calosinho (0.0000),charruas (0.0000),bagunçava (0.0000),redatora (0.0000),trançadas (0.0000)
11215,calosos (0.0000),charuto (0.0000),bagunçá (0.0000),recônditos (0.0000),transversal (0.0000)
11216,calvície (0.0000),utilizar (0.0000),bah (0.0000),recôncavo (0.0000),transportou (0.0000)
11217,toquei (0.0000),bastam (0.0000),traçada (0.0000),recíproco (0.0000),transporte (0.0000)
11218,calçado (0.0000),agulhas (0.0000),baiana (0.0000),recuso (0.0000),transportando (0.0000)
11219,topete (0.0000),chefe (0.0000),baianas (0.0000),recusassem (0.0000),brilharam (0.0000)
11220,calçadão (0.0000),basquete (0.0000),baianidade (0.0000),recuperação (0.0000),transportam (0.0000)
11221,tonto (0.0000),sóbrios (0.0000),baianos (0.0000),recuperar (0.0000),transpiravam (0.0000)
11222,pegue (0.0000),vivenciar (0.0000),bandana (0.0000),recuavam (0.0000),brilhoso (0.0000)
11223,calem (0.0000),aguente (0.0000),tratar (0.0000),recriar (0.0000),transpirar (0.0000)
11224,calejado (0.0000),vivencio (0.0000),transição (0.0000),recriando (0.0000),transpassava (0.0000)
11225,tornei (0.0000),tranço (0.0000),barzinho (0.0000),recriam (0.0000),tratados (0.0000)
11226,torrar (0.0000),sóbrio (0.0000),baseados (0.0000),recostavam (0.0000),tratam (0.0000)
11227,pegar (0.0000),aprontava (0.0000),baseado (0.0000),recorro (0.0000),transmutação (0.0000)
11228,caipora (0.0000),chegam (0.0000),baseadas (0.0000),redondo (0.0000),trava (0.0000)
11229,caique (0.0000),cheirinho (0.0000),baseada (0.0000),redondos (0.0000),travessão (0.0000)
11230,cais (0.0000),trarão (0.0000),transparecer (0.0000),reducionista (0.0000),botucatu (0.0000)
11231,narrar (0.0000),tratar (0.0000),barítono (0.0000),refere (0.0000),botânica (0.0000)
11232,tortuosos (0.0000),baru (0.0000),barulhento (0.0000),reflectindo (0.0000),botão (0.0000)
11233,tortuoso (0.0000),chinês (0.0000),bandeiras (0.0000),reflectiam (0.0000),botões (0.0000)
11234,torso (0.0000),tratam (0.0000),transparentes (0.0000),refiram (0.0000),travessuras (0.0000)
11235,caixotes (0.0000),swing (0.0000),transpirar (0.0000),refira (0.0000),boêmia (0.0000)
11236,cajado (0.0000),suíço (0.0000),barril (0.0000),refinada (0.0000),boêmio (0.0000)
11237,torres (0.0000),choca (0.0000),barriguinha (0.0000),referir (0.0000),boêmios (0.0000)
11238,torrencial (0.0000),chocalham (0.0000),barrenta (0.0000),referindo (0.0000),braba (0.0000)
11239,caladas (0.0000),agronômica (0.0000),transpiravam (0.0000),refeição (0.0000),travar (0.0000)
11240,torneiro (0.0000),chocalho (0.0000),baseie (0.0000),reducionistas (0.0000),brahma (0.0000)
11241,narram (0.0000),agroindústria (0.0000),basicamente (0.0000),reencontro (0.0000),travada (0.0000)
11242,tornozelos (0.0000),chineses (0.0000),basquete (0.0000),reencontrei (0.0000),tratou (0.0000)
11243,calarei (0.0000),utensílios (0.0000),transparecendo (0.0000),reduzidos (0.0000),tratamento (0.0000)
11244,calaremos (0.0000),viviam (0.0000),bastam (0.0000),reduzida (0.0000),brancura (0.0000)
11245,calcanhar (0.0000),agricultoras (0.0000),transmutação (0.0000),reduzi (0.0000),brandas (0.0000)
11246,calculada (0.0000),chop (0.0000),transmitiu (0.0000),reduzem (0.0000),tratores (0.0000)
11247,pegavam (0.0000),vivê (0.0000),baste (0.0000),redutivas (0.0000),brandos (0.0000)
11248,calculados (0.0000),suéter (0.0000),bastão (0.0000),preconceituoso (0.0000),branquinha (0.0000)
11249,caldas (0.0000),agreste (0.0000),transmitiria (0.0000),preconceituosas (0.0000),branquitude (0.0000)
11250,tornozeleiras (0.0000),sutileza (0.0000),batalhador (0.0000),preconcebida (0.0000),trator (0.0000)
11251,cale (0.0000),sábado (0.0000),batalhadoras (0.0000),pansexual (0.0000),brasas (0.0000)
11252,tornem (0.0000),chinesas (0.0000),batalhadores (0.0000),pankararé (0.0000),braseiro (0.0000)
11253,caberam (0.0000),cheirosa (0.0000),batalho (0.0000),pankararu (0.0000),trato (0.0000)
11254,nativista (0.0000),chifre (0.0000),transmitam (0.0000),panelada (0.0000),tratava (0.0000)
11255,braids (0.0000),cheiroso (0.0000),translúcido (0.0000),pancadas (0.0000),tratar (0.0000)
11256,transbordante (0.0000),chi (0.0000),translúcida (0.0000),pan (0.0000),tratamentos (0.0000)
11257,brigar (0.0000),viverei (0.0000),barreira (0.0000),pampas (0.0000),transparentes (0.0000)
11258,brigas (0.0000),sábios (0.0000),transporta (0.0000),pampa (0.0000),brincavam (0.0000)
11259,brigue (0.0000),agrária (0.0000),transportando (0.0000),pamonha (0.0000),travesti (0.0000)
11260,transformavam (0.0000),sábio (0.0000),banquetes (0.0000),palácio (0.0000),básicos (0.0000)
11261,transformava (0.0000),apropriação (0.0000),bandeja (0.0000),palpáveis (0.0000),buscado (0.0000)
11262,transformamos (0.0000),aprovação (0.0000),tratamento (0.0000),palmito (0.0000),transitam (0.0000)
11263,transformados (0.0000),aproveitem (0.0000),banhadas (0.0000),palmeirense (0.0000),buscas (0.0000)
11264,pedacinhos (0.0000),vivermos (0.0000),banhado (0.0000),palmeiras (0.0000),buscasse (0.0000)
11265,brilharam (0.0000),utilizada (0.0000),tratam (0.0000),palmeira (0.0000),buscavam (0.0000)
11266,pedagogia (0.0000),chimia (0.0000),banhar (0.0000),palmas (0.0000),transgredindo (0.0000)
11267,transformado (0.0000),agruras (0.0000),tratados (0.0000),palito (0.0000),busque (0.0000)
11268,nebulosos (0.0000),china (0.0000),banharam (0.0000),paletó (0.0000),busquei (0.0000)
11269,transfeminino (0.0000),agrupavam (0.0000),tratado (0.0000),panorama (0.0000),butiá (0.0000)
11270,brilhoso (0.0000),barítono (0.0000),banheiro (0.0000),pantalona (0.0000),bya (0.0000)
11271,transfeminina (0.0000),barulhos (0.0000),trarão (0.0000),pedem (0.0000),byá (0.0000)
11272,transfeminicídio (0.0000),chinesa (0.0000),banhos (0.0000),pantaneiro (0.0000),bálsamo (0.0000)
11273,transcorria (0.0000),aqueceu (0.0000),banhou (0.0000),paranaenses (0.0000),básicas (0.0000)
11274,nebulosa (0.0000),agarrar (0.0000),banquete (0.0000),param (0.0000),bíceps (0.0000)
11275,transcendendo (0.0000),agarrando (0.0000),banquinho (0.0000),paralela (0.0000),burocrático (0.0000)
11276,brincam (0.0000),voraz (0.0000),barracas (0.0000),paraibanos (0.0000),transformou (0.0000)
11277,transbordo (0.0000),cobertura (0.0000),banto (0.0000),paraibano (0.0000),caarapó (0.0000)
11278,neblina (0.0000),cobiça (0.0000),trançei (0.0000),paraibana (0.0000),transformo (0.0000)
11279,nação (0.0000),afetam (0.0000),bar (0.0000),paraguaia (0.0000),transformei (0.0000)
11280,brincavam (0.0000),cobiçada (0.0000),barata (0.0000),paraguai (0.0000),cabeceira (0.0000)
11281,transbordarem (0.0000),cobra (0.0000),baratinho (0.0000),parafusos (0.0000),transformações (0.0000)
11282,pedalar (0.0000),araguaia (0.0000),barato (0.0000),parafuso (0.0000),transformavam (0.0000)
11283,brinquedos (0.0000),afeminado (0.0000),baratos (0.0000),paradisíaco (0.0000),transformava (0.0000)
11284,brigadeiros (0.0000),cobrava (0.0000),transversal (0.0000),paradigmas (0.0000),cabeludo (0.0000)
11285,transformações (0.0000),banana (0.0000),barbeando (0.0000),paquerador (0.0000),transformamos (0.0000)
11286,breves (0.0000),afetar (0.0000),barbear (0.0000),papéis (0.0000),caberam (0.0000)
11287,transitando (0.0000),afeito (0.0000),transportou (0.0000),papão (0.0000),transformados (0.0000)
11288,transmitidas (0.0000),cobriam (0.0000),barcos (0.0000),papos (0.0000),transformado (0.0000)
11289,nega (0.0000),araken (0.0000),bares (0.0000),panturrilha (0.0000),burro (0.0000)
11290,brancura (0.0000),bambu (0.0000),barraca (0.0000),palcos (0.0000),burocrática (0.0000)
11291,brando (0.0000),cocar (0.0000),deliciosas (0.0000),palco (0.0000),transmitiu (0.0000)
11292,transmissora (0.0000),cocares (0.0000),repreendendo (0.0000),paladar (0.0000),transitar (0.0000)
11293,translúcido (0.0000),superciliar (0.0000),deliciosos (0.0000),pajés (0.0000),transmitiria (0.0000)
11294,branquinha (0.0000),afastá (0.0000),indicada (0.0000),ouvidas (0.0000),brinquedos (0.0000)
11295,branquitude (0.0000),afetando (0.0000),indie (0.0000),ouvem (0.0000),brinquei (0.0000)
11296,necessários (0.0000),vontades (0.0000),indicavam (0.0000),outubro (0.0000),transmitidos (0.0000)
11297,braseiro (0.0000),codó (0.0000),pensasse (0.0000),ousados (0.0000),brisas (0.0000)
11298,transitória (0.0000),travaram (0.0000),pensativa (0.0000),ousado (0.0000),broches (0.0000)
11299,transitar (0.0000),bandeiras (0.0000),pensativo (0.0000),ousada (0.0000),transmitidas (0.0000)
11300,transgressão (0.0000),travada (0.0000),indicador (0.0000),otimista (0.0000),transmitam (0.0000)
11301,breve (0.0000),usamos (0.0000),pense (0.0000),otimismo (0.0000),transmissão (0.0000)
11302,transgressiva (0.0000),travadas (0.0000),indireta (0.0000),ostentoso (0.0000),transmissora (0.0000)
11303,bravamente (0.0000),suportar (0.0000),pensem (0.0000),ostentar (0.0000),translúcido (0.0000)
11304,bravas (0.0000),arada (0.0000),penso (0.0000),ostentada (0.0000),brotando (0.0000)
11305,bravo (0.0000),suponho (0.0000),pente (0.0000),ostensivas (0.0000),transitava (0.0000)
11306,bravura (0.0000),travar (0.0000),penteados (0.0000),ossuda (0.0000),brotei (0.0000)
11307,transgredindo (0.0000),clã (0.0000),penteando (0.0000),osso (0.0000),burocracia (0.0000)
11308,pecuárias (0.0000),bananas (0.0000),indelicados (0.0000),ossinhos (0.0000),brotou (0.0000)
11309,transformou (0.0000),clãs (0.0000),indiquem (0.0000),ossatura (0.0000),brusca (0.0000)
11310,transformei (0.0000),clínica (0.0000),indiscretas (0.0000),oscilar (0.0000),brusco (0.0000)
11311,necessidades (0.0000),banca (0.0000),indefinível (0.0000),ouvinte (0.0000),brutalidade (0.0000)
11312,brejos (0.0000),bananeira (0.0000),individualizada (0.0000),ouviram (0.0000),buarque (0.0000)
11313,breu (0.0000),superficialmente (0.0000),penetrando (0.0000),ouça (0.0000),buchada (0.0000)
11314,navigando (0.0000),coaxar (0.0000),indo (0.0000),pacientes (0.0000),bucólica (0.0000)
11315,brisas (0.0000),cobalto (0.0000),penetrava (0.0000),pajé (0.0000),bucólicas (0.0000)
11316,cabeleira (0.0000),coberta (0.0000),pensa (0.0000),paisagística (0.0000),bucólico (0.0000)
11317,broches (0.0000),cocos (0.0000),indivisíveis (0.0000),pagar (0.0000),budista (0.0000)
11318,burocrático (0.0000),coentro (0.0000),individualmente (0.0000),pagamento (0.0000),bueno (0.0000)
11319,burra (0.0000),aracaju (0.0000),individualista (0.0000),padroeira (0.0000),bule (0.0000)
11320,traiçoeiro (0.0000),coletados (0.0000),indispensáveis (0.0000),pacu (0.0000),buraco (0.0000)
11321,buscado (0.0000),baldes (0.0000),pensadas (0.0000),pacote (0.0000),botina (0.0000)
11322,trair (0.0000),afastei (0.0000),pensado (0.0000),pacientemente (0.0000),botar (0.0000)
11323,buscaram (0.0000),afaste (0.0000),pensamento (0.0000),ovelha (0.0000),tucum (0.0000)
11324,buscasse (0.0000),balde (0.0000),indistintas (0.0000),oásis (0.0000),trocado (0.0000)
11325,buscava (0.0000),arakenã (0.0000),indistinta (0.0000),oxóssi (0.0000),beiras (0.0000)
11326,pedindo (0.0000),coleta (0.0000),indissociáveis (0.0000),oxidado (0.0000),beiços (0.0000)
11327,busque (0.0000),coletadas (0.0000),indelicadas (0.0000),oxente (0.0000),bel (0.0000)
11328,pedrarias (0.0000),coletado (0.0000),indefinido (0.0000),oxalá (0.0000),tropeiros (0.0000)
11329,butiá (0.0000),arakuã (0.0000),incomodou (0.0000),ovo (0.0000),belas (0.0000)
11330,buzinando (0.0000),colcha (0.0000),incomum (0.0000),ovelhas (0.0000),trocas (0.0000)
11331,bya (0.0000),coletar (0.0000),inconstantes (0.0000),paranapanema (0.0000),belíssimas (0.0000)
11332,byá (0.0000),coletas (0.0000),inconsciente (0.0000),paranoá (0.0000),belíssimos (0.0000)
11333,nativos (0.0000),coletavam (0.0000),inconfundíveis (0.0000),pararemos (0.0000),trocar (0.0000)
11334,básicas (0.0000),sunga (0.0000),incondicionalmente (0.0000),passamos (0.0000),bengala (0.0000)
11335,trai (0.0000),aram (0.0000),incondicional (0.0000),patagônia (0.0000),bens (0.0000)
11336,básicos (0.0000),sumir (0.0000),incomuns (0.0000),pastéis (0.0000),benção (0.0000)
11337,nativo (0.0000),coletiva (0.0000),incompreensível (0.0000),pastos (0.0000),benê (0.0000)
11338,bíceps (0.0000),afastam (0.0000),incontida (0.0000),pastoral (0.0000),berloque (0.0000)
11339,tragédias (0.0000),superado (0.0000),percalços (0.0000),pastor (0.0000),beirara (0.0000)
11340,búzios (0.0000),colava (0.0000),incompletude (0.0000),pastelzinho (0.0000),trocadas (0.0000)
11341,caarapó (0.0000),coerente (0.0000),perceba (0.0000),pastagens (0.0000),berço (0.0000)
11342,tragédia (0.0000),superando (0.0000),incompleteness (0.0000),pasta (0.0000),besteira (0.0000)
11343,caatingas (0.0000),superava (0.0000),incompleta (0.0000),passividade (0.0000),bh (0.0000)
11344,cabeceira (0.0000),coexistindo (0.0000),incompatíveis (0.0000),passional (0.0000),bia (0.0000)
11345,navalha (0.0000),bambolear (0.0000),incontestável (0.0000),passear (0.0000),bibliotecas (0.0000)
11346,burocracia (0.0000),cogumelo (0.0000),peraltices (0.0000),passe (0.0000),bichos (0.0000)
11347,buriti (0.0000),cogumelos (0.0000),pentear (0.0000),passarinhos (0.0000),bico (0.0000)
11348,brusco (0.0000),superarem (0.0000),inculto (0.0000),passariam (0.0000),bicos (0.0000)
11349,bromélia (0.0000),superaram (0.0000),indecisa (0.0000),passaria (0.0000),bifurca (0.0000)
11350,naveguei (0.0000),coisinhas (0.0000),indecifráveis (0.0000),passarem (0.0000),triste (0.0000)
11351,tranquilão (0.0000),cola (0.0000),incômodo (0.0000),passarei (0.0000),trintão (0.0000)
11352,bronzear (0.0000),baleia (0.0000),incômodas (0.0000),pataxó (0.0000),binarismo (0.0000)
11353,bronzeara (0.0000),afasto (0.0000),penteava (0.0000),patchwork (0.0000),beiraria (0.0000)
11354,trajos (0.0000),colada (0.0000),incutidas (0.0000),pato (0.0000),tropeçando (0.0000)
11355,trajo (0.0000),balé (0.0000),incrível (0.0000),pautas (0.0000),trilhar (0.0000)
11356,brotando (0.0000),colagem (0.0000),inconveniente (0.0000),pedalava (0.0000),baú (0.0000)
11357,trajetórias (0.0000),colagens (0.0000),incríveis (0.0000),pedalar (0.0000),batata (0.0000)
11358,navego (0.0000),superamos (0.0000),incrivelmente (0.0000),pecuárias (0.0000),batatas (0.0000)
11359,brotou (0.0000),afastemos (0.0000),incorreto (0.0000),pecuarista (0.0000),tucano (0.0000)
11360,brusca (0.0000),superam (0.0000),penteio (0.0000),pechincho (0.0000),trópicos (0.0000)
11361,trajava (0.0000),araceli (0.0000),pequenininha (0.0000),paysandu (0.0000),trégua (0.0000)
11362,buraco (0.0000),climático (0.0000),incorporam (0.0000),pavimentaram (0.0000),batiam (0.0000)
11363,navegação (0.0000),baratinho (0.0000),peneira (0.0000),pautado (0.0000),truco (0.0000)
11364,brutalidade (0.0000),afoito (0.0000),penedo (0.0000),patos (0.0000),batimento (0.0000)
11365,trajando (0.0000),banto (0.0000),indústria (0.0000),pautada (0.0000),batismo (0.0000)
11366,navegavam (0.0000),surpreendo (0.0000),influenciou (0.0000),pausadamente (0.0000),trouxeram (0.0000)
11367,navegava (0.0000),surpreender (0.0000),informais (0.0000),paulistas (0.0000),batons (0.0000)
11368,buchada (0.0000),civilizado (0.0000),informado (0.0000),paulistanês (0.0000),trouxa (0.0000)
11369,bucólica (0.0000),civilizados (0.0000),informada (0.0000),paulistana (0.0000),baía (0.0000)
11370,pedalava (0.0000),banquinho (0.0000),informa (0.0000),patrões (0.0000),beatriz (0.0000)
11371,navegado (0.0000),surpreendentes (0.0000),peitoral (0.0000),patrimônio (0.0000),beiju (0.0000)
11372,bueno (0.0000),clama (0.0000),peixada (0.0000),passara (0.0000),bebe (0.0000)
11373,bule (0.0000),banquetes (0.0000),pelada (0.0000),passagens (0.0000),bebendo (0.0000)
11374,bumbá (0.0000),aquecia (0.0000),informar (0.0000),parasse (0.0000),beber (0.0000)
11375,tupa (0.0000),aquecida (0.0000),influenciaria (0.0000),passageiros (0.0000),bebera (0.0000)
11376,baixinho (0.0000),clamam (0.0000),influenciaram (0.0000),parteira (0.0000),bebida (0.0000)
11377,baixas (0.0000),clamando (0.0000),influenciar (0.0000),parreirais (0.0000),bebo (0.0000)
11378,use (0.0000),clamar (0.0000),influenciam (0.0000),parnaíba (0.0000),troquei (0.0000)
11379,observadas (0.0000),banhou (0.0000),influenciados (0.0000),parlendas (0.0000),beges (0.0000)
11380,utilizadas (0.0000),clamor (0.0000),influenciadora (0.0000),pareçam (0.0000),beijado (0.0000)
11381,arrepiados (0.0000),clamou (0.0000),informalidade (0.0000),paresi (0.0000),beijar (0.0000)
11382,observada (0.0000),afogando (0.0000),informativa (0.0000),parentesco (0.0000),beijara (0.0000)
11383,arrepio (0.0000),baobá (0.0000),inebriante (0.0000),parente (0.0000),beijo (0.0000)
11384,utilizada (0.0000),cisnormativas (0.0000),ingrata (0.0000),paredes (0.0000),tropeço (0.0000)
11385,arriscado (0.0000),usasse (0.0000),iniciativas (0.0000),parecidos (0.0000),trilharam (0.0000)
11386,arriscar (0.0000),cinzentos (0.0000),iniciante (0.0000),parecidas (0.0000),trilhados (0.0000)
11387,utilitárias (0.0000),sushi (0.0000),inicialmente (0.0000),parecerem (0.0000),bota (0.0000)
11388,arrogância (0.0000),suscetíveis (0.0000),inicial (0.0000),pareceram (0.0000),traçados (0.0000)
11389,arrojado (0.0000),sururu (0.0000),pegou (0.0000),pardos (0.0000),bonança (0.0000)
11390,utilidade (0.0000),agarram (0.0000),ingrediente (0.0000),parcimônia (0.0000),trem (0.0000)
11391,observacional (0.0000),agarradinho (0.0000),inglaterra (0.0000),parcela (0.0000),bondosa (0.0000)
11392,arruda (0.0000),cinzelou (0.0000),informação (0.0000),paraíba (0.0000),boneca (0.0000)
11393,arruma (0.0000),cinzenta (0.0000),ingestão (0.0000),parteiras (0.0000),trecho (0.0000)
11394,arrumada (0.0000),agarradas (0.0000),ingenuidade (0.0000),partem (0.0000),bonitinho (0.0000)
11395,arrumado (0.0000),ciona (0.0000),pegue (0.0000),participamos (0.0000),traçavam (0.0000)
11396,partidos (0.0000),barata (0.0000),infortúnios (0.0000),particularidades (0.0000),bonitos (0.0000)
11397,obscura (0.0000),cipó (0.0000),infortúnio (0.0000),passageiro (0.0000),bonomia (0.0000)
11398,arrumo (0.0000),cipós (0.0000),informática (0.0000),parto (0.0000),traçava (0.0000)
11399,utensílios (0.0000),ciranda (0.0000),influenciado (0.0000),partiu (0.0000),bonzinho (0.0000)
11400,artefatos (0.0000),afrouxa (0.0000),peles (0.0000),partilhava (0.0000),borboleta (0.0000)
11401,utensílio (0.0000),circulação (0.0000),influencia (0.0000),partilham (0.0000),borbulhando (0.0000)
11402,usualmente (0.0000),circunda (0.0000),inerentemente (0.0000),partidos (0.0000),traçada (0.0000)
11403,obrigação (0.0000),afrofuturismo (0.0000),inesquecíveis (0.0000),particularmente (0.0000),bombacha (0.0000)
11404,usina (0.0000),cisgeneridade (0.0000),inesperados (0.0000),particularidade (0.0000),trazidos (0.0000)
11405,usem (0.0000),afogada (0.0000),inesperado (0.0000),participar (0.0000),bordadeira (0.0000)
11406,arrematadas (0.0000),aquidauana (0.0000),inesperadas (0.0000),particulares (0.0000),trazido (0.0000)
11407,arregaçar (0.0000),surdo (0.0000),inesperadamente (0.0000),participo (0.0000),trazidas (0.0000)
11408,utilizam (0.0000),claudicação (0.0000),inesperada (0.0000),participei (0.0000),bordando (0.0000)
11409,arranha (0.0000),banhado (0.0000),inequívocos (0.0000),participações (0.0000),bordas (0.0000)
11410,vaga (0.0000),usaram (0.0000),inflexões (0.0000),participativo (0.0000),bordou (0.0000)
11411,aros (0.0000),afinadinho (0.0000),inequívoco (0.0000),participativa (0.0000),boreal (0.0000)
11412,arpão (0.0000),afiliação (0.0000),inegáveis (0.0000),participassem (0.0000),bororo (0.0000)
11413,arqueado (0.0000),classificar (0.0000),inegociáveis (0.0000),oscila (0.0000),borra (0.0000)
11414,arquear (0.0000),voltaremos (0.0000),inegavelmente (0.0000),orçamento (0.0000),travo (0.0000)
11415,arqueio (0.0000),classificações (0.0000),pendurando (0.0000),orquídea (0.0000),borrão (0.0000)
11416,vacile (0.0000),claudicar (0.0000),inebriantes (0.0000),obsessão (0.0000),bossa (0.0000)
11417,vacas (0.0000),banhadas (0.0000),inevitáveis (0.0000),ocupo (0.0000),bombástica (0.0000)
11418,arraigadas (0.0000),clarão (0.0000),inevitável (0.0000),ocupações (0.0000),bomba (0.0000)
11419,particularidade (0.0000),clavícula (0.0000),inexistente (0.0000),ocuparem (0.0000),trilhado (0.0000)
11420,arraiá (0.0000),clavículas (0.0000),inexplorados (0.0000),ocupam (0.0000),tribos (0.0000)
11421,arranca (0.0000),banhada (0.0000),inextinguível (0.0000),ocupado (0.0000),trigo (0.0000)
11422,arranhão (0.0000),ara (0.0000),infelizmente (0.0000),ocupada (0.0000),biodiversidade (0.0000)
11423,arregaçada (0.0000),clichês (0.0000),infernal (0.0000),ocupacional (0.0000),biografias (0.0000)
11424,arranja (0.0000),bando (0.0000),infiltrando (0.0000),ocultos (0.0000),bioma (0.0000)
11425,arranjadas (0.0000),voltas (0.0000),infiltrou (0.0000),ocultava (0.0000),biquinho (0.0000)
11426,arranjados (0.0000),bandeja (0.0000),infindáveis (0.0000),ocidentalizadas (0.0000),biquini (0.0000)
11427,utilizá (0.0000),banham (0.0000),infinidade (0.0000),ocidental (0.0000),bisavô (0.0000)
11428,arrasadoras (0.0000),surgem (0.0000),infinita (0.0000),ocidentais (0.0000),bisavôs (0.0000)
11429,utilizo (0.0000),aquilino (0.0000),pelô (0.0000),oceanos (0.0000),biscoito (0.0000)
11430,utilizei (0.0000),clareira (0.0000),peludo (0.0000),ocasionais (0.0000),tricotando (0.0000)
11431,utilização (0.0000),clareamento (0.0000),pelotas (0.0000),ocas (0.0000),bisnetos (0.0000)
11432,arrebatador (0.0000),surpreendem (0.0000),inflexão (0.0000),oca (0.0000),bióloga (0.0000)
11433,utilizar (0.0000),aflorada (0.0000),inflexíveis (0.0000),obtido (0.0000),bloco (0.0000)
11434,arredondado (0.0000),vocabular (0.0000),incomparáveis (0.0000),ocupou (0.0000),blusinha (0.0000)
11435,arredores (0.0000),usarei (0.0000),incomodo (0.0000),ode (0.0000),bolso (0.0000)
11436,obrigados (0.0000),clareava (0.0000),italianos (0.0000),odiava (0.0000),blusão (0.0000)
11437,usavam (0.0000),vocábulos (0.0000),importou (0.0000),ofensivas (0.0000),tribal (0.0000)
11438,vaidades (0.0000),afirmava (0.0000),impossíveis (0.0000),offline (0.0000),boatos (0.0000)
11439,usassem (0.0000),banheiro (0.0000),impossibilitando (0.0000),ofereço (0.0000),boba (0.0000)
11440,obedece (0.0000),surgia (0.0000),impossibilidade (0.0000),oferendas (0.0000),trevo (0.0000)
11441,aspirados (0.0000),afinco (0.0000),performativa (0.0000),oferenda (0.0000),bocado (0.0000)
11442,urgente (0.0000),banharam (0.0000),performática (0.0000),oferecidos (0.0000),tretas (0.0000)
11443,obcecada (0.0000),surgiu (0.0000),perfumada (0.0000),ofensivos (0.0000),boho (0.0000)
11444,assada (0.0000),banhara (0.0000),perfumadas (0.0000),ofensivo (0.0000),trepadeira (0.0000)
11445,números (0.0000),surgindo (0.0000),performance (0.0000),ofensiva (0.0000),bois (0.0000)
11446,assalariado (0.0000),clarinho (0.0000),importação (0.0000),oestes (0.0000),bolha (0.0000)
11447,assegure (0.0000),surgiam (0.0000),perfumava (0.0000),ofendido (0.0000),treme (0.0000)
11448,núcleo (0.0000),banhar (0.0000),pergaminho (0.0000),ofender (0.0000),bolsas (0.0000)
11449,assemelha (0.0000),aguçados (0.0000),impondo (0.0000),oestx (0.0000),translúcida (0.0000)
11450,nômade (0.0000),aprofundam (0.0000),implícitos (0.0000),oestinos (0.0000),embalado (0.0000)
11451,assenta (0.0000),berinjela (0.0000),implícita (0.0000),oestinidade (0.0000),simbolizam (0.0000)
11452,assentada (0.0000),chapadão (0.0000),impossível (0.0000),oestinesas (0.0000),preservasse (0.0000)
11453,partiu (0.0000),beirara (0.0000),perfis (0.0000),oestines (0.0000),ipês (0.0000)
11454,assentam (0.0000),causou (0.0000),implacable (0.0000),obsidiana (0.0000),ipueira (0.0000)
11455,parto (0.0000),taça (0.0000),pereira (0.0000),obsessivo (0.0000),ipiranga (0.0000)
11456,assentou (0.0000),transpassava (0.0000),imprevisíveis (0.0000),ofuscar (0.0000),ipecacuanha (0.0000)
11457,nível (0.0000),beiju (0.0000),impressão (0.0000),obsessiva (0.0000),ipanema (0.0000)
11458,urbanização (0.0000),alimentado (0.0000),impressionavam (0.0000),nível (0.0000),ioga (0.0000)
11459,urbanismo (0.0000),tava (0.0000),impressionam (0.0000),níveis (0.0000),preserve (0.0000)
11460,assimiladas (0.0000),cava (0.0000),impressiona (0.0000),nítidos (0.0000),presenciei (0.0000)
11461,assimilando (0.0000),cavado (0.0000),peregrinação (0.0000),névoa (0.0000),inóspita (0.0000)
11462,assimilação (0.0000),alimentada (0.0000),impregnados (0.0000),náutico (0.0000),inês (0.0000)
11463,urbanidade (0.0000),cavalgada (0.0000),perfeição (0.0000),nylon (0.0000),preservem (0.0000)
11464,níveis (0.0000),asas (0.0000),perfeccionista (0.0000),nutriu (0.0000),invocam (0.0000)
11465,assinalam (0.0000),tauã (0.0000),imprecisão (0.0000),nutritivas (0.0000),preservo (0.0000)
11466,uraricoera (0.0000),tatuadora (0.0000),imprecisos (0.0000),nutritiva (0.0000),preservou (0.0000)
11467,urgência (0.0000),beijou (0.0000),perfeitas (0.0000),nutrido (0.0000),preservando (0.0000)
11468,objetivas (0.0000),beijo (0.0000),impotência (0.0000),nutri (0.0000),preservamos (0.0000)
11469,objeto (0.0000),cavar (0.0000),impotente (0.0000),nus (0.0000),preservam (0.0000)
11470,usaram (0.0000),cavernas (0.0000),implica (0.0000),nude (0.0000),iraceminha (0.0000)
11471,articula (0.0000),tatuado (0.0000),implacabilidade (0.0000),nu (0.0000),iranduba (0.0000)
11472,articulad (0.0000),tece (0.0000),incomode (0.0000),noção (0.0000),irantã (0.0000)
11473,usasse (0.0000),causar (0.0000),permanecem (0.0000),novinho (0.0000),iridescente (0.0000)
11474,articuladas (0.0000),beiraria (0.0000),impede (0.0000),novidades (0.0000),irma (0.0000)
11475,articulações (0.0000),alinha (0.0000),impecáveis (0.0000),nômade (0.0000),preservados (0.0000)
11476,obrigado (0.0000),tecelendo (0.0000),impassível (0.0000),núcleo (0.0000),preservado (0.0000)
11477,artifícios (0.0000),violência (0.0000),peripécias (0.0000),número (0.0000),irmão (0.0000)
11478,artigo (0.0000),cativavam (0.0000),impasses (0.0000),observacional (0.0000),preservadas (0.0000)
11479,usaria (0.0000),tecelas (0.0000),impagável (0.0000),observou (0.0000),preservada (0.0000)
11480,usarei (0.0000),catálogo (0.0000),impacto (0.0000),observei (0.0000),preserva (0.0000)
11481,artrite (0.0000),transparecendo (0.0000),periféricos (0.0000),observaram (0.0000),presenteara (0.0000)
11482,artur (0.0000),tecelagens (0.0000),impactantes (0.0000),observados (0.0000),presenteado (0.0000)
11483,artístico (0.0000),católicas (0.0000),impactante (0.0000),observadoras (0.0000),presenteadas (0.0000)
11484,urubus (0.0000),violências (0.0000),impactam (0.0000),observadas (0.0000),invisto (0.0000)
11485,usamos (0.0000),beiras (0.0000),permanecer (0.0000),observada (0.0000),invisibilizar (0.0000)
11486,aruá (0.0000),caudalosos (0.0000),permaneceu (0.0000),obscura (0.0000),invisibilizante (0.0000)
11487,aruã (0.0000),tecedora (0.0000),imitar (0.0000),números (0.0000),invasor (0.0000)
11488,arã (0.0000),causado (0.0000),impedem (0.0000),obrigação (0.0000),intuitiva (0.0000)
11489,arão (0.0000),bel (0.0000),impelida (0.0000),obrigados (0.0000),intuitivo (0.0000)
11490,arílton (0.0000),alimentício (0.0000),impingir (0.0000),obon (0.0000),intuito (0.0000)
11491,asas (0.0000),beiços (0.0000),impermanência (0.0000),objetivo (0.0000),prestativo (0.0000)
11492,partilham (0.0000),alimento (0.0000),impiedosos (0.0000),obediente (0.0000),inundando (0.0000)
11493,partilhava (0.0000),alimentava (0.0000),perguntarem (0.0000),obedeceu (0.0000),inundava (0.0000)
11494,usada (0.0000),alicerces (0.0000),impeça (0.0000),obcecada (0.0000),inundavam (0.0000)
11495,uruguai (0.0000),caça (0.0000),pergunto (0.0000),oficial (0.0000),inundações (0.0000)
11496,urucum (0.0000),ué (0.0000),impessoal (0.0000),ofuscava (0.0000),presta (0.0000)
11497,observaram (0.0000),ce (0.0000),imperturbável (0.0000),orquestra (0.0000),inusitados (0.0000)
11498,arnaldo (0.0000),aliado (0.0000),imperfeições (0.0000),opções (0.0000),invadi (0.0000)
11499,assistente (0.0000),caíque (0.0000),impera (0.0000),original (0.0000),invadia (0.0000)
11500,valorizado (0.0000),tato (0.0000),imperfeição (0.0000),originais (0.0000),invadida (0.0000)
11501,apática (0.0000),caíssem (0.0000),imperfeito (0.0000),orientação (0.0000),invadindo (0.0000)
11502,apático (0.0000),tartaruga (0.0000),imperfeita (0.0000),orientam (0.0000),invasores (0.0000)
11503,apê (0.0000),transpirar (0.0000),periféricas (0.0000),oriental (0.0000),presilha (0.0000)
11504,vanguarda (0.0000),caótico (0.0000),periférico (0.0000),orientais (0.0000),invasão (0.0000)
11505,participativa (0.0000),virei (0.0000),imperceptivelmente (0.0000),orgânicos (0.0000),invejável (0.0000)
11506,aquarelas (0.0000),utopia (0.0000),imprimia (0.0000),orgânico (0.0000),inventadas (0.0000)
11507,vampiro (0.0000),virava (0.0000),perdoar (0.0000),orgânica (0.0000),inventados (0.0000)
11508,aquecem (0.0000),alheios (0.0000),imprimir (0.0000),orgulhosas (0.0000),inventiva (0.0000)
11509,ocas (0.0000),cearenses (0.0000),inchadas (0.0000),orgulhem (0.0000),invento (0.0000)
11510,aquecia (0.0000),tarda (0.0000),percebo (0.0000),orgulham (0.0000),inventou (0.0000)
11511,oca (0.0000),alheio (0.0000),incisivos (0.0000),organizar (0.0000),pressione (0.0000)
11512,aquecido (0.0000),virgem (0.0000),incisiva (0.0000),organizado (0.0000),invernos (0.0000)
11513,valorizavam (0.0000),viriam (0.0000),incidência (0.0000),organiza (0.0000),invertidas (0.0000)
11514,aquidauana (0.0000),virilidade (0.0000),incidente (0.0000),ordinário (0.0000),investidas (0.0000)
11515,aquilino (0.0000),ceci (0.0000),inchados (0.0000),orações (0.0000),pressionaram (0.0000)
11516,aquisitivo (0.0000),caída (0.0000),perceptíveis (0.0000),originou (0.0000),pressionado (0.0000)
11517,ara (0.0000),tatu (0.0000),inclina (0.0000),originária (0.0000),pressionada (0.0000)
11518,obtido (0.0000),caçada (0.0000),perceptível (0.0000),orinoco (0.0000),irradiar (0.0000)
11519,obstáculos (0.0000),uva (0.0000),perco (0.0000),ornamentado (0.0000),presenciaram (0.0000)
11520,aracy (0.0000),beijava (0.0000),incertos (0.0000),ornavam (0.0000),intrusivas (0.0000)
11521,valorizados (0.0000),caçadas (0.0000),incertezas (0.0000),ornamentos (0.0000),jaciara (0.0000)
11522,obstáculo (0.0000),caçador (0.0000),incerteza (0.0000),ornamentação (0.0000),preparei (0.0000)
11523,arados (0.0000),beijara (0.0000),incertas (0.0000),ornamentavam (0.0000),jaguara (0.0000)
11524,araguaia (0.0000),caçadora (0.0000),inclemência (0.0000),ornamentam (0.0000),jaguar (0.0000)
11525,araken (0.0000),beijar (0.0000),inclinado (0.0000),ornamentais (0.0000),jaguapira (0.0000)
11526,arakenã (0.0000),caçadores (0.0000),improvisada (0.0000),ornamentados (0.0000),jade (0.0000)
11527,arakuã (0.0000),beijado (0.0000),incluído (0.0000),ornamentadas (0.0000),jacó (0.0000)
11528,vantagens (0.0000),caçados (0.0000),incomodarem (0.0000),orixá (0.0000),jaci (0.0000)
11529,participassem (0.0000),tatuada (0.0000),incomodar (0.0000),ornam (0.0000),irreal (0.0000)
11530,aproxime (0.0000),caçamos (0.0000),incomodam (0.0000),ornados (0.0000),jacaré (0.0000)
11531,aprofundam (0.0000),caçando (0.0000),incomodada (0.0000),ornado (0.0000),jacarandá (0.0000)
11532,ocupada (0.0000),caçar (0.0000),incomensurável (0.0000),ornada (0.0000),jaca (0.0000)
11533,apresentável (0.0000),caçava (0.0000),incoerência (0.0000),orna (0.0000),jabuticabas (0.0000)
11534,ocupacional (0.0000),alianças (0.0000),perceberia (0.0000),orlas (0.0000),jabuti (0.0000)
11535,apressados (0.0000),caço (0.0000),percebidos (0.0000),orixás (0.0000),jaboticabeira (0.0000)
11536,ocupa (0.0000),beijada (0.0000),inclusivos (0.0000),oralmente (0.0000),jambeiro (0.0000)
11537,apresso (0.0000),caí (0.0000),percebi (0.0000),optem (0.0000),jambu (0.0000)
11538,ocultos (0.0000),transmutação (0.0000),inclusive (0.0000),ofícios (0.0000),jan (0.0000)
11539,aprisiona (0.0000),cativa (0.0000),inclusivas (0.0000),optava (0.0000),preparando (0.0000)
11540,aprisionar (0.0000),catita (0.0000),percebia (0.0000),omita (0.0000),janaúba (0.0000)
11541,aprisionem (0.0000),vindos (0.0000),percebida (0.0000),olodum (0.0000),preparada (0.0000)
11542,aprisioná (0.0000),cascavel (0.0000),incerta (0.0000),olhem (0.0000),jangada (0.0000)
11543,aprofunda (0.0000),alongar (0.0000),incentivou (0.0000),olhe (0.0000),jangadas (0.0000)
11544,varal (0.0000),vinda (0.0000),incentivaram (0.0000),olhavam (0.0000),jantar (0.0000)
11545,aproximações (0.0000),benzedeiras (0.0000),impulsiva (0.0000),olhava (0.0000),janto (0.0000)
11546,aprontava (0.0000),alojava (0.0000),imã (0.0000),olharem (0.0000),japonesa (0.0000)
11547,participamos (0.0000),transmitidos (0.0000),perdera (0.0000),olharam (0.0000),japonesas (0.0000)
11548,apropriação (0.0000),alojar (0.0000),perdi (0.0000),olhadas (0.0000),japonês (0.0000)
11549,aprovação (0.0000),bengala (0.0000),impunham (0.0000),olha (0.0000),japão (0.0000)
11550,vapor (0.0000),benfazeja (0.0000),perdiam (0.0000),olfativa (0.0000),jaqueira (0.0000)
11551,ocidentalizadas (0.0000),vinagrete (0.0000),impulsivamente (0.0000),oleiro (0.0000),jaquetas (0.0000)
11552,aproveito (0.0000),aprenderam (0.0000),impulsionou (0.0000),okinawa (0.0000),jardinagem (0.0000)
11553,aproximam (0.0000),almas (0.0000),incentivando (0.0000),ok (0.0000),jaborandi (0.0000)
11554,aproximando (0.0000),caseiras (0.0000),impulsionava (0.0000),oito (0.0000),iça (0.0000)
11555,aproximasse (0.0000),vindouras (0.0000),impulsionar (0.0000),oitenta (0.0000),iás (0.0000)
11556,ocidentais (0.0000),teias (0.0000),perdidos (0.0000),oh (0.0000),iscas (0.0000)
11557,aproximação (0.0000),caseiros (0.0000),improviso (0.0000),on (0.0000),irredutível (0.0000)
11558,aram (0.0000),tecê (0.0000),improvisar (0.0000),onda (0.0000),irregular (0.0000)
11559,arames (0.0000),vinhos (0.0000),improvisados (0.0000),onduladas (0.0000),irregulares (0.0000)
11560,participei (0.0000),cascatas (0.0000),imóveis (0.0000),operadas (0.0000),irregularmente (0.0000)
11561,aranha (0.0000),cascas (0.0000),in (0.0000),opressões (0.0000),presenciar (0.0000)
11562,observou (0.0000),tecnobrega (0.0000),inacabada (0.0000),opressoras (0.0000),irreversivelmente (0.0000)
11563,arestas (0.0000),bené (0.0000),inacabados (0.0000),opressora (0.0000),irrigação (0.0000)
11564,argamassa (0.0000),carvão (0.0000),inaceitável (0.0000),opressor (0.0000),irrita (0.0000)
11565,observo (0.0000),telhado (0.0000),inacessíveis (0.0000),opostos (0.0000),presenciais (0.0000)
11566,argilas (0.0000),vigorosa (0.0000),percursos (0.0000),opinião (0.0000),irão (0.0000)
11567,argiloso (0.0000),telefônicas (0.0000),inalcançável (0.0000),operário (0.0000),irônicas (0.0000)
11568,valeu (0.0000),berimbau (0.0000),percurso (0.0000),opacidade (0.0000),prescinde (0.0000)
11569,vales (0.0000),benê (0.0000),inatas (0.0000),ong (0.0000),isa (0.0000)
11570,valer (0.0000),vigoroso (0.0000),percorridas (0.0000),opacas (0.0000),presas (0.0000)
11571,argolinhas (0.0000),valente (0.0000),percorrida (0.0000),opaca (0.0000),isenta (0.0000)
11572,argumentava (0.0000),alternam (0.0000),incansáveis (0.0000),onírica (0.0000),izaías (0.0000)
11573,argumentação (0.0000),teimava (0.0000),percorri (0.0000),onças (0.0000),isento (0.0000)
11574,valentões (0.0000),tekoha (0.0000),incendiar (0.0000),ontem (0.0000),isoladas (0.0000)
11575,valentes (0.0000),tekoa (0.0000),percorrer (0.0000),onigiri (0.0000),itaituba (0.0000)
11576,valente (0.0000),casarão (0.0000),incentivados (0.0000),oni (0.0000),italianas (0.0000)
11577,vaivém (0.0000),alterna (0.0000),pego (0.0000),pede (0.0000),italianos (0.0000)
11578,arimatéia (0.0000),casarões (0.0000),pegavam (0.0000),pedestal (0.0000),itamar (0.0000)
11579,aristocrático (0.0000),vimos (0.0000),inimiga (0.0000),precocemente (0.0000),itapemirim (0.0000)
11580,arlindo (0.0000),teimox (0.0000),intriga (0.0000),poente (0.0000),itaquê (0.0000)
11581,armadilha (0.0000),altamente (0.0000),introspectivo (0.0000),poderíamos (0.0000),itens (0.0000)
11582,observei (0.0000),aprendia (0.0000),introspectiva (0.0000),poderá (0.0000),itá (0.0000)
11583,vaidoso (0.0000),tecnicamente (0.0000),passara (0.0000),poderosos (0.0000),itália (0.0000)
11584,armar (0.0000),alinhadas (0.0000),passaria (0.0000),poderoso (0.0000),ivinhema (0.0000)
11585,armas (0.0000),tecelão (0.0000),intrigaria (0.0000),poderes (0.0000),iza (0.0000)
11586,armazenar (0.0000),casualidade (0.0000),intrigante (0.0000),poderei (0.0000),izabel (0.0000)
11587,observações (0.0000),casualmente (0.0000),intimidou (0.0000),podendo (0.0000),presume (0.0000)
11588,participações (0.0000),alisa (0.0000),introversão (0.0000),podcasts (0.0000),introvertido (0.0000)
11589,arenoso (0.0000),belíssimos (0.0000),passava (0.0000),poda (0.0000),insinua (0.0000)
11590,obsessiva (0.0000),belíssimas (0.0000),passe (0.0000),poca (0.0000),principais (0.0000)
11591,validação (0.0000),tecelãs (0.0000),passear (0.0000),pneus (0.0000),integralmente (0.0000)
11592,araucários (0.0000),aprendizagens (0.0000),intimida (0.0000),pneu (0.0000),integrado (0.0000)
11593,arapiraca (0.0000),vaga (0.0000),passeia (0.0000),plurais (0.0000),integradas (0.0000)
11594,arapiá (0.0000),apresentadas (0.0000),passeio (0.0000),plumas (0.0000),integrada (0.0000)
11595,araponga (0.0000),teceram (0.0000),introspectivos (0.0000),plissada (0.0000),integra (0.0000)
11596,araquém (0.0000),categorizar (0.0000),introvertida (0.0000),plenitude (0.0000),intactas (0.0000)
11597,obsidiana (0.0000),alinhamento (0.0000),passeios (0.0000),playlists (0.0000),insuficientes (0.0000)
11598,araracanga (0.0000),catinga (0.0000),inundando (0.0000),podia (0.0000),prezam (0.0000)
11599,ararei (0.0000),violento (0.0000),inusitados (0.0000),polegares (0.0000),insuficiente (0.0000)
11600,araribá (0.0000),belos (0.0000),inusitadas (0.0000),pedido (0.0000),insubstituível (0.0000)
11601,araribóia (0.0000),catingueira (0.0000),inusitada (0.0000),poli (0.0000),instruções (0.0000)
11602,aratu (0.0000),transmito (0.0000),inundações (0.0000),ponderados (0.0000),instrução (0.0000)
11603,araucária (0.0000),catingueiras (0.0000),inundavam (0.0000),pomeranos (0.0000),principal (0.0000)
11604,araucárias (0.0000),alisados (0.0000),inundava (0.0000),pomeranas (0.0000),instigar (0.0000)
11605,araxá (0.0000),teceu (0.0000),inunda (0.0000),pomadas (0.0000),princesas (0.0000)
11606,ardência (0.0000),aliviar (0.0000),introvertidas (0.0000),políticos (0.0000),integrar (0.0000)
11607,araçá (0.0000),alisá (0.0000),intuito (0.0000),polêmico (0.0000),integração (0.0000)
11608,araí (0.0000),casou (0.0000),intuitivo (0.0000),poluíram (0.0000),integridade (0.0000)
11609,arcada (0.0000),castanha (0.0000),intuitiva (0.0000),poluídos (0.0000),primorosa (0.0000)
11610,valorizada (0.0000),aliviam (0.0000),passando (0.0000),poluição (0.0000),primo (0.0000)
11611,valiosos (0.0000),teclas (0.0000),intrusivas (0.0000),polpa (0.0000),inteiros (0.0000)
11612,obsessão (0.0000),teclado (0.0000),introvertido (0.0000),polonesa (0.0000),intelecto (0.0000)
11613,arde (0.0000),aprendidos (0.0000),interseccionalidades (0.0000),polinizou (0.0000),primeiros (0.0000)
11614,ardendo (0.0000),castelo (0.0000),interseccional (0.0000),polidos (0.0000),inteligentes (0.0000)
11615,ardente (0.0000),alivia (0.0000),pegar (0.0000),polido (0.0000),intencionados (0.0000)
11616,ardia (0.0000),tecidas (0.0000),interioranos (0.0000),polidas (0.0000),intencional (0.0000)
11617,obsessivo (0.0000),alisamentos (0.0000),interligados (0.0000),polida (0.0000),intencionalmente (0.0000)
11618,ardor (0.0000),castigada (0.0000),pastel (0.0000),policiar (0.0000),primaveras (0.0000)
11619,nítidos (0.0000),castigado (0.0000),interiorzão (0.0000),plausível (0.0000),intensifica (0.0000)
11620,assisti (0.0000),castigadora (0.0000),interiorzinho (0.0000),platinado (0.0000),intensificado (0.0000)
11621,pastor (0.0000),aliso (0.0000),interioridade (0.0000),platinadas (0.0000),preá (0.0000)
11622,aviso (0.0000),castigam (0.0000),interiores (0.0000),plataformas (0.0000),instantânea (0.0000)
11623,auxiliar (0.0000),vagabundear (0.0000),interioranas (0.0000),pisamos (0.0000),instantes (0.0000)
11624,noturnas (0.0000),castigando (0.0000),intermináveis (0.0000),pisam (0.0000),princípio (0.0000)
11625,avaliam (0.0000),alisar (0.0000),interiorana (0.0000),pirão (0.0000),privilegiada (0.0000)
11626,avaliar (0.0000),utilizo (0.0000),pastelzinho (0.0000),pirapó (0.0000),problemática (0.0000)
11627,avaliava (0.0000),beges (0.0000),interferência (0.0000),piranhas (0.0000),insinuou (0.0000)
11628,avantajada (0.0000),algoritmos (0.0000),interfere (0.0000),piracicaba (0.0000),insista (0.0000)
11629,avantajados (0.0000),talhada (0.0000),interessou (0.0000),pipoca (0.0000),insistam (0.0000)
11630,avança (0.0000),ajude (0.0000),interesso (0.0000),pipe (0.0000),problema (0.0000)
11631,avançada (0.0000),certinha (0.0000),intermediário (0.0000),pipa (0.0000),privilégios (0.0000)
11632,avançando (0.0000),certinho (0.0000),pastagens (0.0000),pintá (0.0000),insistentes (0.0000)
11633,avanço (0.0000),batalho (0.0000),interruptor (0.0000),pintora (0.0000),privilegiar (0.0000)
11634,noticiário (0.0000),ajudavam (0.0000),internos (0.0000),pintei (0.0000),insistissem (0.0000)
11635,tímidos (0.0000),tam (0.0000),interrompe (0.0000),pintavam (0.0000),privilegiando (0.0000)
11636,têxtil (0.0000),talismãs (0.0000),passional (0.0000),pintam (0.0000),insisto (0.0000)
11637,avelãs (0.0000),talismã (0.0000),interpretado (0.0000),pins (0.0000),insistência (0.0000)
11638,têxteis (0.0000),talha (0.0000),interpretadas (0.0000),pinima (0.0000),insolação (0.0000)
11639,aventurado (0.0000),ajudem (0.0000),interpretada (0.0000),pinhão (0.0000),privilegiado (0.0000)
11640,tênues (0.0000),cerâmicas (0.0000),interpela (0.0000),pisaram (0.0000),inspirado (0.0000)
11641,térreas (0.0000),cessará (0.0000),interno (0.0000),piscar (0.0000),instalou (0.0000)
11642,aventurava (0.0000),ajudantes (0.0000),internacionais (0.0000),piscina (0.0000),privações (0.0000)
11643,aventurei (0.0000),cesta (0.0000),pasta (0.0000),planas (0.0000),privado (0.0000)
11644,notei (0.0000),cestaria (0.0000),internas (0.0000),planície (0.0000),privacidade (0.0000)
11645,térrea (0.0000),cestarias (0.0000),internalizados (0.0000),plantamos (0.0000),priorizar (0.0000)
11646,tédio (0.0000),ajudante (0.0000),internalizadas (0.0000),plantadas (0.0000),inspirasse (0.0000)
11647,notebook (0.0000),cestas (0.0000),internalizada (0.0000),plantada (0.0000),prioridades (0.0000)
11648,passe (0.0000),certidão (0.0000),internacional (0.0000),plano (0.0000),inspirações (0.0000)
11649,avesso (0.0000),certezas (0.0000),invadi (0.0000),planilhas (0.0000),inspiro (0.0000)
11650,auxiliando (0.0000),cestos (0.0000),invadia (0.0000),planejado (0.0000),instagram (0.0000)
11651,notáveis (0.0000),batem (0.0000),invadindo (0.0000),planalto (0.0000),instalar (0.0000)
11652,autônomo (0.0000),tanga (0.0000),parecidas (0.0000),piscinas (0.0000),instalaram (0.0000)
11653,passariam (0.0000),cerimônia (0.0000),parecer (0.0000),pixie (0.0000),instalava (0.0000)
11654,ufg (0.0000),cerimônias (0.0000),pareceram (0.0000),pixel (0.0000),instalavam (0.0000)
11655,novembro (0.0000),trançadas (0.0000),irreal (0.0000),pitoresco (0.0000),instalei (0.0000)
11656,autoajuda (0.0000),cerque (0.0000),irradiavam (0.0000),pitanga (0.0000),intensificava (0.0000)
11657,passaria (0.0000),cerquei (0.0000),irradiar (0.0000),pitadas (0.0000),preza (0.0000)
11658,uberlândia (0.0000),aprimorando (0.0000),pareceu (0.0000),pisoteada (0.0000),introvertidas (0.0000)
11659,uberaba (0.0000),tamborim (0.0000),parecido (0.0000),piso (0.0000),interpretada (0.0000)
11660,autocuidado (0.0000),cerrados (0.0000),parecendo (0.0000),ponderasse (0.0000),interruptor (0.0000)
11661,autodeclare (0.0000),tambor (0.0000),parede (0.0000),pondo (0.0000),interrompido (0.0000)
11662,autodefinir (0.0000),trançar (0.0000),irmandade (0.0000),ponga (0.0000),interrompe (0.0000)
11663,autodepreciação (0.0000),batatas (0.0000),irma (0.0000),pourri (0.0000),interpretação (0.0000)
11664,uaupés (0.0000),batata (0.0000),irecê (0.0000),prateados (0.0000),interpretar (0.0000)
11665,autodescobertas (0.0000),vistos (0.0000),pareçam (0.0000),prateado (0.0000),interpretadas (0.0000)
11666,autodeterminação (0.0000),tamborilam (0.0000),parlendas (0.0000),pras (0.0000),interpela (0.0000)
11667,tórax (0.0000),certamente (0.0000),irregulares (0.0000),praqueles (0.0000),intenções (0.0000)
11668,autodidata (0.0000),tambores (0.0000),irrepetível (0.0000),praquele (0.0000),internos (0.0000)
11669,uau (0.0000),certeiras (0.0000),passageiros (0.0000),praquelas (0.0000),pretinhos (0.0000)
11670,uacari (0.0000),cestinha (0.0000),isabela (0.0000),prancha (0.0000),internalizados (0.0000)
11671,autora (0.0000),vivas (0.0000),italianas (0.0000),pragmático (0.0000),internalizadas (0.0000)
11672,nove (0.0000),cercavam (0.0000),italiana (0.0000),praga (0.0000),internalizada (0.0000)
11673,autoral (0.0000),tacacá (0.0000),parcela (0.0000),pr (0.0000),internacionais (0.0000)
11674,túnicas (0.0000),chamas (0.0000),isoladas (0.0000),poéticas (0.0000),pretinho (0.0000)
11675,novamente (0.0000),chamativas (0.0000),isenta (0.0000),poética (0.0000),interseccionalidades (0.0000)
11676,autoridade (0.0000),ailton (0.0000),isadora (0.0000),pousar (0.0000),intersecção (0.0000)
11677,passarinhos (0.0000),aiko (0.0000),isa (0.0000),pousando (0.0000),intertribal (0.0000)
11678,notícias (0.0000),tai (0.0000),irreverente (0.0000),pousam (0.0000),intimidam (0.0000)
11679,túnica (0.0000),tagarela (0.0000),irônicas (0.0000),pousados (0.0000),intimidava (0.0000)
11680,avidamente (0.0000),trançavam (0.0000),irônica (0.0000),pousada (0.0000),intimidou (0.0000)
11681,avistar (0.0000),tacada (0.0000),pardas (0.0000),praticada (0.0000),intocada (0.0000)
11682,ufmg (0.0000),aprisionem (0.0000),irrita (0.0000),praticadas (0.0000),intransferível (0.0000)
11683,passear (0.0000),aipim (0.0000),pardos (0.0000),praticamente (0.0000),intrigante (0.0000)
11684,babados (0.0000),aprisioná (0.0000),irreversivelmente (0.0000),precioso (0.0000),intrigaria (0.0000)
11685,passional (0.0000),aika (0.0000),parnaíba (0.0000),precisei (0.0000),pretensiosa (0.0000)
11686,babaçu (0.0000),chance (0.0000),paro (0.0000),precisavam (0.0000),pretende (0.0000)
11687,passividade (0.0000),baste (0.0000),parques (0.0000),precisava (0.0000),intrinsicamente (0.0000)
11688,normalidade (0.0000),ai (0.0000),invento (0.0000),precisasse (0.0000),introduzida (0.0000)
11689,badalação (0.0000),aprofunda (0.0000),invisibilizada (0.0000),precisas (0.0000),introspectivos (0.0000)
11690,turismo (0.0000),bastava (0.0000),invisibiliza (0.0000),precisaria (0.0000),introversão (0.0000)
11691,bagunceiro (0.0000),vivemos (0.0000),particularidade (0.0000),preciosos (0.0000),prevalece (0.0000)
11692,bagunçada (0.0000),chamariam (0.0000),particularmente (0.0000),precedeu (0.0000),prevalecem (0.0000)
11693,turco (0.0000),aira (0.0000),partido (0.0000),praticamos (0.0000),interlocutor (0.0000)
11694,normais (0.0000),chacoalham (0.0000),inventou (0.0000),prece (0.0000),interessando (0.0000)
11695,bagunçando (0.0000),chamadas (0.0000),inventiva (0.0000),praças (0.0000),interagiu (0.0000)
11696,bagunçar (0.0000),ajeitava (0.0000),parreirais (0.0000),prazos (0.0000),interação (0.0000)
11697,turbulência (0.0000),chacota (0.0000),partidos (0.0000),prazo (0.0000),intercalado (0.0000)
11698,bagunçá (0.0000),ajeitar (0.0000),inventando (0.0000),prazeroso (0.0000),intercalados (0.0000)
11699,norma (0.0000),talentoso (0.0000),inventam (0.0000),pratique (0.0000),previsão (0.0000)
11700,pasta (0.0000),ajeitando (0.0000),inventadas (0.0000),pratico (0.0000),intercalar (0.0000)
11701,tupã (0.0000),ajeita (0.0000),inveja (0.0000),pousa (0.0000),interconectados (0.0000)
11702,baianidade (0.0000),aprisiona (0.0000),passageiro (0.0000),poupou (0.0000),interconectam (0.0000)
11703,tupiniquim (0.0000),talentosas (0.0000),invisibilizadas (0.0000),pontada (0.0000),interconexão (0.0000)
11704,baianos (0.0000),talentosa (0.0000),invisibilizante (0.0000),poupar (0.0000),intercâmbio (0.0000)
11705,baianês (0.0000),takumã (0.0000),invisibilizar (0.0000),posicionadas (0.0000),interdependentes (0.0000)
11706,pastagens (0.0000),aiyana (0.0000),particulares (0.0000),porã (0.0000),interdependência (0.0000)
11707,bailar (0.0000),talentos (0.0000),invisibilizou (0.0000),portas (0.0000),interessada (0.0000)
11708,bailes (0.0000),batalhadores (0.0000),invisto (0.0000),portanto (0.0000),interessam (0.0000)
11709,bainha (0.0000),batalhadoras (0.0000),participações (0.0000),portadoras (0.0000),previstos (0.0000)
11710,tupinambá (0.0000),chamamos (0.0000),participativo (0.0000),portadora (0.0000),interligados (0.0000)
11711,aĩ (0.0000),chamando (0.0000),participativa (0.0000),portador (0.0000),interessantes (0.0000)
11712,aíltona (0.0000),tal (0.0000),inês (0.0000),porquê (0.0000),interessarem (0.0000)
11713,aíla (0.0000),aisha (0.0000),início (0.0000),pormenorizada (0.0000),interessava (0.0000)
11714,nostálgica (0.0000),transportou (0.0000),inóspita (0.0000),porem (0.0000),interesse (0.0000)
11715,tácito (0.0000),tangível (0.0000),ioga (0.0000),porcos (0.0000),previsibilidade (0.0000)
11716,tábuas (0.0000),algodãozinho (0.0000),iorubá (0.0000),porcelana (0.0000),interessou (0.0000)
11717,twists (0.0000),bebendo (0.0000),ipanema (0.0000),porca (0.0000),interfere (0.0000)
11718,twist (0.0000),bebo (0.0000),ipiranga (0.0000),populacional (0.0000),interferência (0.0000)
11719,awa (0.0000),bebidas (0.0000),partem (0.0000),pontuar (0.0000),interioranas (0.0000)
11720,ax (0.0000),bebia (0.0000),interesse (0.0000),pontuam (0.0000),interioranos (0.0000)
11721,tv (0.0000),alegrou (0.0000),interessava (0.0000),ponte (0.0000),interiores (0.0000)
11722,ayan (0.0000),celebraram (0.0000),interessarem (0.0000),posicionado (0.0000),interioridade (0.0000)
11723,ayelen (0.0000),apressada (0.0000),peculiaridades (0.0000),posicionar (0.0000),interiorzinho (0.0000)
11724,azar (0.0000),transpiravam (0.0000),insistisse (0.0000),posiciono (0.0000),interligadas (0.0000)
11725,notado (0.0000),celebrava (0.0000),insistira (0.0000),posteriormente (0.0000),jardins (0.0000)
11726,nostálgico (0.0000),bebemos (0.0000),insistiam (0.0000),poupa (0.0000),jari (0.0000)
11727,nostalgia (0.0000),visceral (0.0000),insistia (0.0000),potiguar (0.0000),jaspe (0.0000)
11728,turista (0.0000),visitar (0.0000),peculiaridade (0.0000),potencialmente (0.0000),leggings (0.0000)
11729,azuladas (0.0000),celebrações (0.0000),insistente (0.0000),pote (0.0000),leitos (0.0000)
11730,turística (0.0000),celebre (0.0000),pecuária (0.0000),pot (0.0000),leitora (0.0000)
11731,nortistas (0.0000),celebremos (0.0000),peculiares (0.0000),posts (0.0000),lei (0.0000)
11732,turvo (0.0000),celebro (0.0000),pecuárias (0.0000),posto (0.0000),legítima (0.0000)
11733,turqueza (0.0000),celeste (0.0000),insista (0.0000),possíveis (0.0000),legumes (0.0000)
11734,aço (0.0000),alegrava (0.0000),pedacinhos (0.0000),positiva (0.0000),legou (0.0000)
11735,passeia (0.0000),bebe (0.0000),pedagogia (0.0000),possuísse (0.0000),legendas (0.0000)
11736,açoitavam (0.0000),viscose (0.0000),insinuasse (0.0000),possuímos (0.0000),prateado (0.0000)
11737,açoriana (0.0000),alerta (0.0000),insinua (0.0000),posição (0.0000),legaram (0.0000)
11738,açude (0.0000),utilização (0.0000),insistissem (0.0000),positivos (0.0000),legais (0.0000)
11739,noroeste (0.0000),celebradas (0.0000),insisto (0.0000),positivo (0.0000),prazeroso (0.0000)
11740,turmalina (0.0000),virtude (0.0000),inspiro (0.0000),positivas (0.0000),leciono (0.0000)
11741,ufjf (0.0000),taquari (0.0000),pautado (0.0000),positivamente (0.0000),leblon (0.0000)
11742,ausência (0.0000),virtuoso (0.0000),inspiração (0.0000),pinho (0.0000),leave (0.0000)
11743,nítido (0.0000),cega (0.0000),inspiravam (0.0000),pinheiro (0.0000),prazer (0.0000)
11744,atingem (0.0000),utilizei (0.0000),pausados (0.0000),pinhais (0.0000),leituras (0.0000)
11745,astral (0.0000),celebra (0.0000),inspirasse (0.0000),percebi (0.0000),lembrada (0.0000)
11746,nutriu (0.0000),algazarra (0.0000),inspiramos (0.0000),perdure (0.0000),lembrado (0.0000)
11747,astrofísica (0.0000),celebrada (0.0000),pautada (0.0000),perdurar (0.0000),pratique (0.0000)
11748,astronomia (0.0000),virão (0.0000),pautas (0.0000),perdidos (0.0000),pratico (0.0000)
11749,astros (0.0000),visa (0.0000),pecuarista (0.0000),perdidas (0.0000),praticar (0.0000)
11750,universitária (0.0000),celebrado (0.0000),pavimentado (0.0000),perdiam (0.0000),praticantes (0.0000)
11751,nutritivas (0.0000),celebrados (0.0000),inspirador (0.0000),perdeu (0.0000),praticante (0.0000)
11752,nutritiva (0.0000),alfabeto (0.0000),pavimentaram (0.0000),perdera (0.0000),lembrasse (0.0000)
11753,atabaque (0.0000),celebramos (0.0000),paysandu (0.0000),perdemos (0.0000),praticamos (0.0000)
11754,atabaques (0.0000),celebrando (0.0000),inspirada (0.0000),perde (0.0000),praticamente (0.0000)
11755,atacados (0.0000),transpirava (0.0000),pechincho (0.0000),perda (0.0000),praticadas (0.0000)
11756,atadura (0.0000),taquara (0.0000),pedalar (0.0000),percussão (0.0000),praticada (0.0000)
11757,atalaia (0.0000),bebê (0.0000),pedalava (0.0000),percurso (0.0000),lenda (0.0000)
11758,ataques (0.0000),tapuia (0.0000),inseriu (0.0000),percorridos (0.0000),prateados (0.0000)
11759,universal (0.0000),alegra (0.0000),pegado (0.0000),percorrido (0.0000),lendo (0.0000)
11760,universais (0.0000),tannicos (0.0000),inquieto (0.0000),percorrida (0.0000),lealdade (0.0000)
11761,atemporais (0.0000),tapajós (0.0000),inquietações (0.0000),percorrem (0.0000),prazo (0.0000)
11762,atende (0.0000),vislumbramos (0.0000),inquietação (0.0000),percorre (0.0000),prazos (0.0000)
11763,atender (0.0000),alaúde (0.0000),pedro (0.0000),perdão (0.0000),latino (0.0000)
11764,uniu (0.0000),batimento (0.0000),pega (0.0000),peregrinação (0.0000),laranjeira (0.0000)
11765,unirá (0.0000),alaranjados (0.0000),inquebrantáveis (0.0000),pereira (0.0000),laranjão (0.0000)
11766,atenuado (0.0000),transportando (0.0000),inovar (0.0000),perfumada (0.0000),lareira (0.0000)
11767,unindo (0.0000),alaranjado (0.0000),pedestal (0.0000),periféricos (0.0000),lares (0.0000)
11768,ater (0.0000),batidas (0.0000),inovadora (0.0000),pergunto (0.0000),precoce (0.0000)
11769,atestada (0.0000),utilizava (0.0000),inorganizável (0.0000),pergaminho (0.0000),largamente (0.0000)
11770,nutrir (0.0000),tapa (0.0000),inoportuna (0.0000),perfuradas (0.0000),largou (0.0000)
11771,nutrido (0.0000),visitá (0.0000),inocência (0.0000),perfumavam (0.0000),lascada (0.0000)
11772,assíduo (0.0000),tantão (0.0000),pegador (0.0000),perfumava (0.0000),precisando (0.0000)
11773,assídua (0.0000),tantinho (0.0000),pegam (0.0000),perfumadas (0.0000),lascar (0.0000)
11774,assustou (0.0000),batiam (0.0000),pedreira (0.0000),perfuma (0.0000),late (0.0000)
11775,assombra (0.0000),alagoano (0.0000),pedregoso (0.0000),pererê (0.0000),latejar (0.0000)
11776,uníssono (0.0000),al (0.0000),insaciável (0.0000),performática (0.0000),laterais (0.0000)
11777,assobiando (0.0000),cercanias (0.0000),pedregosa (0.0000),performativa (0.0000),latim (0.0000)
11778,assobiava (0.0000),tanque (0.0000),inscrever (0.0000),performances (0.0000),lau (0.0000)
11779,névoa (0.0000),cercaram (0.0000),inscrevera (0.0000),perfis (0.0000),praças (0.0000)
11780,passageiro (0.0000),batista (0.0000),inscreveu (0.0000),perfil (0.0000),precisamos (0.0000)
11781,associada (0.0000),alcançando (0.0000),inscrição (0.0000),perfeição (0.0000),lava (0.0000)
11782,associado (0.0000),aldeias (0.0000),insegura (0.0000),perfeccionista (0.0000),lavada (0.0000)
11783,associam (0.0000),centenárias (0.0000),insegurança (0.0000),perceptíveis (0.0000),lavadas (0.0000)
11784,associação (0.0000),aldeia (0.0000),inseguranças (0.0000),perceberia (0.0000),lavados (0.0000)
11785,assola (0.0000),cema (0.0000),inseguras (0.0000),perigosas (0.0000),preciosos (0.0000)
11786,assolam (0.0000),tapiz (0.0000),inseguro (0.0000),percebendo (0.0000),lavam (0.0000)
11787,assolava (0.0000),centelha (0.0000),inseparáveis (0.0000),pendendo (0.0000),lavanda (0.0000)
11788,assombrar (0.0000),centenas (0.0000),inseparável (0.0000),pendem (0.0000),lavaram (0.0000)
11789,assusto (0.0000),baía (0.0000),insere (0.0000),pelô (0.0000),lavavam (0.0000)
11790,assume (0.0000),alceu (0.0000),inserida (0.0000),peludo (0.0000),lavo (0.0000)
11791,náutico (0.0000),tapiocas (0.0000),inspirações (0.0000),pelotas (0.0000),lavou (0.0000)
11792,assumido (0.0000),apressava (0.0000),inspirou (0.0000),peles (0.0000),lavras (0.0000)
11793,assumir (0.0000),transportam (0.0000),interessantes (0.0000),pelada (0.0000),prece (0.0000)
11794,assumirem (0.0000),centenários (0.0000),intensidades (0.0000),peixes (0.0000),lendário (0.0000)
11795,assumo (0.0000),centrais (0.0000),patchouli (0.0000),peitoral (0.0000),lenhador (0.0000)
11796,nylon (0.0000),alcançá (0.0000),intensificou (0.0000),pegaram (0.0000),jataí (0.0000)
11797,passageiros (0.0000),alcançou (0.0000),intensificava (0.0000),pegar (0.0000),potiguar (0.0000)
11798,assustador (0.0000),alcançavam (0.0000),intensificar (0.0000),pegador (0.0000),ligeiro (0.0000)
11799,assustadora (0.0000),tapeba (0.0000),patchwork (0.0000),pegadas (0.0000),ligações (0.0000)
11800,nuvem (0.0000),visitou (0.0000),intensificado (0.0000),pegada (0.0000),potes (0.0000)
11801,assuste (0.0000),apresso (0.0000),paterna (0.0000),pedreira (0.0000),ligando (0.0000)
11802,ateu (0.0000),transbordante (0.0000),intenções (0.0000),pedregosa (0.0000),ligados (0.0000)
11803,nutrida (0.0000),divindades (0.0000),paterno (0.0000),pedindo (0.0000),ligadas (0.0000)
11804,novidade (0.0000),costuraram (0.0000),pato (0.0000),pendente (0.0000),lidou (0.0000)
11805,atitudes (0.0000),infiltrar (0.0000),intencional (0.0000),pendiam (0.0000),prateadas (0.0000)
11806,atribui (0.0000),inequívocos (0.0000),intencionados (0.0000),pendura (0.0000),liderança (0.0000)
11807,ultrapassadas (0.0000),pimentel (0.0000),patos (0.0000),penteando (0.0000),lidava (0.0000)
11808,atribulada (0.0000),pimentas (0.0000),patriarcal (0.0000),perceba (0.0000),poupa (0.0000)
11809,atributo (0.0000),pilão (0.0000),intensos (0.0000),percam (0.0000),poupar (0.0000)
11810,atribuí (0.0000),pigmentos (0.0000),patches (0.0000),percalços (0.0000),pouquinho (0.0000)
11811,atribuídas (0.0000),inesperados (0.0000),inspirá (0.0000),perca (0.0000),libélula (0.0000)
11812,passara (0.0000),inesquecíveis (0.0000),interconectam (0.0000),perambula (0.0000),pote (0.0000)
11813,atritos (0.0000),inesquecível (0.0000),interessante (0.0000),pequenininha (0.0000),ligue (0.0000)
11814,nuance (0.0000),inexplorados (0.0000),interessando (0.0000),penteava (0.0000),liguei (0.0000)
11815,nu (0.0000),inextinguível (0.0000),interessam (0.0000),pensem (0.0000),lilás (0.0000)
11816,noção (0.0000),pigmento (0.0000),interessada (0.0000),penduradas (0.0000),pot (0.0000)
11817,atual (0.0000),pigmentação (0.0000),pastoral (0.0000),pense (0.0000),posts (0.0000)
11818,atualizada (0.0000),pife (0.0000),intercâmbio (0.0000),pensativo (0.0000),posto (0.0000)
11819,atualizados (0.0000),infiltrou (0.0000),intercalar (0.0000),pensasse (0.0000),limitado (0.0000)
11820,nozes (0.0000),pinceladas (0.0000),patativa (0.0000),pensado (0.0000),limitadores (0.0000)
11821,uirapuru (0.0000),infindáveis (0.0000),intercalados (0.0000),penetrando (0.0000),limitante (0.0000)
11822,passarei (0.0000),infinidade (0.0000),intercalado (0.0000),penedo (0.0000),posteriormente (0.0000)
11823,audaciosa (0.0000),picância (0.0000),intercaladas (0.0000),pendurando (0.0000),limitação (0.0000)
11824,audacioso (0.0000),picos (0.0000),pastéis (0.0000),perigo (0.0000),possuísse (0.0000)
11825,auge (0.0000),inflexão (0.0000),interações (0.0000),perigosos (0.0000),limite (0.0000)
11826,augusto (0.0000),inflexíveis (0.0000),patagônia (0.0000),pingando (0.0000),possuímos (0.0000)
11827,novinho (0.0000),picardia (0.0000),inteligentes (0.0000),perícia (0.0000),limpar (0.0000)
11828,passarem (0.0000),picantes (0.0000),intelectual (0.0000),peço (0.0000),limparam (0.0000)
11829,aumenta (0.0000),picante (0.0000),intelecto (0.0000),petisco (0.0000),libriana (0.0000)
11830,aumentando (0.0000),picadas (0.0000),instantânea (0.0000),peteca (0.0000),pourri (0.0000)
11831,ufrgs (0.0000),piamente (0.0000),insubstituível (0.0000),pessoalmente (0.0000),pousada (0.0000)
11832,aurora (0.0000),peão (0.0000),instruções (0.0000),pessimista (0.0000),pragas (0.0000)
11833,atribuem (0.0000),petiscos (0.0000),instrução (0.0000),pesquisas (0.0000),lentas (0.0000)
11834,ultrapassar (0.0000),pincelada (0.0000),pausadas (0.0000),pesquisar (0.0000),lentes (0.0000)
11835,atravessava (0.0000),inegociáveis (0.0000),instintivamente (0.0000),pesquei (0.0000),pras (0.0000)
11836,unguentos (0.0000),indelevel (0.0000),instigar (0.0000),pesos (0.0000),praquelas (0.0000)
11837,uniformes (0.0000),pintam (0.0000),instantes (0.0000),pese (0.0000),lençol (0.0000)
11838,unido (0.0000),indelicados (0.0000),inteiros (0.0000),pesco (0.0000),lenços (0.0000)
11839,unidimensional (0.0000),piracicaba (0.0000),instantaneamente (0.0000),pescarias (0.0000),lençóis (0.0000)
11840,unidas (0.0000),pipe (0.0000),instalei (0.0000),pescaria (0.0000),prancha (0.0000)
11841,unicamente (0.0000),pipa (0.0000),instalações (0.0000),pescando (0.0000),pragmático (0.0000)
11842,ativistas (0.0000),pinçavam (0.0000),instalavam (0.0000),pescado (0.0000),letí (0.0000)
11843,ativo (0.0000),pintá (0.0000),instalar (0.0000),pesava (0.0000),leu (0.0000)
11844,unha (0.0000),indicador (0.0000),instagram (0.0000),pesando (0.0000),levada (0.0000)
11845,atlas (0.0000),indicadores (0.0000),insuficiente (0.0000),piauí (0.0000),levado (0.0000)
11846,atleta (0.0000),pintinha (0.0000),pausadamente (0.0000),picada (0.0000),levanto (0.0000)
11847,nutria (0.0000),indiferença (0.0000),intacta (0.0000),picadas (0.0000),levaria (0.0000)
11848,nutri (0.0000),indignação (0.0000),intactas (0.0000),pilha (0.0000),liberava (0.0000)
11849,atléticas (0.0000),pintavam (0.0000),intacto (0.0000),pincéis (0.0000),levasse (0.0000)
11850,passamos (0.0000),pintas (0.0000),pausa (0.0000),pinceladas (0.0000),praga (0.0000)
11851,unem (0.0000),indispensáveis (0.0000),integradas (0.0000),pincelada (0.0000),levei (0.0000)
11852,passagens (0.0000),pincéis (0.0000),paulistas (0.0000),pincel (0.0000),pr (0.0000)
11853,atos (0.0000),indispensável (0.0000),integralmente (0.0000),pimentel (0.0000),poético (0.0000)
11854,atraem (0.0000),indissociáveis (0.0000),paulistanês (0.0000),pimentas (0.0000),poéticas (0.0000)
11855,atraente (0.0000),indissociável (0.0000),paulistano (0.0000),pilão (0.0000),poças (0.0000)
11856,nus (0.0000),indistintas (0.0000),paulistanas (0.0000),pigmentos (0.0000),lex (0.0000)
11857,atraindo (0.0000),pintado (0.0000),integridade (0.0000),picante (0.0000),povoaram (0.0000)
11858,umbigo (0.0000),indivisíveis (0.0000),paulistana (0.0000),pigmento (0.0000),lgbtfobia (0.0000)
11859,umbanda (0.0000),pinima (0.0000),patrões (0.0000),pife (0.0000),pousando (0.0000)
11860,atravessado (0.0000),pinhão (0.0000),inteiras (0.0000),piedade (0.0000),lia (0.0000)
11861,nude (0.0000),pinheiro (0.0000),inteireza (0.0000),picância (0.0000),lianas (0.0000)
11862,atravessar (0.0000),pinhais (0.0000),permanecia (0.0000),picos (0.0000),liberais (0.0000)
11863,nestas (0.0000),pingando (0.0000),imigrou (0.0000),picardia (0.0000),precocemente (0.0000)
11864,serpente (0.0000),inebriantes (0.0000),imigração (0.0000),picape (0.0000),lara (0.0000)
11865,correntes (0.0000),inefáveis (0.0000),grajaú (0.0000),período (0.0000),laquê (0.0000)
11866,rebuscados (0.0000),informa (0.0000),porca (0.0000),perverso (0.0000),julgar (0.0000)
11867,portas (0.0000),peteca (0.0000),porcelana (0.0000),permanece (0.0000),juntam (0.0000)
11868,frenesi (0.0000),pesquisas (0.0000),grana (0.0000),pertença (0.0000),juninos (0.0000)
11869,limitante (0.0000),pertenciam (0.0000),gramática (0.0000),perpetua (0.0000),junino (0.0000)
11870,recebi (0.0000),inscrição (0.0000),grampo (0.0000),perolado (0.0000),juninho (0.0000)
11871,frequentamos (0.0000),insegura (0.0000),gramatical (0.0000),perola (0.0000),preferimos (0.0000)
11872,frequentar (0.0000),inseguras (0.0000),porcos (0.0000),pernambucanas (0.0000),julgue (0.0000)
11873,recatadas (0.0000),perícia (0.0000),granola (0.0000),permitiu (0.0000),preferível (0.0000)
11874,limitadoras (0.0000),perverso (0.0000),grafiteiro (0.0000),permitiremos (0.0000),lapidadas (0.0000)
11875,limitador (0.0000),insere (0.0000),grafiteira (0.0000),permitiram (0.0000),julgador (0.0000)
11876,recarregam (0.0000),inseridas (0.0000),graduação (0.0000),permitindo (0.0000),julgada (0.0000)
11877,recado (0.0000),inserido (0.0000),gradualmente (0.0000),permitiam (0.0000),julga (0.0000)
11878,porã (0.0000),inseriu (0.0000),gradual (0.0000),permitia (0.0000),pregando (0.0000)
11879,lilás (0.0000),inseto (0.0000),graduada (0.0000),permeando (0.0000),pregas (0.0000)
11880,fresquinhos (0.0000),insetos (0.0000),grandeza (0.0000),permaneçam (0.0000),prego (0.0000)
11881,receptivos (0.0000),insinua (0.0000),gratificante (0.0000),permaneça (0.0000),juntamente (0.0000)
11882,frestas (0.0000),insinuando (0.0000),pormenorizada (0.0000),permanecia (0.0000),juntando (0.0000)
11883,liguei (0.0000),insinuou (0.0000),pontuando (0.0000),permaneceu (0.0000),juntavam (0.0000)
11884,ligue (0.0000),pesquisa (0.0000),gremista (0.0000),permanecer (0.0000),preferi (0.0000)
11885,rebuscadas (0.0000),pertencesse (0.0000),grelhado (0.0000),permanecemos (0.0000),juquinha (0.0000)
11886,friorenta (0.0000),pertencer (0.0000),graú (0.0000),perpetuam (0.0000),jura (0.0000)
11887,rebelião (0.0000),insistente (0.0000),pontuados (0.0000),perpetuando (0.0000),jurandir (0.0000)
11888,frisar (0.0000),insistentes (0.0000),pontuam (0.0000),perpetuação (0.0000),jurandizinho (0.0000)
11889,friso (0.0000),pertencentes (0.0000),graxa (0.0000),personalidades (0.0000),preferencialmente (0.0000)
11890,posicionado (0.0000),pertencente (0.0000),pontuar (0.0000),pertencia (0.0000),juremas (0.0000)
11891,frondosa (0.0000),insistindo (0.0000),grato (0.0000),pertencentes (0.0000),juremir (0.0000)
11892,rebelam (0.0000),insistira (0.0000),gravata (0.0000),pertencente (0.0000),juro (0.0000)
11893,frontal (0.0000),insistissem (0.0000),pontuava (0.0000),pertencem (0.0000),juru (0.0000)
11894,fronte (0.0000),perspicazes (0.0000),populacional (0.0000),perspicazes (0.0000),juruá (0.0000)
11895,recebidos (0.0000),personificadas (0.0000),popular (0.0000),personificadas (0.0000),jurê (0.0000)
11896,fraterno (0.0000),inspirado (0.0000),populares (0.0000),personifica (0.0000),jussara (0.0000)
11897,limitação (0.0000),inspirador (0.0000),graus (0.0000),persistir (0.0000),prefeitura (0.0000)
11898,recebo (0.0000),inscrevera (0.0000),porem (0.0000),perplexos (0.0000),pregos (0.0000)
11899,limonada (0.0000),inscrever (0.0000),poro (0.0000),persistia (0.0000),ju (0.0000)
11900,fracamente (0.0000),inscrevem (0.0000),guaíba (0.0000),persisti (0.0000),preguiçosa (0.0000)
11901,limito (0.0000),pesados (0.0000),golpes (0.0000),perseverar (0.0000),prendê (0.0000)
11902,fracos (0.0000),pesquei (0.0000),gordurinhas (0.0000),perseveram (0.0000),jateada (0.0000)
11903,receptivo (0.0000),infortúnio (0.0000),gordo (0.0000),perseguiu (0.0000),jazz (0.0000)
11904,fragilidades (0.0000),infortúnios (0.0000),gorda (0.0000),persegue (0.0000),preocupado (0.0000)
11905,fragmentadas (0.0000),pesco (0.0000),gonçalves (0.0000),persa (0.0000),jegue (0.0000)
11906,fragmentado (0.0000),ingestão (0.0000),gonzaguinha (0.0000),retinta (0.0000),preocupada (0.0000)
11907,fragmentos (0.0000),inglaterra (0.0000),gonzaga (0.0000),retomada (0.0000),preocupa (0.0000)
11908,receptiva (0.0000),ingrata (0.0000),goles (0.0000),retorcida (0.0000),jeitão (0.0000)
11909,fragrâncias (0.0000),ingrediente (0.0000),gosta (0.0000),tráfego (0.0000),jequitibá (0.0000)
11910,fraldas (0.0000),pescando (0.0000),gole (0.0000),trouxa (0.0000),jequié (0.0000)
11911,limite (0.0000),pescado (0.0000),goianês (0.0000),troquei (0.0000),jeremias (0.0000)
11912,francamente (0.0000),iniciativas (0.0000),goianos (0.0000),troféu (0.0000),jeri (0.0000)
11913,recentemente (0.0000),iniciação (0.0000),goianiense (0.0000),trocou (0.0000),prenunciando (0.0000)
11914,recente (0.0000),inigualáveis (0.0000),goianas (0.0000),trocava (0.0000),jian (0.0000)
11915,francos (0.0000),pesava (0.0000),goiana (0.0000),trocas (0.0000),jivaro (0.0000)
11916,frango (0.0000),pesares (0.0000),gospel (0.0000),trocando (0.0000),prenderem (0.0000)
11917,franja (0.0000),injustiças (0.0000),gostado (0.0000),trocado (0.0000),preguiçoso (0.0000)
11918,franjas (0.0000),injusto (0.0000),gracinhas (0.0000),trocadas (0.0000),joga (0.0000)
11919,franze (0.0000),inocência (0.0000),gostinho (0.0000),trocada (0.0000),prendendo (0.0000)
11920,receio (0.0000),inoportuna (0.0000),poros (0.0000),troca (0.0000),jogavam (0.0000)
11921,franzina (0.0000),inovadora (0.0000),goytacazes (0.0000),tristes (0.0000),jogo (0.0000)
11922,limitações (0.0000),inovar (0.0000),gostou (0.0000),triste (0.0000),prendedores (0.0000)
11923,franzir (0.0000),inquebrantáveis (0.0000),gostoso (0.0000),trintão (0.0000),prendedor (0.0000)
11924,fraqueza (0.0000),inquestionáveis (0.0000),gostos (0.0000),trilharam (0.0000),prendas (0.0000)
11925,fraquinho (0.0000),inquietações (0.0000),porquê (0.0000),trilhar (0.0000),prenda (0.0000)
11926,fronteiras (0.0000),inquieto (0.0000),gostei (0.0000),trilhados (0.0000),jornais (0.0000)
11927,frouxa (0.0000),inquietos (0.0000),gostam (0.0000),truco (0.0000),prematuras (0.0000)
11928,frustra (0.0000),inquietude (0.0000),goste (0.0000),trópicos (0.0000),jornalismo (0.0000)
11929,funcionam (0.0000),indelicadas (0.0000),gostava (0.0000),utilização (0.0000),jornalista (0.0000)
11930,funcionário (0.0000),indefinível (0.0000),gostasse (0.0000),tucano (0.0000),prejudica (0.0000)
11931,funcionários (0.0000),percebendo (0.0000),gostaria (0.0000),turqueza (0.0000),preito (0.0000)
11932,funda (0.0000),improvisados (0.0000),gostar (0.0000),turmalina (0.0000),preestabelecidos (0.0000)
11933,realçada (0.0000),plenitude (0.0000),gostando (0.0000),turma (0.0000),preenchidas (0.0000)
11934,fundamentalmente (0.0000),impressiona (0.0000),grife (0.0000),turista (0.0000),juvenil (0.0000)
11935,fundas (0.0000),impressionam (0.0000),grifes (0.0000),turismo (0.0000),ladeira (0.0000)
11936,positivamente (0.0000),impressionante (0.0000),pontuadas (0.0000),turbulências (0.0000),krenak (0.0000)
11937,lidou (0.0000),impressionantes (0.0000),poeta (0.0000),turbulência (0.0000),kuluene (0.0000)
11938,fundia (0.0000),impressionavam (0.0000),guardada (0.0000),turbulento (0.0000),kung (0.0000)
11939,lides (0.0000),impressos (0.0000),poema (0.0000),tupã (0.0000),predileção (0.0000)
11940,liderança (0.0000),imprevisibilidade (0.0000),guarapiranga (0.0000),tupiniquim (0.0000),prediletos (0.0000)
11941,realizou (0.0000),imprevisíveis (0.0000),guarapari (0.0000),tupinambá (0.0000),kã (0.0000)
11942,fundiram (0.0000),imprimia (0.0000),poemas (0.0000),tupa (0.0000),predileta (0.0000)
11943,fundiu (0.0000),imprimindo (0.0000),poesias (0.0000),tukano (0.0000),predefinidos (0.0000)
11944,realizem (0.0000),improvisada (0.0000),polegar (0.0000),tuju (0.0000),predefinidas (0.0000)
11945,realizações (0.0000),playlist (0.0000),guardado (0.0000),tucuxi (0.0000),laboriosa (0.0000)
11946,funerais (0.0000),improvisar (0.0000),guarana (0.0000),tucumã (0.0000),labrador (0.0000)
11947,positivos (0.0000),impregnando (0.0000),guamá (0.0000),tucum (0.0000),labret (0.0000)
11948,funções (0.0000),impulsionando (0.0000),guajará (0.0000),trilhado (0.0000),labutado (0.0000)
11949,furacão (0.0000),impulsionar (0.0000),poli (0.0000),tricotando (0.0000),labuto (0.0000)
11950,furar (0.0000),impulsionava (0.0000),policiar (0.0000),tributo (0.0000),preconcebida (0.0000)
11951,libélula (0.0000),impulsiva (0.0000),polinizou (0.0000),tribos (0.0000),klein (0.0000)
11952,furiosas (0.0000),impunha (0.0000),guardadas (0.0000),trato (0.0000),lagoa (0.0000)
11953,furiosos (0.0000),impurezas (0.0000),guardados (0.0000),tratar (0.0000),lagoas (0.0000)
11954,fusca (0.0000),planícies (0.0000),grilhões (0.0000),tratamentos (0.0000),laje (0.0000)
11955,realizava (0.0000),imune (0.0000),poderei (0.0000),tratamento (0.0000),lambendo (0.0000)
11956,libriana (0.0000),inaceitável (0.0000),pobre (0.0000),tratam (0.0000),lamber (0.0000)
11957,funcionando (0.0000),inacessíveis (0.0000),pobreza (0.0000),tratados (0.0000),lamenta (0.0000)
11958,realçado (0.0000),inalcançável (0.0000),guarujá (0.0000),tratado (0.0000),lamentos (0.0000)
11959,frustrada (0.0000),plantavam (0.0000),poca (0.0000),trarão (0.0000),lamparina (0.0000)
11960,realçados (0.0000),inatas (0.0000),poda (0.0000),tranço (0.0000),lampião (0.0000)
11961,frustrado (0.0000),impregnava (0.0000),podcasts (0.0000),trançei (0.0000),lancha (0.0000)
11962,frustrante (0.0000),impregnados (0.0000),guardei (0.0000),trançavam (0.0000),lanternas (0.0000)
11963,frustrar (0.0000),indecisa (0.0000),poeirento (0.0000),trançadas (0.0000),lança (0.0000)
11964,frustração (0.0000),poderoso (0.0000),podia (0.0000),transversal (0.0000),lançado (0.0000)
11965,reaproveitar (0.0000),impetuoso (0.0000),guardassem (0.0000),transporte (0.0000),lançavam (0.0000)
11966,reaproveitamento (0.0000),impeça (0.0000),guardasse (0.0000),transportando (0.0000),krahô (0.0000)
11967,frutíferas (0.0000),impiedoso (0.0000),podão (0.0000),transpiravam (0.0000),kimono (0.0000)
11968,ligando (0.0000),impiedosos (0.0000),poeirenta (0.0000),transpirava (0.0000),preenchida (0.0000)
11969,frágil (0.0000),poema (0.0000),guardanapos (0.0000),trator (0.0000),predominantes (0.0000)
11970,ligados (0.0000),implacabilidade (0.0000),grêmio (0.0000),tratores (0.0000),juão (0.0000)
11971,reaproveitados (0.0000),implacable (0.0000),polir (0.0000),tratou (0.0000),juçara (0.0000)
11972,fuga (0.0000),implacáveis (0.0000),politicamente (0.0000),traçava (0.0000),jânio (0.0000)
11973,fugazes (0.0000),poeirentos (0.0000),pondo (0.0000),tribal (0.0000),jão (0.0000)
11974,fugia (0.0000),poeirenta (0.0000),gritaria (0.0000),trevo (0.0000),jê (0.0000)
11975,posiciono (0.0000),implícitos (0.0000),gritaram (0.0000),tretas (0.0000),jô (0.0000)
11976,fugindo (0.0000),podiam (0.0000),gritantes (0.0000),trepadeira (0.0000),preenchem (0.0000)
11977,fulni (0.0000),poderosos (0.0000),gritante (0.0000),treme (0.0000),ka (0.0000)
11978,fulniô (0.0000),poderosas (0.0000),ponderasse (0.0000),trecho (0.0000),kadiwéu (0.0000)
11979,fuma (0.0000),plumas (0.0000),ponderação (0.0000),traía (0.0000),predominava (0.0000)
11980,fumado (0.0000),poderes (0.0000),pontada (0.0000),traçados (0.0000),kaiapó (0.0000)
11981,fumando (0.0000),importação (0.0000),polonesa (0.0000),trava (0.0000),kaingang (0.0000)
11982,fumaça (0.0000),poderei (0.0000),pontinhos (0.0000),trazidos (0.0000),kaio (0.0000)
11983,reaproveitadas (0.0000),poda (0.0000),grisalhando (0.0000),trazido (0.0000),kaiowá (0.0000)
11984,ligadas (0.0000),poca (0.0000),grisalham (0.0000),trazidas (0.0000),kalapalo (0.0000)
11985,reapropria (0.0000),impositiva (0.0000),grisalha (0.0000),travo (0.0000),kim (0.0000)
11986,reaprendendo (0.0000),pneuzinhos (0.0000),gringo (0.0000),travesti (0.0000),kalunga (0.0000)
11987,realçavam (0.0000),pneus (0.0000),grilos (0.0000),travessão (0.0000),karai (0.0000)
11988,fotógrafa (0.0000),pneu (0.0000),gritava (0.0000),travaram (0.0000),karajá (0.0000)
11989,fotográfica (0.0000),plástico (0.0000),ponderadas (0.0000),turvo (0.0000),kariri (0.0000)
11990,recriam (0.0000),pluralidade (0.0000),pomeranos (0.0000),turístico (0.0000),kasato (0.0000)
11991,reconhecido (0.0000),plural (0.0000),pomeranas (0.0000),tv (0.0000),katu (0.0000)
11992,fluvial (0.0000),imprecisão (0.0000),pomadas (0.0000),unindo (0.0000),kaue (0.0000)
11993,lindalva (0.0000),inato (0.0000),pomada (0.0000),urucum (0.0000),kayapó (0.0000)
11994,fluído (0.0000),incalculável (0.0000),grossenses (0.0000),urso (0.0000),keiko (0.0000)
11995,flúor (0.0000),incandescente (0.0000),grosseria (0.0000),urgência (0.0000),ken (0.0000)
11996,reconstruindo (0.0000),inconstantes (0.0000),polêmico (0.0000),urgente (0.0000),kenji (0.0000)
11997,focado (0.0000),incomparáveis (0.0000),grudadas (0.0000),urbanos (0.0000),kenzo (0.0000)
11998,reconheçam (0.0000),incomparável (0.0000),grudados (0.0000),urbanização (0.0000),predominante (0.0000)
11999,focarei (0.0000),incompleteness (0.0000),polpa (0.0000),urbanismo (0.0000),kiko (0.0000)
12000,reconhecível (0.0000),incompleto (0.0000),grudaram (0.0000),urbanidade (0.0000),insinuasse (0.0000)
12001,fofa (0.0000),incompletude (0.0000),grudenta (0.0000),uraricoera (0.0000),insetos (0.0000)
12002,fofo (0.0000),incompreensível (0.0000),grudento (0.0000),up (0.0000),dançou (0.0000)
12003,fofoca (0.0000),incompreensões (0.0000),polos (0.0000),uníssono (0.0000),pátio (0.0000)
12004,fofocas (0.0000),pisaram (0.0000),grunge (0.0000),universos (0.0000),iaí (0.0000)
12005,fogem (0.0000),pisamos (0.0000),goiabeira (0.0000),universitário (0.0000),iauará (0.0000)
12006,fotografo (0.0000),inconfundíveis (0.0000),goiabas (0.0000),universitária (0.0000),iauaretê (0.0000)
12007,fogueiras (0.0000),pisam (0.0000),goiabada (0.0000),universal (0.0000),ias (0.0000)
12008,reconhecia (0.0000),inconsciente (0.0000),gastar (0.0000),universais (0.0000),iarã (0.0000)
12009,reconhecesse (0.0000),pisa (0.0000),gata (0.0000),unirá (0.0000),iaru (0.0000)
12010,folclore (0.0000),incontestável (0.0000),gastronômicas (0.0000),uruguai (0.0000),iarinha (0.0000)
12011,folclórica (0.0000),incansavelmente (0.0000),gastronomia (0.0000),usado (0.0000),identificasse (0.0000)
12012,folclóricas (0.0000),incontida (0.0000),gastou (0.0000),usados (0.0000),pátria (0.0000)
12013,folga (0.0000),pirão (0.0000),pousados (0.0000),utensílio (0.0000),iaraí (0.0000)
12014,folgada (0.0000),inconveniente (0.0000),gastaram (0.0000),utilizar (0.0000),iaraçu (0.0000)
12015,folgado (0.0000),incorpora (0.0000),gasta (0.0000),utilizam (0.0000),iaras (0.0000)
12016,folgados (0.0000),incorporam (0.0000),gatos (0.0000),utilizadas (0.0000),pérola (0.0000)
12017,folha (0.0000),incorporando (0.0000),pousam (0.0000),utilizada (0.0000),iaporã (0.0000)
12018,poro (0.0000),pirapó (0.0000),garrafa (0.0000),utilitárias (0.0000),iaó (0.0000)
12019,folheavam (0.0000),piranhas (0.0000),pousar (0.0000),utilidade (0.0000),iaô (0.0000)
12020,flutuo (0.0000),inculto (0.0000),garotinha (0.0000),utensílios (0.0000),ibirama (0.0000)
12021,flutuava (0.0000),incutidas (0.0000),garoa (0.0000),usualmente (0.0000),ibirapitanga (0.0000)
12022,flutuasse (0.0000),incutiram (0.0000),povoam (0.0000),usamos (0.0000),ibirapuera (0.0000)
12023,flutuante (0.0000),incêndios (0.0000),gatas (0.0000),usina (0.0000),ibiá (0.0000)
12024,florescente (0.0000),incômodas (0.0000),pourri (0.0000),usei (0.0000),ica (0.0000)
12025,recostavam (0.0000),incomodou (0.0000),generalizadas (0.0000),use (0.0000),icoaraci (0.0000)
12026,florescerem (0.0000),pisoteada (0.0000),gelado (0.0000),usavam (0.0000),páscoa (0.0000)
12027,floresceu (0.0000),incomensurável (0.0000),genealogia (0.0000),usasse (0.0000),idades (0.0000)
12028,floresciam (0.0000),incoerência (0.0000),geminadas (0.0000),usaria (0.0000),idas (0.0000)
12029,recorte (0.0000),incansáveis (0.0000),poupar (0.0000),usarei (0.0000),pálpebra (0.0000)
12030,florestais (0.0000),incendiar (0.0000),gema (0.0000),unir (0.0000),idealista (0.0000)
12031,floresça (0.0000),incensário (0.0000),gem (0.0000),unidimensional (0.0000),idealiza (0.0000)
12032,floresçam (0.0000),incentivando (0.0000),gelo (0.0000),twist (0.0000),pálida (0.0000)
12033,florianópolis (0.0000),plantamos (0.0000),geladinho (0.0000),unicamente (0.0000),pyau (0.0000)
12034,porem (0.0000),incentivou (0.0000),gay (0.0000),uau (0.0000),puxou (0.0000)
12035,floridas (0.0000),incerta (0.0000),geladas (0.0000),uacari (0.0000),ianã (0.0000)
12036,recorrente (0.0000),incertas (0.0000),gelada (0.0000),túnicas (0.0000),ian (0.0000)
12037,recordações (0.0000),incerteza (0.0000),gel (0.0000),túnica (0.0000),iaia (0.0000)
12038,florindo (0.0000),incertezas (0.0000),gaúchos (0.0000),tórax (0.0000),quadrada (0.0000)
12039,lindas (0.0000),plantam (0.0000),poupou (0.0000),tímidos (0.0000),quais (0.0000)
12040,florzinha (0.0000),incessantes (0.0000),pouquinho (0.0000),tímida (0.0000),horizontais (0.0000)
12041,recordando (0.0000),plantado (0.0000),povoaram (0.0000),têxtil (0.0000),quadrinhos (0.0000)
12042,recordada (0.0000),incide (0.0000),garimpar (0.0000),têxteis (0.0000),hortaliças (0.0000)
12043,pores (0.0000),plantadas (0.0000),garimpando (0.0000),tênue (0.0000),horário (0.0000)
12044,recontada (0.0000),incisiva (0.0000),galo (0.0000),térreas (0.0000),hospital (0.0000)
12045,reconstrói (0.0000),plantada (0.0000),ganham (0.0000),térrea (0.0000),hospitaleira (0.0000)
12046,reconstruído (0.0000),inclemência (0.0000),ganha (0.0000),tédio (0.0000),hospitaleiras (0.0000)
12047,reconstrução (0.0000),inclina (0.0000),pragmatismo (0.0000),técnica (0.0000),hospitaleiro (0.0000)
12048,fluiu (0.0000),inclinado (0.0000),galã (0.0000),tácito (0.0000),hospitalidade (0.0000)
12049,reconstruir (0.0000),planilhas (0.0000),galpões (0.0000),tábuas (0.0000),quadrado (0.0000)
12050,flutuando (0.0000),planeja (0.0000),galpão (0.0000),twists (0.0000),hour (0.0000)
12051,poros (0.0000),planas (0.0000),pragmática (0.0000),uaupés (0.0000),quadradinhos (0.0000)
12052,fone (0.0000),planalto (0.0000),garimpados (0.0000),uberaba (0.0000),humanas (0.0000)
12053,fonemas (0.0000),pitoresco (0.0000),galinhada (0.0000),uberlândia (0.0000),humaniza (0.0000)
12054,fornecem (0.0000),pitanga (0.0000),galinha (0.0000),ultrapassadas (0.0000),pérolas (0.0000)
12055,reclame (0.0000),incluído (0.0000),pragmático (0.0000),unia (0.0000),públicos (0.0000)
12056,reclamação (0.0000),personificada (0.0000),galerinha (0.0000),unha (0.0000),põe (0.0000)
12057,reclamava (0.0000),personagens (0.0000),galerias (0.0000),unguentos (0.0000),pôsteres (0.0000)
12058,fortalecemos (0.0000),inspiramos (0.0000),galera (0.0000),undercut (0.0000),hummm (0.0000)
12059,fortalecendo (0.0000),perdure (0.0000),ganhara (0.0000),umbigo (0.0000),pós (0.0000)
12060,fortalecer (0.0000),performativa (0.0000),pragas (0.0000),umbanda (0.0000),pêssego (0.0000)
12061,fortalecido (0.0000),irradiar (0.0000),ganho (0.0000),ultrapassar (0.0000),hábilmente (0.0000)
12062,fortalecimento (0.0000),perfeitas (0.0000),ganhos (0.0000),ultrapassa (0.0000),pétalas (0.0000)
12063,reclamando (0.0000),irredutível (0.0000),ganhou (0.0000),ufg (0.0000),hã (0.0000)
12064,fortaleça (0.0000),pererê (0.0000),praga (0.0000),ultimamente (0.0000),hãe (0.0000)
12065,fortaleçam (0.0000),irregulares (0.0000),pr (0.0000),ukulele (0.0000),híbrida (0.0000)
12066,fortaleço (0.0000),irregularmente (0.0000),garanta (0.0000),uirapuru (0.0000),híbrido (0.0000)
12067,portadoras (0.0000),irrepetível (0.0000),garante (0.0000),ufrgs (0.0000),hídrica (0.0000)
12068,fortuna (0.0000),irreversivelmente (0.0000),garantidas (0.0000),ufmt (0.0000),péssimo (0.0000)
12069,fortunas (0.0000),irrigação (0.0000),garantido (0.0000),ufmg (0.0000),identificando (0.0000)
12070,fortíssima (0.0000),irá (0.0000),poéticas (0.0000),ufjf (0.0000),identificava (0.0000)
12071,reciclagem (0.0000),peregrinação (0.0000),poética (0.0000),transpassava (0.0000),honro (0.0000)
12072,forçado (0.0000),perdão (0.0000),garantisse (0.0000),transparentes (0.0000),pulmõs (0.0000)
12073,forçam (0.0000),iscas (0.0000),gargalhada (0.0000),transparecendo (0.0000),imaginavam (0.0000)
12074,reciclado (0.0000),perfuma (0.0000),power (0.0000),tingir (0.0000),imaginava (0.0000)
12075,forçaram (0.0000),isento (0.0000),garimpadas (0.0000),tocamos (0.0000),pudéssemos (0.0000)
12076,reciclada (0.0000),isoladas (0.0000),poupa (0.0000),tocada (0.0000),imaginando (0.0000)
12077,forçavam (0.0000),itaituba (0.0000),generalizante (0.0000),toalha (0.0000),imaginam (0.0000)
12078,forçou (0.0000),perdurar (0.0000),goiaba (0.0000),to (0.0000),pulmões (0.0000)
12079,fosco (0.0000),perdoar (0.0000),gerou (0.0000),tirou (0.0000),ima (0.0000)
12080,recheada (0.0000),perdiam (0.0000),gesticulavam (0.0000),tirem (0.0000),identificação (0.0000)
12081,fotografias (0.0000),itamar (0.0000),gesticular (0.0000),tirava (0.0000),ilustrativos (0.0000)
12082,fornecidas (0.0000),itapemirim (0.0000),gesticulando (0.0000),tiras (0.0000),ilustrativa (0.0000)
12083,formulários (0.0000),itaquê (0.0000),gesticulam (0.0000),tiramos (0.0000),pulsar (0.0000)
12084,fones (0.0000),itá (0.0000),gestações (0.0000),tirado (0.0000),ilustram (0.0000)
12085,formosa (0.0000),ivinhema (0.0000),gerânio (0.0000),tiradentes (0.0000),ilustradorx (0.0000)
12086,limpos (0.0000),ixe (0.0000),germânica (0.0000),tiradas (0.0000),ilustradora (0.0000)
12087,fonéticas (0.0000),iza (0.0000),portugal (0.0000),tipos (0.0000),pudores (0.0000)
12088,foquei (0.0000),performática (0.0000),gerente (0.0000),tipicamente (0.0000),imaginemos (0.0000)
12089,forasteiros (0.0000),perfumada (0.0000),gerencio (0.0000),tinturas (0.0000),pudim (0.0000)
12090,reconforta (0.0000),inspirava (0.0000),gerenciando (0.0000),tintura (0.0000),imaginou (0.0000)
12091,reconectar (0.0000),perfumava (0.0000),portugueses (0.0000),tinto (0.0000),pudessem (0.0000)
12092,reconecta (0.0000),perfuradas (0.0000),posiciona (0.0000),tocarem (0.0000),imbaúba (0.0000)
12093,reconciliar (0.0000),invisibiliza (0.0000),gerar (0.0000),tocavam (0.0000),imediata (0.0000)
12094,porquê (0.0000),invisibilizadas (0.0000),gesticulo (0.0000),tocou (0.0000),publicidade (0.0000)
12095,recompõe (0.0000),invisibilizados (0.0000),gibis (0.0000),tomavam (0.0000),imemoriais (0.0000)
12096,recompensas (0.0000),invisibilizante (0.0000),generalizantes (0.0000),toquei (0.0000),publicações (0.0000)
12097,formadas (0.0000),invisibilizar (0.0000),glacial (0.0000),topete (0.0000),publicamente (0.0000)
12098,formados (0.0000),invisibilização (0.0000),gogh (0.0000),tonta (0.0000),psicodélico (0.0000)
12099,recompensar (0.0000),invisibilizou (0.0000),goela (0.0000),toninho (0.0000),psicodélica (0.0000)
12100,limpezas (0.0000),perfumes (0.0000),global (0.0000),tonalidades (0.0000),imersa (0.0000)
12101,formalidades (0.0000),invocam (0.0000),glitter (0.0000),tomei (0.0000),imerso (0.0000)
12102,formalizados (0.0000),invés (0.0000),glamouroso (0.0000),tombos (0.0000),imersão (0.0000)
12103,portador (0.0000),inóspita (0.0000),glamour (0.0000),tomates (0.0000),imigrante (0.0000)
12104,formando (0.0000),perfumavam (0.0000),giz (0.0000),todxs (0.0000),iluminará (0.0000)
12105,formaram (0.0000),perfumando (0.0000),gigante (0.0000),tomate (0.0000),punha (0.0000)
12106,recomeço (0.0000),irmandade (0.0000),girassóis (0.0000),tomaram (0.0000),iluminados (0.0000)
12107,recomendou (0.0000),iorubá (0.0000),girar (0.0000),tomamos (0.0000),ignorando (0.0000)
12108,formaturas (0.0000),ipanema (0.0000),gingado (0.0000),tomado (0.0000),puxo (0.0000)
12109,recolhidos (0.0000),ipecacuanha (0.0000),ginga (0.0000),tomada (0.0000),identifique (0.0000)
12110,formavam (0.0000),ipiranga (0.0000),portas (0.0000),tolerada (0.0000),ideológicos (0.0000)
12111,recolher (0.0000),ipueira (0.0000),portava (0.0000),toka (0.0000),puxaram (0.0000)
12112,formigas (0.0000),perfumado (0.0000),gerando (0.0000),tinindo (0.0000),idiomas (0.0000)
12113,libertos (0.0000),perfumadas (0.0000),posicionadas (0.0000),tingindo (0.0000),ido (0.0000)
12114,futuras (0.0000),iraceminha (0.0000),posicionado (0.0000),torcendo (0.0000),idoso (0.0000)
12115,futurismo (0.0000),iranduba (0.0000),gengivas (0.0000),tingimentos (0.0000),idosos (0.0000)
12116,rachar (0.0000),irantã (0.0000),positivos (0.0000),tesouras (0.0000),puxar (0.0000)
12117,pousa (0.0000),irecê (0.0000),genuinamente (0.0000),tesoura (0.0000),igapó (0.0000)
12118,global (0.0000),iridescente (0.0000),gentis (0.0000),terêna (0.0000),igarapé (0.0000)
12119,goela (0.0000),irma (0.0000),posses (0.0000),terços (0.0000),igarapés (0.0000)
12120,lençóis (0.0000),izaías (0.0000),possuo (0.0000),terço (0.0000),ignorada (0.0000)
12121,goiabas (0.0000),iás (0.0000),possuísse (0.0000),terror (0.0000),ignoradas (0.0000)
12122,goiabeira (0.0000),iça (0.0000),genes (0.0000),territórios (0.0000),puxando (0.0000)
12123,lenços (0.0000),jequitinhonha (0.0000),gerado (0.0000),territorial (0.0000),punham (0.0000)
12124,raciais (0.0000),perda (0.0000),generosos (0.0000),territoriais (0.0000),ignore (0.0000)
12125,goianiense (0.0000),percussão (0.0000),posteriormente (0.0000),terreiros (0.0000),ignoro (0.0000)
12126,lençol (0.0000),percursos (0.0000),posts (0.0000),terraço (0.0000),puxam (0.0000)
12127,pousada (0.0000),jari (0.0000),generalizem (0.0000),terno (0.0000),igrejinha (0.0000)
12128,rachavam (0.0000),jaspe (0.0000),pot (0.0000),terninho (0.0000),puxadas (0.0000)
12129,pousados (0.0000),jataí (0.0000),potencial (0.0000),termo (0.0000),purus (0.0000)
12130,rachando (0.0000),jateada (0.0000),genuínas (0.0000),terminologia (0.0000),pureza (0.0000)
12131,libertar (0.0000),jatobá (0.0000),genuíno (0.0000),terminações (0.0000),igualzinho (0.0000)
12132,goles (0.0000),jazz (0.0000),genuínos (0.0000),terminava (0.0000),puramente (0.0000)
12133,golpes (0.0000),jegue (0.0000),positivo (0.0000),testando (0.0000),ilegais (0.0000)
12134,gonzaguinha (0.0000),percorridas (0.0000),positivas (0.0000),testava (0.0000),ilegal (0.0000)
12135,gonçalves (0.0000),jeitão (0.0000),genético (0.0000),testemunhavam (0.0000),pupunha (0.0000)
12136,rachadura (0.0000),jequitibá (0.0000),genéticos (0.0000),ti (0.0000),punhos (0.0000)
12137,gordo (0.0000),jeremias (0.0000),geografia (0.0000),tingimento (0.0000),punho (0.0000)
12138,gordurinhas (0.0000),jaborandi (0.0000),geografias (0.0000),tingido (0.0000),quaisquer (0.0000)
12139,gospel (0.0000),jeri (0.0000),geograficamente (0.0000),tingida (0.0000),honrem (0.0000)
12140,lentidão (0.0000),percorri (0.0000),positivamente (0.0000),tilintam (0.0000),inseto (0.0000)
12141,lente (0.0000),jian (0.0000),geográficas (0.0000),tijolinho (0.0000),guioza (0.0000)
12142,gostando (0.0000),jivaro (0.0000),geográfico (0.0000),tietê (0.0000),queridas (0.0000)
12143,rabos (0.0000),joana (0.0000),positiva (0.0000),tido (0.0000),queridinhas (0.0000)
12144,rabiscos (0.0000),joaquim (0.0000),posiciono (0.0000),thor (0.0000),quesito (0.0000)
12145,lerdo (0.0000),percorrem (0.0000),posicionar (0.0000),testemunhei (0.0000),gustavo (0.0000)
12146,letra (0.0000),joga (0.0000),gera (0.0000),teço (0.0000),gullar (0.0000)
12147,glacial (0.0000),percorre (0.0000),pneuzinhos (0.0000),tez (0.0000),guião (0.0000)
12148,giz (0.0000),jogava (0.0000),plástico (0.0000),textos (0.0000),guidão (0.0000)
12149,gerando (0.0000),percebidos (0.0000),imigraram (0.0000),texto (0.0000),harmoniosa (0.0000)
12150,gerar (0.0000),percebia (0.0000),pesada (0.0000),texe (0.0000),guiasse (0.0000)
12151,rafia (0.0000),percebi (0.0000),idas (0.0000),teto (0.0000),guiar (0.0000)
12152,rafael (0.0000),japão (0.0000),pertenciam (0.0000),testemunhos (0.0000),guiadas (0.0000)
12153,gerenciando (0.0000),japonesas (0.0000),icoaraci (0.0000),torcedor (0.0000),guiada (0.0000)
12154,levada (0.0000),japonesa (0.0000),perverso (0.0000),torcida (0.0000),guerras (0.0000)
12155,gerente (0.0000),perdem (0.0000),ibirapuera (0.0000),transmutação (0.0000),guerra (0.0000)
12156,germinar (0.0000),jaboticabeira (0.0000),período (0.0000),trajando (0.0000),queriam (0.0000)
12157,germânica (0.0000),jabuti (0.0000),pesando (0.0000),transformamos (0.0000),gótico (0.0000)
12158,gerou (0.0000),jabuticaba (0.0000),idealista (0.0000),transformados (0.0000),querendo (0.0000)
12159,leu (0.0000),jaca (0.0000),pesar (0.0000),transformado (0.0000),habilidosa (0.0000)
12160,gestações (0.0000),jacarandá (0.0000),pesares (0.0000),transformada (0.0000),habilmente (0.0000)
12161,rafa (0.0000),jacaré (0.0000),pesava (0.0000),transfeminino (0.0000),queixe (0.0000)
12162,gesticulando (0.0000),jaci (0.0000),pescadores (0.0000),transcendiam (0.0000),habitado (0.0000)
12163,gesticular (0.0000),jaciara (0.0000),pescaria (0.0000),transcender (0.0000),habitante (0.0000)
12164,radicalmente (0.0000),jackson (0.0000),pese (0.0000),transbordo (0.0000),habitar (0.0000)
12165,letícia (0.0000),jacó (0.0000),pertencesse (0.0000),transbordavam (0.0000),habitaram (0.0000)
12166,gesticulo (0.0000),jade (0.0000),idealiza (0.0000),transbordarem (0.0000),habituada (0.0000)
12167,racionar (0.0000),jaguapira (0.0000),pesquisar (0.0000),transbordante (0.0000),habituadas (0.0000)
12168,gibis (0.0000),jaguar (0.0000),identificação (0.0000),tranquilão (0.0000),habituado (0.0000)
12169,racialmente (0.0000),jaguara (0.0000),ido (0.0000),tranquilas (0.0000),queimá (0.0000)
12170,gigantes (0.0000),jaguatirica (0.0000),idiomáticas (0.0000),trampo (0.0000),habituou (0.0000)
12171,gigantescas (0.0000),jambeiro (0.0000),ideológicos (0.0000),tramas (0.0000),haiku (0.0000)
12172,ginga (0.0000),jambu (0.0000),personagem (0.0000),trajos (0.0000),hambúrguer (0.0000)
12173,letí (0.0000),jan (0.0000),personagens (0.0000),trajo (0.0000),guaíba (0.0000)
12174,gira (0.0000),jana (0.0000),identificações (0.0000),transformando (0.0000),guaçu (0.0000)
12175,girassóis (0.0000),janaina (0.0000),personalidades (0.0000),transformava (0.0000),guató (0.0000)
12176,gostasse (0.0000),janaína (0.0000),pertences (0.0000),transformavam (0.0000),guardada (0.0000)
12177,gostei (0.0000),janaúba (0.0000),personifica (0.0000),transmissora (0.0000),grutas (0.0000)
12178,rabisco (0.0000),jandi (0.0000),personificadas (0.0000),transmito (0.0000),quietudamente (0.0000)
12179,quinze (0.0000),jandira (0.0000),perspectivas (0.0000),transmitiu (0.0000),grãos (0.0000)
12180,quinho (0.0000),perdemos (0.0000),perspicazes (0.0000),transmitiria (0.0000),grêmio (0.0000)
12181,gravam (0.0000),jangada (0.0000),pertencem (0.0000),transmitidos (0.0000),guacamaia (0.0000)
12182,gravata (0.0000),jantamos (0.0000),ideias (0.0000),transmitido (0.0000),guache (0.0000)
12183,pousar (0.0000),investidas (0.0000),pesos (0.0000),transmitam (0.0000),guacu (0.0000)
12184,graú (0.0000),invertidas (0.0000),pesquisas (0.0000),transmissão (0.0000),guajará (0.0000)
12185,grelhado (0.0000),pergaminho (0.0000),plástica (0.0000),translúcido (0.0000),guaranis (0.0000)
12186,gremista (0.0000),intercalada (0.0000),peço (0.0000),transformações (0.0000),guarantã (0.0000)
12187,grife (0.0000),perpetuando (0.0000),hummm (0.0000),transitória (0.0000),quietas (0.0000)
12188,grifes (0.0000),perpetuam (0.0000),humildes (0.0000),transitava (0.0000),guaraní (0.0000)
12189,grilagem (0.0000),intensas (0.0000),humilde (0.0000),transgressão (0.0000),guarapari (0.0000)
12190,grilhões (0.0000),perpetua (0.0000),petróleo (0.0000),transgressiva (0.0000),guarapiranga (0.0000)
12191,quilombos (0.0000),perolado (0.0000),peão (0.0000),transformou (0.0000),guardadas (0.0000)
12192,gringo (0.0000),intensificado (0.0000),humaniza (0.0000),transformo (0.0000),guatá (0.0000)
12193,grisalham (0.0000),perola (0.0000),piada (0.0000),transformei (0.0000),quiet (0.0000)
12194,grisalhando (0.0000),intensificar (0.0000),humorada (0.0000),trajava (0.0000),questionou (0.0000)
12195,grisalhar (0.0000),intensificou (0.0000),piadas (0.0000),traiçoeiro (0.0000),guardamos (0.0000)
12196,lenda (0.0000),pernambucanas (0.0000),hour (0.0000),torcidas (0.0000),guardanapos (0.0000)
12197,quilombolas (0.0000),pernambucana (0.0000),piamente (0.0000),traiçoeira (0.0000),questiono (0.0000)
12198,quilombola (0.0000),intenções (0.0000),piauí (0.0000),toscamente (0.0000),guardasse (0.0000)
12199,quilombo (0.0000),interagiu (0.0000),hospitalidade (0.0000),torções (0.0000),questionei (0.0000)
12200,gritando (0.0000),permitiu (0.0000),hospitaleiro (0.0000),torço (0.0000),guardei (0.0000)
12201,gritante (0.0000),interlocutor (0.0000),petrolina (0.0000),tortuoso (0.0000),guardiães (0.0000)
12202,quilates (0.0000),permitisse (0.0000),humorado (0.0000),torso (0.0000),guardião (0.0000)
12203,gritaram (0.0000),permitiremos (0.0000),ianã (0.0000),torresmo (0.0000),guardiãs (0.0000)
12204,gritaria (0.0000),intercalar (0.0000),pessoalmente (0.0000),torres (0.0000),guardiões (0.0000)
12205,povoaram (0.0000),interconectam (0.0000),ian (0.0000),torrado (0.0000),guarujá (0.0000)
12206,quietão (0.0000),interconexão (0.0000),iam (0.0000),tornozelos (0.0000),guará (0.0000)
12207,lendário (0.0000),interdependentes (0.0000),ialorixás (0.0000),tornozeleiras (0.0000),happy (0.0000)
12208,quipás (0.0000),interdependência (0.0000),iaiá (0.0000),torneiro (0.0000),harmoniosamente (0.0000)
12209,rabiscam (0.0000),permitiram (0.0000),pessimista (0.0000),tornei (0.0000),honravam (0.0000)
12210,granola (0.0000),interessando (0.0000),iago (0.0000),tornarem (0.0000),hipotético (0.0000)
12211,lentas (0.0000),permitiam (0.0000),hídrica (0.0000),tornaram (0.0000),hobby (0.0000)
12212,gostou (0.0000),permitia (0.0000),petiscos (0.0000),tornar (0.0000),históricos (0.0000)
12213,rabiscadas (0.0000),permissão (0.0000),híbrido (0.0000),tornado (0.0000),histórico (0.0000)
12214,goytacazes (0.0000),permeando (0.0000),híbrida (0.0000),tormenta (0.0000),quartzo (0.0000)
12215,gracejar (0.0000),intencionalmente (0.0000),peste (0.0000),tostada (0.0000),histórica (0.0000)
12216,gracinhas (0.0000),intencionados (0.0000),peteca (0.0000),tostado (0.0000),quatro (0.0000)
12217,rabiscada (0.0000),perpetuação (0.0000),petisco (0.0000),totem (0.0000),hipotética (0.0000)
12218,rabisca (0.0000),perplexos (0.0000),hábil (0.0000),traduzida (0.0000),harmonizado (0.0000)
12219,rabeca (0.0000),inspiravam (0.0000),idosa (0.0000),traia (0.0000),hipnotizava (0.0000)
12220,químicas (0.0000),inspiro (0.0000),idoso (0.0000),trai (0.0000),hipertrofia (0.0000)
12221,graduada (0.0000),inspirá (0.0000),idosos (0.0000),tragédias (0.0000),him (0.0000)
12222,gradual (0.0000),persistia (0.0000),imaginaria (0.0000),tragédia (0.0000),hilárias (0.0000)
12223,pousam (0.0000),instalava (0.0000),permitindo (0.0000),traem (0.0000),hilst (0.0000)
12224,química (0.0000),instalei (0.0000),permitir (0.0000),tradução (0.0000),hilda (0.0000)
12225,lenhador (0.0000),instantaneamente (0.0000),imaginação (0.0000),traduzindo (0.0000),quartos (0.0000)
12226,pousando (0.0000),instantes (0.0000),imaginavam (0.0000),traduziam (0.0000),holográfico (0.0000)
12227,quisesse (0.0000),instantânea (0.0000),imaginava (0.0000),totêmico (0.0000),útil (0.0000)
12228,grajaú (0.0000),instigar (0.0000),imaginativa (0.0000),tradicionalista (0.0000),homenageiam (0.0000)
12229,grama (0.0000),instintivamente (0.0000),imaginando (0.0000),tradicionalismo (0.0000),quarto (0.0000)
12230,gramatical (0.0000),instrumentos (0.0000),permitia (0.0000),trabalhão (0.0000),quarentão (0.0000)
12231,quiserem (0.0000),insubstituível (0.0000),imaginado (0.0000),trabalhista (0.0000),homogeneidade (0.0000)
12232,quis (0.0000),insuficientes (0.0000),imaculado (0.0000),trabalhem (0.0000),homogênea (0.0000)
12233,grana (0.0000),intacta (0.0000),ima (0.0000),trabalhamos (0.0000),homogêneo (0.0000)
12234,quiquin (0.0000),intactas (0.0000),permitisse (0.0000),trabalhadas (0.0000),quarentona (0.0000)
12235,quiquim (0.0000),intacto (0.0000),permito (0.0000),utilizava (0.0000),honestamente (0.0000)
12236,grandeza (0.0000),integradas (0.0000),ilustrando (0.0000),utilizei (0.0000),qualificadas (0.0000)
12237,grandiosidade (0.0000),persisti (0.0000),imagino (0.0000),teresina (0.0000),honrada (0.0000)
12238,raiadas (0.0000),integridade (0.0000),imaginários (0.0000),xis (0.0000),honram (0.0000)
12239,raio (0.0000),perseverar (0.0000),persistir (0.0000),xique (0.0000),honramos (0.0000)
12240,raiva (0.0000),inteireza (0.0000),imensas (0.0000),xinguana (0.0000),honrando (0.0000)
12241,galpões (0.0000),perseverante (0.0000),imigrantes (0.0000),xingu (0.0000),honrava (0.0000)
12242,liberada (0.0000),inteiros (0.0000),imigrante (0.0000),xikxine (0.0000),hidratante (0.0000)
12243,lianas (0.0000),perseveram (0.0000),imersão (0.0000),xex (0.0000),hibiscos (0.0000)
12244,ganhara (0.0000),perseguiu (0.0000),imensurável (0.0000),xenofobia (0.0000),quebradeiras (0.0000)
12245,ganhava (0.0000),persegue (0.0000),imensos (0.0000),xe (0.0000),her (0.0000)
12246,possuímos (0.0000),interligadas (0.0000),permeadas (0.0000),xavantes (0.0000),harmonizam (0.0000)
12247,ganhos (0.0000),intermediário (0.0000),permeado (0.0000),xavante (0.0000),harmonizava (0.0000)
12248,ganhou (0.0000),inventiva (0.0000),imbatível (0.0000),xaréu (0.0000),harmonizavam (0.0000)
12249,ganzás (0.0000),inundava (0.0000),permeando (0.0000),xangô (0.0000),harmônica (0.0000)
12250,ganância (0.0000),perigos (0.0000),permeava (0.0000),xandô (0.0000),hashi (0.0000)
12251,garanta (0.0000),perigo (0.0000),imediato (0.0000),xandê (0.0000),havaiana (0.0000)
12252,garantia (0.0000),introversão (0.0000),imediatamente (0.0000),xand (0.0000),havaianas (0.0000)
12253,garantidas (0.0000),periféricos (0.0000),imediata (0.0000),xamãs (0.0000),havendo (0.0000)
12254,garantido (0.0000),periférico (0.0000),permita (0.0000),xamã (0.0000),haverá (0.0000)
12255,garantindo (0.0000),intrusivas (0.0000),ilustram (0.0000),xamânicos (0.0000),he (0.0000)
12256,possuísse (0.0000),periféricas (0.0000),ilustradorx (0.0000),xirú (0.0000),hegemônicas (0.0000)
12257,possíveis (0.0000),intrínsecas (0.0000),ilustradora (0.0000),xispa (0.0000),hein (0.0000)
12258,raspão (0.0000),intuitiva (0.0000),perseveram (0.0000),utilizo (0.0000),helena (0.0000)
12259,lgbtfobia (0.0000),intuitivo (0.0000),igualar (0.0000),xix (0.0000),henna (0.0000)
12260,garimpados (0.0000),intuito (0.0000),persa (0.0000),yasmin (0.0000),herda (0.0000)
12261,posteriormente (0.0000),intuição (0.0000),persegue (0.0000),yarã (0.0000),heteronormativo (0.0000)
12262,garimpar (0.0000),inundando (0.0000),igrejinha (0.0000),yaraí (0.0000),queimam (0.0000)
12263,garimpos (0.0000),inundações (0.0000),igrejas (0.0000),yara (0.0000),queimados (0.0000)
12264,raspando (0.0000),permaneçam (0.0000),ignoro (0.0000),yanomami (0.0000),herdando (0.0000)
12265,garotinha (0.0000),periferia (0.0000),perseverante (0.0000),yakissoba (0.0000),quebrei (0.0000)
12266,posto (0.0000),pergunto (0.0000),ilustrador (0.0000),yakisoba (0.0000),quebre (0.0000)
12267,garrafa (0.0000),perguntarem (0.0000),ignorando (0.0000),xy (0.0000),herdeiras (0.0000)
12268,garras (0.0000),invade (0.0000),ignoradas (0.0000),xxi (0.0000),quebradiços (0.0000)
12269,galã (0.0000),invadida (0.0000),perseverar (0.0000),xx (0.0000),hesitar (0.0000)
12270,galpão (0.0000),invadir (0.0000),igarassu (0.0000),xuxu (0.0000),hesitação (0.0000)
12271,gasta (0.0000),invasor (0.0000),persistem (0.0000),xuxa (0.0000),hesite (0.0000)
12272,galo (0.0000),invasores (0.0000),persisti (0.0000),xucurus (0.0000),hesito (0.0000)
12273,libertam (0.0000),invasão (0.0000),igualitária (0.0000),xucuru (0.0000),heterogênea (0.0000)
12274,fuçar (0.0000),inveja (0.0000),perplexos (0.0000),xokleng (0.0000),heteronormativa (0.0000)
12275,libertadora (0.0000),invejável (0.0000),perpetuação (0.0000),xodó (0.0000),heteronormativas (0.0000)
12276,realiza (0.0000),inventados (0.0000),iguaracy (0.0000),xocó (0.0000),imigraram (0.0000)
12277,realista (0.0000),inventar (0.0000),iguarassu (0.0000),xale (0.0000),imigração (0.0000)
12278,realismo (0.0000),perigosos (0.0000),ijexá (0.0000),wãpi (0.0000),imigrou (0.0000)
12279,férias (0.0000),introduzida (0.0000),ile (0.0000),workshops (0.0000),indivisíveis (0.0000)
12280,realeza (0.0000),intrinsicamente (0.0000),perolado (0.0000),wapichana (0.0000),inebriantes (0.0000)
12281,posses (0.0000),intrinsecamente (0.0000),ilhéus (0.0000),volto (0.0000),progressistas (0.0000)
12282,fêmea (0.0000),permaneça (0.0000),perola (0.0000),voltei (0.0000),progressiva (0.0000)
12283,reais (0.0000),permaneceu (0.0000),iluminadas (0.0000),voltavam (0.0000),projeta (0.0000)
12284,físicamente (0.0000),permanecer (0.0000),iluminado (0.0000),voltas (0.0000),projetando (0.0000)
12285,reafirmo (0.0000),permanecemos (0.0000),iluminados (0.0000),voltaremos (0.0000),prol (0.0000)
12286,reafirmando (0.0000),interpretada (0.0000),iluminam (0.0000),voltados (0.0000),prolonga (0.0000)
12287,fórmula (0.0000),interpretado (0.0000),iluminará (0.0000),vocábulos (0.0000),infiltrando (0.0000)
12288,gaba (0.0000),interpretar (0.0000),pernambucanas (0.0000),voados (0.0000),prolongada (0.0000)
12289,liberava (0.0000),interpretação (0.0000),iluminação (0.0000),viés (0.0000),prolongado (0.0000)
12290,gabriel (0.0000),interrompe (0.0000),hospitaleiras (0.0000),viço (0.0000),prolongados (0.0000)
12291,liberando (0.0000),peripécias (0.0000),hospitaleira (0.0000),vizinhança (0.0000),indistintas (0.0000)
12292,raíssa (0.0000),interseccional (0.0000),hospital (0.0000),vivíamos (0.0000),indistinta (0.0000)
12293,gaita (0.0000),interseccionalidade (0.0000),habituou (0.0000),vivê (0.0000),indissociável (0.0000)
12294,gala (0.0000),interseccionalidades (0.0000),piscinas (0.0000),viviam (0.0000),inefáveis (0.0000)
12295,galerias (0.0000),intersecção (0.0000),happy (0.0000),vivermos (0.0000),inefável (0.0000)
12296,galerinha (0.0000),interseção (0.0000),handmade (0.0000),viverei (0.0000),inegociáveis (0.0000)
12297,liberal (0.0000),intertribal (0.0000),hambúrguer (0.0000),viveram (0.0000),inegociável (0.0000)
12298,liberais (0.0000),intimamente (0.0000),halo (0.0000),volumosa (0.0000),inequívoco (0.0000)
12299,rastros (0.0000),intimida (0.0000),haiku (0.0000),voluntária (0.0000),inequívocos (0.0000)
12300,garça (0.0000),intimidade (0.0000),pisoteada (0.0000),voluntário (0.0000),inesperada (0.0000)
12301,gastar (0.0000),intimidam (0.0000),harmoniosos (0.0000),vêem (0.0000),inesperadamente (0.0000)
12302,gerado (0.0000),intimidava (0.0000),habituada (0.0000),vôlei (0.0000),programar (0.0000)
12303,rapidinho (0.0000),intimidou (0.0000),habito (0.0000),vívidos (0.0000),inevitavelmente (0.0000)
12304,rapidez (0.0000),intocada (0.0000),habitavam (0.0000),vívidas (0.0000),inevitáveis (0.0000)
12305,generosamente (0.0000),intransferível (0.0000),pitadas (0.0000),vívida (0.0000),inevitável (0.0000)
12306,generosas (0.0000),intrigante (0.0000),pitanga (0.0000),vítima (0.0000),inexistente (0.0000)
12307,rapidamente (0.0000),intrigaria (0.0000),habitar (0.0000),vínculo (0.0000),inexplorados (0.0000)
12308,poupou (0.0000),intrincada (0.0000),piscina (0.0000),vêm (0.0000),inextinguível (0.0000)
12309,generosos (0.0000),impetuosa (0.0000),piscar (0.0000),válida (0.0000),infantil (0.0000)
12310,gengivas (0.0000),poente (0.0000),herda (0.0000),voluntários (0.0000),programador (0.0000)
12311,rapazes (0.0000),impermanência (0.0000),pirenópolis (0.0000),vulnerabilidades (0.0000),indissociáveis (0.0000)
12312,gentes (0.0000),graduação (0.0000),her (0.0000),vovó (0.0000),indispensável (0.0000)
12313,levantando (0.0000),preito (0.0000),piranha (0.0000),voto (0.0000),indiquem (0.0000)
12314,raoni (0.0000),gostado (0.0000),helena (0.0000),vorazes (0.0000),indefinível (0.0000)
12315,ranhuras (0.0000),pregos (0.0000),hein (0.0000),voraz (0.0000),prontidão (0.0000)
12316,rangendo (0.0000),prego (0.0000),hegemônicas (0.0000),vontades (0.0000),inconveniente (0.0000)
12317,range (0.0000),pregas (0.0000),he (0.0000),volátil (0.0000),incorporar (0.0000)
12318,levantados (0.0000),preferível (0.0000),haverá (0.0000),yby (0.0000),incorreto (0.0000)
12319,genérico (0.0000),preferimos (0.0000),harmonizado (0.0000),ybyrá (0.0000),prontamente (0.0000)
12320,ramificada (0.0000),gota (0.0000),havendo (0.0000),yoga (0.0000),pronominal (0.0000)
12321,genéticos (0.0000),goytacazes (0.0000),havaianas (0.0000),árduas (0.0000),incutidas (0.0000)
12322,levando (0.0000),gracejar (0.0000),havaiana (0.0000),êta (0.0000),incutiram (0.0000)
12323,geografias (0.0000),graciosa (0.0000),hashi (0.0000),êsses (0.0000),incêndios (0.0000)
12324,geograficamente (0.0000),gracioso (0.0000),harmônica (0.0000),ês (0.0000),incômodas (0.0000)
12325,levam (0.0000),graciosos (0.0000),pisamos (0.0000),ênfase (0.0000),incômodo (0.0000)
12326,geográfico (0.0000),grafismos (0.0000),pitoresco (0.0000),étnicos (0.0000),indecifráveis (0.0000)
12327,ralou (0.0000),prematuras (0.0000),habitante (0.0000),étnicas (0.0000),indecisa (0.0000)
12328,ralando (0.0000),preferi (0.0000),pixel (0.0000),étnica (0.0000),indefinido (0.0000)
12329,levado (0.0000),grafiteira (0.0000),platinadas (0.0000),épocas (0.0000),indelevel (0.0000)
12330,gera (0.0000),grafiteiro (0.0000),guitarras (0.0000),épicas (0.0000),prolongamento (0.0000)
12331,levanto (0.0000),grajaú (0.0000),guioza (0.0000),égua (0.0000),indelicadas (0.0000)
12332,levantou (0.0000),gramatical (0.0000),guie (0.0000),ânimo (0.0000),indelicados (0.0000)
12333,gastaram (0.0000),grampos (0.0000),guidão (0.0000),ângulo (0.0000),promove (0.0000)
12334,levara (0.0000),gramática (0.0000),guiava (0.0000),ângela (0.0000),prometo (0.0000)
12335,lexe (0.0000),grana (0.0000),planície (0.0000),ávida (0.0000),prometia (0.0000)
12336,rasgou (0.0000),grandeza (0.0000),platinado (0.0000),áurea (0.0000),prometem (0.0000)
12337,gastou (0.0000),gratificante (0.0000),habitado (0.0000),ásia (0.0000),indicada (0.0000)
12338,gastronomia (0.0000),preenchidos (0.0000),plausível (0.0000),ás (0.0000),promessas (0.0000)
12339,gastronômicas (0.0000),preenchido (0.0000),guiadas (0.0000),ícones (0.0000),indicadores (0.0000)
12340,gatas (0.0000),preenchida (0.0000),playlist (0.0000),ídolo (0.0000),indicam (0.0000)
12341,gavião (0.0000),gospel (0.0000),playlists (0.0000),índigo (0.0000),indicar (0.0000)
12342,pote (0.0000),gonzaguinha (0.0000),plissada (0.0000),ódio (0.0000),indicavam (0.0000)
12343,gaúchas (0.0000),guerreiro (0.0000),plurais (0.0000),úteis (0.0000),indie (0.0000)
12344,potes (0.0000),gira (0.0000),gullar (0.0000),úmidas (0.0000),indiferença (0.0000)
12345,gaúchos (0.0000),gerando (0.0000),guria (0.0000),últimos (0.0000),profusão (0.0000)
12346,rarefeito (0.0000),preparou (0.0000),gustavo (0.0000),últimas (0.0000),infiltrar (0.0000)
12347,rarear (0.0000),gerencio (0.0000),guturais (0.0000),última (0.0000),imitam (0.0000)
12348,geladas (0.0000),germinar (0.0000),gutural (0.0000),ônix (0.0000),inocência (0.0000)
12349,levem (0.0000),preparei (0.0000),plantava (0.0000),ótima (0.0000),procure (0.0000)
12350,potiguar (0.0000),gerânio (0.0000),gênio (0.0000),óbvios (0.0000),inquestionáveis (0.0000)
12351,gem (0.0000),gestações (0.0000),gíria (0.0000),índole (0.0000),inquebrantáveis (0.0000)
12352,gemer (0.0000),gesticulam (0.0000),gótico (0.0000),íntimos (0.0000),inovar (0.0000)
12353,geminadas (0.0000),gesticular (0.0000),planos (0.0000),íntimo (0.0000),inorganizável (0.0000)
12354,levavam (0.0000),gesticulo (0.0000),plano (0.0000),íntimas (0.0000),inoportuna (0.0000)
12355,generalidade (0.0000),gigantes (0.0000),planilhas (0.0000),íntima (0.0000),injusto (0.0000)
12356,generalista (0.0000),gigantescas (0.0000),planejado (0.0000),íntegra (0.0000),infiltrou (0.0000)
12357,poupa (0.0000),gingado (0.0000),planeja (0.0000),íngremes (0.0000),procurei (0.0000)
12358,levasse (0.0000),preparando (0.0000),planas (0.0000),ínfima (0.0000),produtiva (0.0000)
12359,generalizado (0.0000),prendedores (0.0000),habilmente (0.0000),área (0.0000),inimigo (0.0000)
12360,generalizante (0.0000),girassol (0.0000),pixie (0.0000),álcool (0.0000),produtores (0.0000)
12361,generalizantes (0.0000),girassóis (0.0000),pipoca (0.0000),yvy (0.0000),iniciação (0.0000)
12362,florescem (0.0000),preparam (0.0000),pipa (0.0000),álbuns (0.0000),iniciativas (0.0000)
12363,recriando (0.0000),glitter (0.0000),horário (0.0000),zoando (0.0000),inquietação (0.0000)
12364,quietudamente (0.0000),preparada (0.0000),homeopáticas (0.0000),zoam (0.0000),inquietações (0.0000)
12365,explícita (0.0000),goela (0.0000),honesta (0.0000),zilda (0.0000),inquieto (0.0000)
12366,lucrativo (0.0000),gogh (0.0000),homogêneo (0.0000),zigue (0.0000),inquietos (0.0000)
12367,explodir (0.0000),prepara (0.0000),homogênea (0.0000),zigomáticos (0.0000),procuram (0.0000)
12368,explora (0.0000),preocuparem (0.0000),homogeneização (0.0000),zezézinha (0.0000),inscrevem (0.0000)
12369,lucidez (0.0000),prenunciando (0.0000),homogeneidade (0.0000),zero (0.0000),inscrevera (0.0000)
12370,explorado (0.0000),prenderem (0.0000),homofobia (0.0000),zequinha (0.0000),processou (0.0000)
12371,remendadas (0.0000),goianos (0.0000),pimentas (0.0000),zenaide (0.0000),insegura (0.0000)
12372,polir (0.0000),goianês (0.0000),honestidade (0.0000),zelo (0.0000),insegurança (0.0000)
12373,explorava (0.0000),preenchia (0.0000),pincel (0.0000),zaí (0.0000),inseguro (0.0000)
12374,exploro (0.0000),preencher (0.0000),homenageia (0.0000),zazá (0.0000),inseparáveis (0.0000)
12375,lucho (0.0000),gravam (0.0000),holográfico (0.0000),zaya (0.0000),insere (0.0000)
12376,reluzente (0.0000),prece (0.0000),pinceladas (0.0000),zarabatana (0.0000),inserida (0.0000)
12377,explosivos (0.0000),guacu (0.0000),hobby (0.0000),zana (0.0000),inseridas (0.0000)
12378,explosão (0.0000),guajará (0.0000),hobbies (0.0000),zami (0.0000),inserido (0.0000)
12379,explícito (0.0000),guamá (0.0000),honestamente (0.0000),zague (0.0000),inserção (0.0000)
12380,existências (0.0000),guarana (0.0000),honorário (0.0000),zoológico (0.0000),iniciante (0.0000)
12381,explícitos (0.0000),guarani (0.0000),pinçavam (0.0000),zora (0.0000),inicialmente (0.0000)
12382,expondo (0.0000),guaranis (0.0000),picape (0.0000),zoraia (0.0000),ingrediente (0.0000)
12383,expor (0.0000),guarantã (0.0000),hortaliças (0.0000),zê (0.0000),influenciariam (0.0000)
12384,exporta (0.0000),guaraní (0.0000),picada (0.0000),águia (0.0000),infindáveis (0.0000)
12385,exportação (0.0000),precedeu (0.0000),horizontes (0.0000),ácido (0.0000),profundezas (0.0000)
12386,luc (0.0000),guardadas (0.0000),picante (0.0000),ácidas (0.0000),infinita (0.0000)
12387,religiões (0.0000),guardados (0.0000),horizontais (0.0000),àqueles (0.0000),profissionalizada (0.0000)
12388,exposto (0.0000),precede (0.0000),picantes (0.0000),àquelas (0.0000),profissionalismo (0.0000)
12389,religiosas (0.0000),guardamos (0.0000),hop (0.0000),àquela (0.0000),inflexíveis (0.0000)
12390,relho (0.0000),praças (0.0000),pimenta (0.0000),zênite (0.0000),influencia (0.0000)
12391,relevo (0.0000),graxa (0.0000),honrá (0.0000),zézé (0.0000),professores (0.0000)
12392,expressas (0.0000),guardassem (0.0000),picardia (0.0000),zoraide (0.0000),influenciado (0.0000)
12393,relembrar (0.0000),guardei (0.0000),picos (0.0000),zézinho (0.0000),influenciadora (0.0000)
12394,polinizou (0.0000),guardiã (0.0000),picância (0.0000),zés (0.0000),influenciam (0.0000)
12395,explodam (0.0000),guardiães (0.0000),pilha (0.0000),zélia (0.0000),influenciar (0.0000)
12396,polidos (0.0000),guardião (0.0000),pilão (0.0000),zyan (0.0000),influenciaram (0.0000)
12397,explicá (0.0000),guardiãs (0.0000),históricos (0.0000),zumbido (0.0000),influenciaria (0.0000)
12398,expandindo (0.0000),guardiões (0.0000),histórico (0.0000),zumbi (0.0000),influenciou (0.0000)
12399,luminosa (0.0000),guará (0.0000),históricas (0.0000),zu (0.0000),ingrata (0.0000)
12400,lumes (0.0000),guatá (0.0000),hesita (0.0000),vivenciou (0.0000),proeminentes (0.0000)
12401,expansão (0.0000),guató (0.0000),heterogênea (0.0000),vivenciar (0.0000),informa (0.0000)
12402,renasce (0.0000),guaçu (0.0000),hesito (0.0000),vivenciamos (0.0000),informada (0.0000)
12403,remédios (0.0000),guerra (0.0000),hesite (0.0000),variados (0.0000),informado (0.0000)
12404,expediente (0.0000),guerras (0.0000),hesitar (0.0000),vegetais (0.0000),produzida (0.0000)
12405,policiar (0.0000),guache (0.0000),pins (0.0000),veganos (0.0000),informar (0.0000)
12406,experientes (0.0000),guacamaia (0.0000),hesitam (0.0000),veganas (0.0000),informativa (0.0000)
12407,experimenta (0.0000),precioso (0.0000),pintam (0.0000),veem (0.0000),infortúnio (0.0000)
12408,experimentais (0.0000),grutas (0.0000),pincéis (0.0000),veado (0.0000),infortúnios (0.0000)
12409,remédio (0.0000),predominava (0.0000),pintavam (0.0000),vastas (0.0000),produzem (0.0000)
12410,removida (0.0000),graú (0.0000),pintei (0.0000),vassoura (0.0000),ingenuidade (0.0000)
12411,polida (0.0000),graúna (0.0000),herdeiras (0.0000),vaso (0.0000),ingestão (0.0000)
12412,experimentou (0.0000),grelhado (0.0000),pintinha (0.0000),vasilhas (0.0000),inglaterra (0.0000)
12413,removi (0.0000),predileto (0.0000),pintora (0.0000),varria (0.0000),produz (0.0000)
12414,remoto (0.0000),grilagem (0.0000),pintá (0.0000),varrem (0.0000),inconstantes (0.0000)
12415,explica (0.0000),predileta (0.0000),heteronormativa (0.0000),varre (0.0000),inconstante (0.0000)
12416,explicada (0.0000),grisalham (0.0000),heteronormativas (0.0000),variável (0.0000),inconsciente (0.0000)
12417,explicado (0.0000),grisalhando (0.0000),heteronormativo (0.0000),varie (0.0000),impossibilitando (0.0000)
12418,explicam (0.0000),predefinidas (0.0000),hibisco (0.0000),variará (0.0000),protestantismo (0.0000)
12419,explicando (0.0000),preconceituosas (0.0000),hibiscos (0.0000),variariam (0.0000),imprecisão (0.0000)
12420,remetendo (0.0000),preconceituosa (0.0000),hidratados (0.0000),variar (0.0000),imprecisos (0.0000)
12421,luito (0.0000),gritando (0.0000),hidratante (0.0000),vegetal (0.0000),protestar (0.0000)
12422,remetam (0.0000),gritaram (0.0000),hidratação (0.0000),vegetarianas (0.0000),impotência (0.0000)
12423,polidas (0.0000),gritaria (0.0000),hierarquia (0.0000),vela (0.0000),impotente (0.0000)
12424,explicitamente (0.0000),gritava (0.0000),hilda (0.0000),vencedores (0.0000),protetores (0.0000)
12425,relembra (0.0000),gritos (0.0000),hilst (0.0000),vendedora (0.0000),pronunciado (0.0000)
12426,releitura (0.0000),precocemente (0.0000),hilárias (0.0000),vendedor (0.0000),impositiva (0.0000)
12427,relaxamentos (0.0000),grosseira (0.0000),him (0.0000),vendaval (0.0000),proteções (0.0000)
12428,extrato (0.0000),grossense (0.0000),hip (0.0000),vendavais (0.0000),importou (0.0000)
12429,extravagante (0.0000),grossenses (0.0000),hipertrofia (0.0000),venda (0.0000),importação (0.0000)
12430,relacionado (0.0000),precisem (0.0000),pingando (0.0000),vencer (0.0000),importar (0.0000)
12431,extravagância (0.0000),grudadas (0.0000),pinga (0.0000),vencem (0.0000),provei (0.0000)
12432,extraída (0.0000),precisavam (0.0000),italiano (0.0000),vemos (0.0000),protejo (0.0000)
12433,extraídas (0.0000),precisasse (0.0000),paraíso (0.0000),velhas (0.0000),impregnando (0.0000)
12434,extraído (0.0000),grudaram (0.0000),delineado (0.0000),velórios (0.0000),proteja (0.0000)
12435,extraídos (0.0000),precisaria (0.0000),nervoso (0.0000),velório (0.0000),protegê (0.0000)
12436,extrema (0.0000),presenciamos (0.0000),nervosa (0.0000),veludo (0.0000),protegidos (0.0000)
12437,extremo (0.0000),presenciar (0.0000),nervosamente (0.0000),veloz (0.0000),protegido (0.0000)
12438,extremos (0.0000),gerado (0.0000),nervosismo (0.0000),veloso (0.0000),impressionantes (0.0000)
12439,relacionadas (0.0000),gaba (0.0000),mastigando (0.0000),velhinha (0.0000),impressionavam (0.0000)
12440,loucura (0.0000),futuristas (0.0000),massas (0.0000),velhice (0.0000),impressos (0.0000)
12441,relacionada (0.0000),futuros (0.0000),massa (0.0000),variantes (0.0000),impressão (0.0000)
12442,lotadas (0.0000),fuçar (0.0000),masculinidades (0.0000),variado (0.0000),imprevisibilidade (0.0000)
12443,exótica (0.0000),primo (0.0000),neno (0.0000),vendendo (0.0000),protegida (0.0000)
12444,rejeita (0.0000),primeiras (0.0000),mascavo (0.0000),variadas (0.0000),protegeu (0.0000)
12445,lotada (0.0000),primaveras (0.0000),mascando (0.0000),vales (0.0000),imprimindo (0.0000)
12446,poluição (0.0000),primas (0.0000),marítima (0.0000),valença (0.0000),protegerei (0.0000)
12447,fabricada (0.0000),fêmea (0.0000),neutra (0.0000),valentões (0.0000),protegeram (0.0000)
12448,reivindicações (0.0000),prima (0.0000),maré (0.0000),valentes (0.0000),improvisadas (0.0000)
12449,fabricação (0.0000),preços (0.0000),marulho (0.0000),valente (0.0000),provoca (0.0000)
12450,poluído (0.0000),preze (0.0000),nerd (0.0000),vaivém (0.0000),provocam (0.0000)
12451,reivindicando (0.0000),fórmula (0.0000),negócios (0.0000),vaidoso (0.0000),imponentes (0.0000)
12452,faces (0.0000),fúria (0.0000),maru (0.0000),vaidosa (0.0000),imperfeito (0.0000)
12453,poluídos (0.0000),gabi (0.0000),matizes (0.0000),vaidades (0.0000),imitando (0.0000)
12454,fachada (0.0000),ganzás (0.0000),matutino (0.0000),vagabundear (0.0000),imitava (0.0000)
12455,reiterar (0.0000),gabriel (0.0000),matutinas (0.0000),vaga (0.0000),práticos (0.0000)
12456,extratos (0.0000),gabriela (0.0000),maturidade (0.0000),vacile (0.0000),impacto (0.0000)
12457,extrativistas (0.0000),gaita (0.0000),matriz (0.0000),vacas (0.0000),impactos (0.0000)
12458,relato (0.0000),gala (0.0000),matogrossense (0.0000),ué (0.0000),impasses (0.0000)
12459,extrativista (0.0000),galera (0.0000),negociação (0.0000),uva (0.0000),impassibilidade (0.0000)
12460,relativa (0.0000),galerinha (0.0000),matizadas (0.0000),utopia (0.0000),prá (0.0000)
12461,expressos (0.0000),previsão (0.0000),matemática (0.0000),utilizá (0.0000),impecáveis (0.0000)
12462,expressá (0.0000),galinha (0.0000),negras (0.0000),valeu (0.0000),proximidades (0.0000)
12463,relacionar (0.0000),galinhada (0.0000),matinais (0.0000),validado (0.0000),impedir (0.0000)
12464,relacionamentos (0.0000),prever (0.0000),maternos (0.0000),validam (0.0000),impera (0.0000)
12465,luanna (0.0000),prevalecem (0.0000),negritude (0.0000),vampiro (0.0000),imperceptivelmente (0.0000)
12466,exprimir (0.0000),ganhara (0.0000),negrume (0.0000),variada (0.0000),provérbios (0.0000)
12467,expõe (0.0000),ganhava (0.0000),negócio (0.0000),variabilidade (0.0000),impermanência (0.0000)
12468,extensas (0.0000),futurismo (0.0000),marujada (0.0000),varandas (0.0000),provocava (0.0000)
12469,extenso (0.0000),futuras (0.0000),martinho (0.0000),varal (0.0000),imperturbável (0.0000)
12470,polonesa (0.0000),futevôlei (0.0000),nirvana (0.0000),vara (0.0000),impessoal (0.0000)
12471,relacionamento (0.0000),fusão (0.0000),marcasse (0.0000),vapor (0.0000),impetuosa (0.0000)
12472,extensões (0.0000),fumaça (0.0000),mares (0.0000),van (0.0000),impetuoso (0.0000)
12473,extenuantes (0.0000),produtiva (0.0000),nic (0.0000),valorizavam (0.0000),impeça (0.0000)
12474,polos (0.0000),fumegantes (0.0000),nica (0.0000),validação (0.0000),impiedoso (0.0000)
12475,louça (0.0000),procure (0.0000),marco (0.0000),valorizava (0.0000),impiedosos (0.0000)
12476,louros (0.0000),procuram (0.0000),marciais (0.0000),valorizados (0.0000),provável (0.0000)
12477,externo (0.0000),processou (0.0000),marceneiro (0.0000),valorizado (0.0000),implacabilidade (0.0000)
12478,extinta (0.0000),problemática (0.0000),nico (0.0000),valorizada (0.0000),prováveis (0.0000)
12479,extracurriculares (0.0000),privilegiar (0.0000),margaridas (0.0000),valiosos (0.0000),provou (0.0000)
12480,extrai (0.0000),funcionando (0.0000),nicoletta (0.0000),valioso (0.0000),implícita (0.0000)
12481,louro (0.0000),funda (0.0000),marcara (0.0000),valiosa (0.0000),implícitos (0.0000)
12482,extraordinária (0.0000),fundas (0.0000),marcar (0.0000),vendedoras (0.0000),impondo (0.0000)
12483,extraordinárias (0.0000),funde (0.0000),ninar (0.0000),vender (0.0000),protegemos (0.0000)
12484,extraordinário (0.0000),fundem (0.0000),nino (0.0000),vivenciadas (0.0000),improvisados (0.0000)
12485,extrapolo (0.0000),fundia (0.0000),nipônica (0.0000),vigoroso (0.0000),improvisar (0.0000)
12486,extrativismo (0.0000),fundiam (0.0000),maresia (0.0000),viriam (0.0000),incomodada (0.0000)
12487,poli (0.0000),fundindo (0.0000),nhoque (0.0000),virgem (0.0000),incidente (0.0000)
12488,renascer (0.0000),fundiram (0.0000),neutralidade (0.0000),virem (0.0000),incisivos (0.0000)
12489,recriar (0.0000),fundiu (0.0000),marinho (0.0000),virei (0.0000),proporcionava (0.0000)
12490,evite (0.0000),priorizar (0.0000),marreta (0.0000),virava (0.0000),inclemência (0.0000)
12491,eventualmente (0.0000),funk (0.0000),marra (0.0000),virando (0.0000),inclina (0.0000)
12492,evidenciada (0.0000),funções (0.0000),marquinha (0.0000),virado (0.0000),inclinado (0.0000)
12493,evidenciado (0.0000),fura (0.0000),neve (0.0000),violências (0.0000),proporcionam (0.0000)
12494,evidenciam (0.0000),furacão (0.0000),marketing (0.0000),violino (0.0000),pronúncias (0.0000)
12495,lutarei (0.0000),furiosa (0.0000),mariquinha (0.0000),vinícola (0.0000),inclusivas (0.0000)
12496,evidenciariam (0.0000),furiosas (0.0000),marinha (0.0000),vinil (0.0000),pronunciá (0.0000)
12497,repassados (0.0000),furioso (0.0000),marginal (0.0000),vinhos (0.0000),inclusivos (0.0000)
12498,evidência (0.0000),furiosos (0.0000),mariinha (0.0000),vinhedos (0.0000),pronunciavam (0.0000)
12499,repassadas (0.0000),ganho (0.0000),mariazinha (0.0000),vindouras (0.0000),incoerência (0.0000)
12500,evitadas (0.0000),ganância (0.0000),mariana (0.0000),vinda (0.0000),incomensurável (0.0000)
12501,poema (0.0000),presenciaram (0.0000),marginalizam (0.0000),vinculadas (0.0000),incomodam (0.0000)
12502,reparo (0.0000),preservando (0.0000),marginalizadas (0.0000),vinagrete (0.0000),inchados (0.0000)
12503,reparação (0.0000),gemer (0.0000),marginalizada (0.0000),virou (0.0000),incomodar (0.0000)
12504,evitei (0.0000),genealogia (0.0000),negociava (0.0000),virtuais (0.0000),incomodarem (0.0000)
12505,renascidas (0.0000),generalidade (0.0000),negociar (0.0000),virtude (0.0000),incomodo (0.0000)
12506,evito (0.0000),generalista (0.0000),negociando (0.0000),vislumbramos (0.0000),incomodou (0.0000)
12507,reparar (0.0000),preservou (0.0000),nativista (0.0000),vivemos (0.0000),incomodá (0.0000)
12508,evocam (0.0000),generalizantes (0.0000),mencionados (0.0000),vital (0.0000),incomparáveis (0.0000)
12509,evocando (0.0000),preservo (0.0000),mencionadas (0.0000),vitais (0.0000),pronunciar (0.0000)
12510,evocar (0.0000),preservem (0.0000),mencionada (0.0000),visões (0.0000),incompatíveis (0.0000)
12511,reparando (0.0000),preserve (0.0000),natalinas (0.0000),vistos (0.0000),incompleto (0.0000)
12512,lutamos (0.0000),generalizem (0.0000),natação (0.0000),visse (0.0000),incompletude (0.0000)
12513,evoluindo (0.0000),preservasse (0.0000),memorável (0.0000),vislumbre (0.0000),incompreensível (0.0000)
12514,evoluir (0.0000),generosamente (0.0000),melódicas (0.0000),visitá (0.0000),pronunciando (0.0000)
12515,poeta (0.0000),preservar (0.0000),nascidos (0.0000),virtuoso (0.0000),incomum (0.0000)
12516,renunciar (0.0000),generosos (0.0000),melódica (0.0000),visitou (0.0000),incomuns (0.0000)
12517,exacerbado (0.0000),garanta (0.0000),nato (0.0000),visitei (0.0000),incide (0.0000)
12518,exagerado (0.0000),genes (0.0000),melodiosas (0.0000),visitas (0.0000),inchadas (0.0000)
12519,eventual (0.0000),gengivas (0.0000),navalha (0.0000),visitando (0.0000),improviso (0.0000)
12520,eventos (0.0000),preservamos (0.0000),melo (0.0000),visceral (0.0000),inatas (0.0000)
12521,lutarem (0.0000),preservam (0.0000),navegavam (0.0000),visam (0.0000),prosperidades (0.0000)
12522,evasê (0.0000),preservados (0.0000),mencione (0.0000),visa (0.0000),impulsivamente (0.0000)
12523,esverdeando (0.0000),preservadas (0.0000),menininha (0.0000),vimos (0.0000),prosperidade (0.0000)
12524,esvoaça (0.0000),preservada (0.0000),maxi (0.0000),vigorosa (0.0000),impunham (0.0000)
12525,esvoaçante (0.0000),presenteara (0.0000),mentora (0.0000),venenosa (0.0000),impurezas (0.0000)
12526,repentistas (0.0000),genético (0.0000),merecemos (0.0000),vigilância (0.0000),prosperaram (0.0000)
12527,esvoaçava (0.0000),geograficamente (0.0000),narrativo (0.0000),vestimentas (0.0000),imune (0.0000)
12528,lutemos (0.0000),presenteadas (0.0000),mercearia (0.0000),vestidinho (0.0000),imã (0.0000)
12529,eterna (0.0000),geográficas (0.0000),mercados (0.0000),vestidas (0.0000),imóveis (0.0000)
12530,repentinas (0.0000),geométrica (0.0000),narrava (0.0000),vertebral (0.0000),in (0.0000)
12531,repentina (0.0000),gem (0.0000),mera (0.0000),versão (0.0000),propriedades (0.0000)
12532,repensar (0.0000),gelo (0.0000),mentir (0.0000),versus (0.0000),inacabados (0.0000)
12533,lutavam (0.0000),pressionada (0.0000),nasalado (0.0000),vermelhos (0.0000),inadequada (0.0000)
12534,etnicorracial (0.0000),geladinho (0.0000),mentalidade (0.0000),vermelhidão (0.0000),propriamente (0.0000)
12535,etérea (0.0000),garantem (0.0000),mental (0.0000),veredas (0.0000),inaudível (0.0000)
12536,eucalipto (0.0000),garantia (0.0000),mensais (0.0000),verdão (0.0000),incessantes (0.0000)
12537,poeirento (0.0000),pretão (0.0000),narravam (0.0000),verduras (0.0000),incalculável (0.0000)
12538,eurocêntricos (0.0000),garantindo (0.0000),mensagem (0.0000),verdura (0.0000),incandescente (0.0000)
12539,europa (0.0000),garantir (0.0000),nasal (0.0000),verdejante (0.0000),incansáveis (0.0000)
12540,lutaremos (0.0000),garantisse (0.0000),melhore (0.0000),verdadeiras (0.0000),propositalmente (0.0000)
12541,europeu (0.0000),pretx (0.0000),melhorar (0.0000),veranicos (0.0000),incendiar (0.0000)
12542,europeus (0.0000),pretura (0.0000),melhora (0.0000),veraneio (0.0000),incensário (0.0000)
12543,européias (0.0000),pretinhos (0.0000),mecânica (0.0000),venço (0.0000),incentivados (0.0000)
12544,evangelismo (0.0000),garimpeiros (0.0000),necessidades (0.0000),vestiria (0.0000),incentivaram (0.0000)
12545,evangélica (0.0000),garimpos (0.0000),mediano (0.0000),vesto (0.0000),incerta (0.0000)
12546,evangélico (0.0000),garotinha (0.0000),negar (0.0000),veículos (0.0000),incertas (0.0000)
12547,evaporava (0.0000),pretensão (0.0000),medalhas (0.0000),vidro (0.0000),proporção (0.0000)
12548,evaristo (0.0000),pretensiosa (0.0000),medalha (0.0000),vigilantes (0.0000),incertos (0.0000)
12549,evasivo (0.0000),garras (0.0000),mecânico (0.0000),vigiando (0.0000),proporcionou (0.0000)
12550,exagero (0.0000),garça (0.0000),mecher (0.0000),vigia (0.0000),incessantemente (0.0000)
12551,renovo (0.0000),gasta (0.0000),melanina (0.0000),vietnã (0.0000),limpeza (0.0000)
12552,exalava (0.0000),gastar (0.0000),negativos (0.0000),vietnamitas (0.0000),limpezas (0.0000)
12553,lustrosos (0.0000),pretender (0.0000),mecha (0.0000),vietnamita (0.0000),lin (0.0000)
12554,renomada (0.0000),gastou (0.0000),negligenciada (0.0000),viemos (0.0000),pendura (0.0000)
12555,exerce (0.0000),prete (0.0000),maçã (0.0000),video (0.0000),navios (0.0000)
12556,exercer (0.0000),gay (0.0000),maya (0.0000),viado (0.0000),navio (0.0000)
12557,exercia (0.0000),prestativo (0.0000),negociada (0.0000),vibrava (0.0000),naveguei (0.0000)
12558,exercícios (0.0000),prestar (0.0000),nebulosos (0.0000),vibrantemente (0.0000),navegação (0.0000)
12559,exerço (0.0000),pressione (0.0000),nebulosa (0.0000),vibra (0.0000),navegava (0.0000)
12560,rendia (0.0000),pressionaram (0.0000),medidas (0.0000),viajou (0.0000),pendiam (0.0000)
12561,exibiam (0.0000),pressionado (0.0000),neblina (0.0000),viaje (0.0000),navegado (0.0000)
12562,renderam (0.0000),guerreiras (0.0000),meditativo (0.0000),viajante (0.0000),peixes (0.0000)
12563,exigia (0.0000),guerreiros (0.0000),nazaré (0.0000),viaja (0.0000),pendurada (0.0000)
12564,lundu (0.0000),poeta (0.0000),navios (0.0000),termina (0.0000),penduradas (0.0000)
12565,exigida (0.0000),ignorada (0.0000),medula (0.0000),terena (0.0000),pendurando (0.0000)
12566,exigindo (0.0000),identificando (0.0000),megaprojetos (0.0000),retorcido (0.0000),penedo (0.0000)
12567,exigiria (0.0000),porca (0.0000),navio (0.0000),seis (0.0000),peneira (0.0000)
12568,exigisse (0.0000),identificasse (0.0000),meias (0.0000),segurou (0.0000),nato (0.0000)
12569,exija (0.0000),identificava (0.0000),navigando (0.0000),segurei (0.0000),neblina (0.0000)
12570,exista (0.0000),identificações (0.0000),meireles (0.0000),seguravam (0.0000),nebulosos (0.0000)
12571,rendem (0.0000),identitária (0.0000),navego (0.0000),segundos (0.0000),pendente (0.0000)
12572,lunares (0.0000),ido (0.0000),melancólica (0.0000),seguiu (0.0000),necessidades (0.0000)
12573,existi (0.0000),pontuados (0.0000),melancólico (0.0000),seguirá (0.0000),pendendo (0.0000)
12574,existia (0.0000),igapó (0.0000),melancólicos (0.0000),seguiremos (0.0000),pendem (0.0000)
12575,existimos (0.0000),igarapé (0.0000),nipônicas (0.0000),seguirei (0.0000),necessários (0.0000)
12576,polegares (0.0000),igarapés (0.0000),marcadores (0.0000),seguiram (0.0000),penas (0.0000)
12577,existiram (0.0000),igarassu (0.0000),itapemirim (0.0000),seguintes (0.0000),negativas (0.0000)
12578,existisse (0.0000),ignora (0.0000),nuvem (0.0000),seguimos (0.0000),negativos (0.0000)
12579,existissem (0.0000),ignoradas (0.0000),mangabas (0.0000),seguido (0.0000),negociada (0.0000)
12580,existiu (0.0000),porcos (0.0000),nutrida (0.0000),seguidas (0.0000),negociando (0.0000)
12581,renova (0.0000),ignorando (0.0000),nutrido (0.0000),seguida (0.0000),negociar (0.0000)
12582,polegar (0.0000),pontinhos (0.0000),manezinha (0.0000),seguiam (0.0000),peludo (0.0000)
12583,exalou (0.0000),ignore (0.0000),nutritiva (0.0000),seguia (0.0000),pelotas (0.0000)
12584,executados (0.0000),ignoro (0.0000),manejaram (0.0000),segui (0.0000),peles (0.0000)
12585,examina (0.0000),ponte (0.0000),maneirismos (0.0000),seio (0.0000),pelada (0.0000)
12586,renovação (0.0000),igrejas (0.0000),mangais (0.0000),seiva (0.0000),nativos (0.0000)
12587,renovam (0.0000),pontada (0.0000),nylon (0.0000),simplificador (0.0000),nativo (0.0000)
12588,exatidão (0.0000),igualar (0.0000),náutico (0.0000),sela (0.0000),nativista (0.0000)
12589,exausta (0.0000),ponga (0.0000),mando (0.0000),sentiam (0.0000),narrativo (0.0000)
12590,exaustivas (0.0000),igualitária (0.0000),nítido (0.0000),sentem (0.0000),nacionais (0.0000)
12591,exaustivo (0.0000),igualitário (0.0000),mandarim (0.0000),sentavam (0.0000),nacionalidade (0.0000)
12592,exausto (0.0000),pondo (0.0000),mandalas (0.0000),sentadas (0.0000),nacionalidades (0.0000)
12593,lutadora (0.0000),iguaracy (0.0000),mangabeiras (0.0000),sensíveis (0.0000),penteando (0.0000)
12594,excelente (0.0000),identificam (0.0000),mango (0.0000),sensualidade (0.0000),nadar (0.0000)
12595,excelência (0.0000),porem (0.0000),níveis (0.0000),senis (0.0000),naftalina (0.0000)
12596,excessiva (0.0000),guiada (0.0000),nublados (0.0000),senhor (0.0000),namorada (0.0000)
12597,excessivamente (0.0000),iauará (0.0000),manifestada (0.0000),semiárida (0.0000),namorado (0.0000)
12598,excessivas (0.0000),iaporã (0.0000),nuance (0.0000),semi (0.0000),naquelas (0.0000)
12599,excessivo (0.0000),portas (0.0000),manicure (0.0000),semeia (0.0000),pensativo (0.0000)
12600,excessivos (0.0000),iaras (0.0000),manias (0.0000),semear (0.0000),naquilo (0.0000)
12601,excesso (0.0000),iaraçu (0.0000),mania (0.0000),selo (0.0000),pensasse (0.0000)
12602,excessos (0.0000),iaraí (0.0000),nublado (0.0000),seletivamente (0.0000),narra (0.0000)
12603,exceto (0.0000),iari (0.0000),manhoso (0.0000),selecionados (0.0000),narrar (0.0000)
12604,exceções (0.0000),iarinha (0.0000),nude (0.0000),selecionado (0.0000),nasal (0.0000)
12605,lutador (0.0000),iaro (0.0000),manhosa (0.0000),selecionadas (0.0000),nativa (0.0000)
12606,renovada (0.0000),iaru (0.0000),manha (0.0000),seguem (0.0000),nasalado (0.0000)
12607,exclusivas (0.0000),iarã (0.0000),mangás (0.0000),sedosa (0.0000),pensamento (0.0000)
12608,exclusivos (0.0000),iarê (0.0000),mangá (0.0000),sedentária (0.0000),pensado (0.0000)
12609,exclusão (0.0000),ias (0.0000),manguezal (0.0000),sedenta (0.0000),nasceram (0.0000)
12610,executa (0.0000),iauaretê (0.0000),manguezais (0.0000),sardento (0.0000),nasceres (0.0000)
12611,executada (0.0000),iaí (0.0000),mandala (0.0000),sarcástica (0.0000),pensadas (0.0000)
12612,reinvenção (0.0000),pormenorizada (0.0000),nível (0.0000),sarcasmo (0.0000),pensa (0.0000)
12613,reinventou (0.0000),iaó (0.0000),nobre (0.0000),saraus (0.0000),penetrar (0.0000)
12614,facilita (0.0000),iaô (0.0000),malas (0.0000),saquinho (0.0000),nascidos (0.0000)
12615,reencontro (0.0000),ibirama (0.0000),maleáveis (0.0000),sapucaí (0.0000),penetrando (0.0000)
12616,refinada (0.0000),ibirapitanga (0.0000),obediente (0.0000),sapucaia (0.0000),nascimentos (0.0000)
12617,fi (0.0000),ibiá (0.0000),maldosos (0.0000),sapos (0.0000),nata (0.0000)
12618,referirem (0.0000),ica (0.0000),maldormidas (0.0000),sapeca (0.0000),natalinas (0.0000)
12619,fiado (0.0000),icoaraci (0.0000),maldita (0.0000),sapatos (0.0000),natação (0.0000)
12620,referindo (0.0000),portadoras (0.0000),maldade (0.0000),sapato (0.0000),negrume (0.0000)
12621,lista (0.0000),portadora (0.0000),malaguetas (0.0000),sapateiro (0.0000),peixada (0.0000)
12622,ficado (0.0000),portador (0.0000),malfeito (0.0000),santuário (0.0000),penteio (0.0000)
12623,pontuadas (0.0000),poros (0.0000),malagueta (0.0000),santas (0.0000),pedestal (0.0000)
12624,reerguer (0.0000),idealiza (0.0000),mala (0.0000),santarém (0.0000),pedalava (0.0000)
12625,ficaram (0.0000),poro (0.0000),objetivas (0.0000),santana (0.0000),pede (0.0000)
12626,ficavam (0.0000),iguarassu (0.0000),majoritariamente (0.0000),santa (0.0000),nomeia (0.0000)
12627,fico (0.0000),iguaçu (0.0000),objetivo (0.0000),sarja (0.0000),nomear (0.0000)
12628,pontuam (0.0000),ijexá (0.0000),objetivos (0.0000),sarjeta (0.0000),nomeado (0.0000)
12629,fictício (0.0000),impactos (0.0000),maleável (0.0000),sarongue (0.0000),nomeada (0.0000)
12630,facilitam (0.0000),imensas (0.0000),obedeceu (0.0000),science (0.0000),pedido (0.0000)
12631,lisinha (0.0000),polinizou (0.0000),manco (0.0000),secular (0.0000),pegue (0.0000)
12632,fidelidade (0.0000),imensos (0.0000),mancar (0.0000),secretária (0.0000),pedindo (0.0000)
12633,reencontrei (0.0000),imensurável (0.0000),nódulo (0.0000),secretos (0.0000),nodosos (0.0000)
12634,figa (0.0000),polidos (0.0000),manchando (0.0000),secreto (0.0000),nocivas (0.0000)
12635,figueira (0.0000),imigraram (0.0000),manchado (0.0000),secretas (0.0000),nobreza (0.0000)
12636,redução (0.0000),polido (0.0000),manchadas (0.0000),secreta (0.0000),nobres (0.0000)
12637,figurativos (0.0000),imigrou (0.0000),manchada (0.0000),secado (0.0000),nisso (0.0000)
12638,figurino (0.0000),imitando (0.0000),núcleo (0.0000),sci (0.0000),pedalar (0.0000)
12639,lisas (0.0000),imitava (0.0000),manaus (0.0000),satisfatórios (0.0000),nordestinidade (0.0000)
12640,reduzidos (0.0000),impactante (0.0000),obedece (0.0000),sc (0.0000),pedacinhos (0.0000)
12641,reduzidas (0.0000),impactantes (0.0000),man (0.0000),saíra (0.0000),pecuárias (0.0000)
12642,filhote (0.0000),impacto (0.0000),mamão (0.0000),saídas (0.0000),normais (0.0000)
12643,lis (0.0000),impagável (0.0000),mamãe (0.0000),savana (0.0000),normalidade (0.0000)
12644,fevereiro (0.0000),ponderação (0.0000),mamona (0.0000),saudosa (0.0000),noroeste (0.0000)
12645,festivais (0.0000),imparável (0.0000),mama (0.0000),saudades (0.0000),peculiaridade (0.0000)
12646,festiva (0.0000),impasses (0.0000),obcecada (0.0000),satisfações (0.0000),pecuarista (0.0000)
12647,literários (0.0000),impassibilidade (0.0000),manifestadas (0.0000),sentidas (0.0000),nostalgia (0.0000)
12648,refletiram (0.0000),impassível (0.0000),manifestando (0.0000),sentidos (0.0000),nostálgica (0.0000)
12649,felpuda (0.0000),polidas (0.0000),manifestar (0.0000),sentimos (0.0000),nostálgico (0.0000)
12650,feltro (0.0000),impedem (0.0000),normal (0.0000),setor (0.0000),notado (0.0000)
12651,ponga (0.0000),impedir (0.0000),mané (0.0000),significar (0.0000),note (0.0000)
12652,fendas (0.0000),impelida (0.0000),manuêla (0.0000),significam (0.0000),notei (0.0000)
12653,livra (0.0000),poli (0.0000),manuê (0.0000),siga (0.0000),noticiário (0.0000)
12654,fenótipos (0.0000),polegares (0.0000),nordestinidade (0.0000),siamês (0.0000),noturnas (0.0000)
12655,fere (0.0000),polegar (0.0000),manuss (0.0000),siameses (0.0000),nipônicas (0.0000)
12656,feriados (0.0000),imperfeito (0.0000),normais (0.0000),siamesas (0.0000),nipônica (0.0000)
12657,ferida (0.0000),imperfeição (0.0000),normalidade (0.0000),siamesa (0.0000),nino (0.0000)
12658,feridas (0.0000),polpa (0.0000),nomeia (0.0000),shows (0.0000),neutralidade (0.0000)
12659,ferido (0.0000),imemoriais (0.0000),manuscrito (0.0000),shorts (0.0000),neno (0.0000)
12660,feroz (0.0000),poluição (0.0000),nortistas (0.0000),shoppings (0.0000),nerd (0.0000)
12661,reflectiam (0.0000),poluído (0.0000),nostalgia (0.0000),shirts (0.0000),nervosa (0.0000)
12662,ferreira (0.0000),ilegais (0.0000),nostálgica (0.0000),shiitake (0.0000),nervosamente (0.0000)
12663,ferrenha (0.0000),ilegal (0.0000),nostálgico (0.0000),sexualidade (0.0000),nervosismo (0.0000)
12664,litorâneo (0.0000),ilha (0.0000),notado (0.0000),sexual (0.0000),nervoso (0.0000)
12665,fertilidade (0.0000),ilhéus (0.0000),manú (0.0000),sextas (0.0000),pegou (0.0000)
12666,litorâneas (0.0000),ponderasse (0.0000),maquiada (0.0000),sexismo (0.0000),pegavam (0.0000)
12667,fervente (0.0000),iluminado (0.0000),manifestação (0.0000),severa (0.0000),pegaram (0.0000)
12668,ferviam (0.0000),iluminados (0.0000),maravilhar (0.0000),significativa (0.0000),nestas (0.0000)
12669,fervilhava (0.0000),iluminando (0.0000),nocivas (0.0000),significativamente (0.0000),pegar (0.0000)
12670,fervo (0.0000),iluminar (0.0000),maravilhosos (0.0000),significativas (0.0000),netas (0.0000)
12671,fervorosa (0.0000),iluminará (0.0000),maravilhosas (0.0000),silvestre (0.0000),pegador (0.0000)
12672,refiram (0.0000),ponderados (0.0000),maravilhosamente (0.0000),similar (0.0000),pegado (0.0000)
12673,refira (0.0000),ilustradora (0.0000),maravilhosa (0.0000),simbólicos (0.0000),neutras (0.0000)
12674,pontada (0.0000),poncho (0.0000),maravilhas (0.0000),simbologias (0.0000),pedregosa (0.0000)
12675,pontuar (0.0000),ilustrativa (0.0000),maravilha (0.0000),simbolizando (0.0000),pegadas (0.0000)
12676,filosóficas (0.0000),ilustrativos (0.0000),maquiagens (0.0000),simbolizam (0.0000),neve (0.0000)
12677,filosófico (0.0000),ima (0.0000),maratona (0.0000),simbolismo (0.0000),nhamandu (0.0000)
12678,recôncavo (0.0000),imaginado (0.0000),maranhão (0.0000),silvo (0.0000),nhambiquarã (0.0000)
12679,recusava (0.0000),pomadas (0.0000),maranhense (0.0000),silva (0.0000),nhanderu (0.0000)
12680,linguagens (0.0000),imaginaria (0.0000),marajoara (0.0000),significava (0.0000),nhandeva (0.0000)
12681,firmo (0.0000),imaginativa (0.0000),maracujá (0.0000),silentes (0.0000),nhe (0.0000)
12682,linear (0.0000),imaginavam (0.0000),maquinário (0.0000),silente (0.0000),nheengatu (0.0000)
12683,fisicamente (0.0000),imaginação (0.0000),mantra (0.0000),silenciá (0.0000),nhoque (0.0000)
12684,line (0.0000),imaginemos (0.0000),notas (0.0000),silenciou (0.0000),nic (0.0000)
12685,fixa (0.0000),imaginou (0.0000),mantive (0.0000),silenciaram (0.0000),nica (0.0000)
12686,fixadas (0.0000),poluíram (0.0000),novidades (0.0000),silenciado (0.0000),nico (0.0000)
12687,fixo (0.0000),imbaúba (0.0000),manquejar (0.0000),silas (0.0000),nicoletta (0.0000)
12688,fixos (0.0000),poluídos (0.0000),manqueio (0.0000),setores (0.0000),pedregoso (0.0000)
12689,fizemos (0.0000),ianã (0.0000),mano (0.0000),setenta (0.0000),penteava (0.0000)
12690,fizer (0.0000),portava (0.0000),manjericão (0.0000),separadas (0.0000),peraltices (0.0000)
12691,recuperação (0.0000),ialorixás (0.0000),maniçoba (0.0000),sessões (0.0000),posses (0.0000)
12692,fiéis (0.0000),poético (0.0000),novidade (0.0000),seringueiras (0.0000),perdão (0.0000)
12693,flacidez (0.0000),handmade (0.0000),novinho (0.0000),seringueira (0.0000),movimenta (0.0000)
12694,flamboyant (0.0000),harmoniosa (0.0000),note (0.0000),sergipe (0.0000),perdidos (0.0000)
12695,flamengo (0.0000),harmoniosos (0.0000),nozes (0.0000),seres (0.0000),movessem (0.0000)
12696,flanela (0.0000),harmonizado (0.0000),noção (0.0000),serenos (0.0000),movesse (0.0000)
12697,flash (0.0000),harmonizam (0.0000),maninha (0.0000),serenas (0.0000),perdurar (0.0000)
12698,flauta (0.0000),harmonizava (0.0000),manifestou (0.0000),serenamente (0.0000),perdure (0.0000)
12699,flautas (0.0000),harmonizavam (0.0000),manifesto (0.0000),sereia (0.0000),mouse (0.0000)
12700,flecha (0.0000),harmônica (0.0000),manifeste (0.0000),sequelas (0.0000),percursos (0.0000)
12701,flechas (0.0000),hashi (0.0000),manquejo (0.0000),septum (0.0000),mourão (0.0000)
12702,recuperar (0.0000),havaiana (0.0000),novembro (0.0000),separo (0.0000),motriz (0.0000)
12703,recuaram (0.0000),pragas (0.0000),mansamente (0.0000),separação (0.0000),motos (0.0000)
12704,florada (0.0000),praga (0.0000),novelas (0.0000),separarei (0.0000),pereira (0.0000)
12705,recuar (0.0000),hein (0.0000),mansos (0.0000),separar (0.0000),motivou (0.0000)
12706,recíproco (0.0000),poéticas (0.0000),novela (0.0000),separando (0.0000),pererê (0.0000)
12707,firmando (0.0000),pourri (0.0000),nove (0.0000),separados (0.0000),movimentada (0.0000)
12708,filtra (0.0000),poças (0.0000),manteiga (0.0000),separado (0.0000),movimentado (0.0000)
12709,fiquem (0.0000),herdadas (0.0000),notícias (0.0000),seringueiro (0.0000),movimentando (0.0000)
12710,filtrada (0.0000),povoaram (0.0000),notável (0.0000),sermos (0.0000),perdidas (0.0000)
12711,populacional (0.0000),povoam (0.0000),notáveis (0.0000),sermão (0.0000),perdiam (0.0000)
12712,reduzi (0.0000),herdeira (0.0000),mantenha (0.0000),servido (0.0000),movo (0.0000)
12713,reduzem (0.0000),herdeiro (0.0000),noturnas (0.0000),sessentão (0.0000),perdera (0.0000)
12714,redutivas (0.0000),pousando (0.0000),noticiário (0.0000),serviços (0.0000),perdemos (0.0000)
12715,reducionistas (0.0000),pousam (0.0000),mantida (0.0000),serviu (0.0000),perdem (0.0000)
12716,reducionista (0.0000),hesita (0.0000),notei (0.0000),serviram (0.0000),perde (0.0000)
12717,finaliza (0.0000),pousados (0.0000),notebook (0.0000),servir (0.0000),mudarem (0.0000)
12718,finalizada (0.0000),pousada (0.0000),merecido (0.0000),servindo (0.0000),mudei (0.0000)
12719,finalizadores (0.0000),hesite (0.0000),mereço (0.0000),servidor (0.0000),mudinhas (0.0000)
12720,populações (0.0000),hesito (0.0000),mergulhada (0.0000),sertões (0.0000),mudou (0.0000)
12721,finalizando (0.0000),hambúrguer (0.0000),multidões (0.0000),serpente (0.0000),mugido (0.0000)
12722,porca (0.0000),haiku (0.0000),multidisciplinar (0.0000),sertanejos (0.0000),perda (0.0000)
12723,financeira (0.0000),habitualmente (0.0000),multidão (0.0000),serras (0.0000),mulata (0.0000)
12724,financeiras (0.0000),prancha (0.0000),molhou (0.0000),serraria (0.0000),motivam (0.0000)
12725,financeiros (0.0000),guiadas (0.0000),molhar (0.0000),serranas (0.0000),perfeccionista (0.0000)
12726,redondeza (0.0000),guiar (0.0000),molhando (0.0000),serrana (0.0000),perfeitas (0.0000)
12727,finge (0.0000),guiaram (0.0000),molhados (0.0000),serpenteavam (0.0000),perfumado (0.0000)
12728,fininha (0.0000),guiasse (0.0000),molha (0.0000),serpenteava (0.0000),moralismos (0.0000)
12729,redemoinhos (0.0000),guiava (0.0000),monocromática (0.0000),sangrar (0.0000),moram (0.0000)
12730,redefinição (0.0000),guioza (0.0000),moleza (0.0000),samurais (0.0000),morango (0.0000)
12731,redefine (0.0000),guitarras (0.0000),moletom (0.0000),samurai (0.0000),pergaminho (0.0000)
12732,finura (0.0000),guião (0.0000),moleques (0.0000),rezou (0.0000),mordaz (0.0000)
12733,finíssimas (0.0000),gullar (0.0000),moleque (0.0000),riscas (0.0000),mordidas (0.0000)
12734,linguísticas (0.0000),pratico (0.0000),molecada (0.0000),riscando (0.0000),perfuradas (0.0000)
12735,redatora (0.0000),praticantes (0.0000),mole (0.0000),riscada (0.0000),perfumes (0.0000)
12736,porcelana (0.0000),praticamos (0.0000),monocromia (0.0000),riram (0.0000),morenas (0.0000)
12737,felino (0.0000),praticamente (0.0000),monocromático (0.0000),rincões (0.0000),perfumavam (0.0000)
12738,felina (0.0000),praticadas (0.0000),molduras (0.0000),rima (0.0000),moreninho (0.0000)
12739,refletiria (0.0000),prateados (0.0000),montanhosa (0.0000),rija (0.0000),moreninhos (0.0000)
12740,faleceu (0.0000),gíria (0.0000),monótona (0.0000),rigorosos (0.0000),morenitude (0.0000)
12741,falem (0.0000),prateadas (0.0000),monólito (0.0000),rigorosa (0.0000),mornas (0.0000)
12742,falha (0.0000),pras (0.0000),monumental (0.0000),rigor (0.0000),morre (0.0000)
12743,falhando (0.0000),praqueles (0.0000),montes (0.0000),riem (0.0000),perfis (0.0000)
12744,falhas (0.0000),habilidoso (0.0000),monte (0.0000),ricamente (0.0000),morrendo (0.0000)
12745,falsas (0.0000),praquele (0.0000),mulata (0.0000),ribeirão (0.0000),morrer (0.0000)
12746,falsidade (0.0000),praquelas (0.0000),mulato (0.0000),ribeirinho (0.0000),morrerem (0.0000)
12747,londres (0.0000),habitante (0.0000),monolítica (0.0000),ribeirinha (0.0000),morrido (0.0000)
12748,faltantes (0.0000),habitaram (0.0000),mulherzinha (0.0000),ribeira (0.0000),morro (0.0000)
12749,loja (0.0000),habitavam (0.0000),multicoloridas (0.0000),riachos (0.0000),morros (0.0000)
12750,falésias (0.0000),habituadas (0.0000),multidimensionalidade (0.0000),risco (0.0000),morta (0.0000)
12751,registrando (0.0000),habituado (0.0000),monstro (0.0000),riscos (0.0000),mortes (0.0000)
12752,registra (0.0000),pousa (0.0000),monotonia (0.0000),risinhos (0.0000),perfumadas (0.0000)
12753,familiarizadas (0.0000),hibiscos (0.0000),monolítico (0.0000),roca (0.0000),mosquitos (0.0000)
12754,familiarizados (0.0000),iaiá (0.0000),moldá (0.0000),rolavam (0.0000),perfumada (0.0000)
12755,faminta (0.0000),positivas (0.0000),multifacetadas (0.0000),rolam (0.0000),perfuma (0.0000)
12756,faminto (0.0000),honrem (0.0000),mergulhar (0.0000),rojão (0.0000),performativa (0.0000)
12757,famosas (0.0000),honro (0.0000),modestos (0.0000),roer (0.0000),performances (0.0000)
12758,loirinhos (0.0000),honrá (0.0000),modula (0.0000),rodei (0.0000),mulato (0.0000)
12759,fanatismos (0.0000),hop (0.0000),mureta (0.0000),rockabilly (0.0000),mulherzinha (0.0000)
12760,fandango (0.0000),possuíam (0.0000),murmura (0.0000),rochosas (0.0000),músculo (0.0000)
12761,loiras (0.0000),possuo (0.0000),modismos (0.0000),robô (0.0000),percebendo (0.0000)
12762,loira (0.0000),possuir (0.0000),modinhas (0.0000),ritmada (0.0000),percam (0.0000)
12763,fantasmagóricas (0.0000),possuem (0.0000),modificação (0.0000),robustas (0.0000),mães (0.0000)
12764,fantasy (0.0000),hortaliças (0.0000),modesto (0.0000),robusta (0.0000),máximo (0.0000)
12765,fanática (0.0000),possamos (0.0000),modão (0.0000),roberto (0.0000),máscaras (0.0000)
12766,fanático (0.0000),possam (0.0000),modesta (0.0000),ritualística (0.0000),máscara (0.0000)
12767,pomeranas (0.0000),positivo (0.0000),murmurava (0.0000),rituais (0.0000),percebem (0.0000)
12768,falecido (0.0000),hostilidade (0.0000),modernização (0.0000),ritos (0.0000),mágoas (0.0000)
12769,pomadas (0.0000),positivamente (0.0000),modernizar (0.0000),ritmadas (0.0000),multidimensionalidade (0.0000)
12770,loft (0.0000),hidratados (0.0000),modernizados (0.0000),reúno (0.0000),mágicas (0.0000)
12771,falcões (0.0000),humanidade (0.0000),modernizadas (0.0000),rezo (0.0000),má (0.0000)
12772,poluíram (0.0000),hummm (0.0000),modulando (0.0000),rompe (0.0000),perceberia (0.0000)
12773,reinventando (0.0000),posicionadas (0.0000),modéstia (0.0000),rezava (0.0000),mutuamente (0.0000)
12774,facão (0.0000),porã (0.0000),multifacetado (0.0000),revelado (0.0000),mutação (0.0000)
12775,reinterprete (0.0000),hábeis (0.0000),moldam (0.0000),reveladas (0.0000),mutantes (0.0000)
12776,fagulho (0.0000),hábil (0.0000),multinacional (0.0000),reutilizar (0.0000),percalços (0.0000)
12777,faixa (0.0000),hábilmente (0.0000),multiplicam (0.0000),reuniões (0.0000),médias (0.0000)
12778,faixas (0.0000),hã (0.0000),multiplicavam (0.0000),reunião (0.0000),médica (0.0000)
12779,reinterpretando (0.0000),hãe (0.0000),moldavam (0.0000),reunirá (0.0000),médico (0.0000)
12780,longevidade (0.0000),híbrida (0.0000),mundico (0.0000),reunidos (0.0000),médio (0.0000)
12781,falador (0.0000),hídrica (0.0000),mundão (0.0000),reunia (0.0000),métodos (0.0000)
12782,faladora (0.0000),iago (0.0000),moldados (0.0000),reumatismo (0.0000),mês (0.0000)
12783,reinava (0.0000),iaia (0.0000),moeda (0.0000),retêm (0.0000),mídias (0.0000)
12784,falamos (0.0000),honravam (0.0000),municipal (0.0000),retrocesso (0.0000),mínima (0.0000)
12785,reina (0.0000),honrava (0.0000),moldadas (0.0000),retribui (0.0000),mínimos (0.0000)
12786,falange (0.0000),honrando (0.0000),município (0.0000),retraída (0.0000),mística (0.0000)
12787,falanges (0.0000),honramos (0.0000),moitas (0.0000),retratos (0.0000),míticas (0.0000)
12788,reimaginadas (0.0000),hidratante (0.0000),munição (0.0000),retratava (0.0000),mítico (0.0000)
12789,polêmico (0.0000),hidratação (0.0000),murchar (0.0000),retrata (0.0000),móveis (0.0000)
12790,falarei (0.0000),hierarquia (0.0000),monótono (0.0000),retorcidos (0.0000),móvel (0.0000)
12791,falarem (0.0000),hip (0.0000),moqueca (0.0000),reveladoras (0.0000),perca (0.0000)
12792,falaria (0.0000),hipertrofia (0.0000),moquecas (0.0000),revelaria (0.0000),perambula (0.0000)
12793,falariam (0.0000),hipnotizava (0.0000),mostrasse (0.0000),revelariam (0.0000),musiquinha (0.0000)
12794,políticos (0.0000),hipotética (0.0000),motivam (0.0000),revista (0.0000),percebidos (0.0000)
12795,falasse (0.0000),hipotético (0.0000),motiva (0.0000),rezas (0.0000),percebo (0.0000)
12796,falatório (0.0000),poupou (0.0000),mostro (0.0000),rezando (0.0000),munição (0.0000)
12797,regularidade (0.0000),poupar (0.0000),mostre (0.0000),rezamos (0.0000),multidisciplinar (0.0000)
12798,regulares (0.0000),potiguar (0.0000),movimente (0.0000),rezam (0.0000),multidões (0.0000)
12799,fardo (0.0000),potes (0.0000),mostrassem (0.0000),revolução (0.0000),multifacetadas (0.0000)
12800,fariam (0.0000),potencial (0.0000),movo (0.0000),revolucionária (0.0000),percorrido (0.0000)
12801,ponderação (0.0000),holográfico (0.0000),movimentava (0.0000),revolta (0.0000),multinacional (0.0000)
12802,faxina (0.0000),pote (0.0000),moça (0.0000),revisora (0.0000),multiplicavam (0.0000)
12803,reforçando (0.0000),homenageia (0.0000),moças (0.0000),revelasse (0.0000),percorridas (0.0000)
12804,fazendeiros (0.0000),homenageiam (0.0000),moía (0.0000),revisado (0.0000),mundico (0.0000)
12805,reforça (0.0000),pot (0.0000),mostarda (0.0000),revirava (0.0000),mundinho (0.0000)
12806,fazerem (0.0000),homeopáticas (0.0000),moído (0.0000),reverencial (0.0000),percorrida (0.0000)
12807,reformado (0.0000),homofobia (0.0000),mosqueiro (0.0000),revelem (0.0000),percorri (0.0000)
12808,reformada (0.0000),homogeneização (0.0000),motivação (0.0000),revelações (0.0000),munduruku (0.0000)
12809,lixando (0.0000),posto (0.0000),motivou (0.0000),revelação (0.0000),percorrer (0.0000)
12810,reflito (0.0000),possuímos (0.0000),mula (0.0000),revelassem (0.0000),percorrem (0.0000)
12811,façam (0.0000),honorário (0.0000),mova (0.0000),romance (0.0000),mura (0.0000)
12812,reflitam (0.0000),honra (0.0000),movesse (0.0000),rompendo (0.0000),musgo (0.0000)
12813,faísca (0.0000),honrada (0.0000),movido (0.0000),sambas (0.0000),murchar (0.0000)
12814,febre (0.0000),honram (0.0000),movimentada (0.0000),ruptura (0.0000),murmura (0.0000)
12815,febres (0.0000),jornais (0.0000),movimentado (0.0000),saibam (0.0000),murmurar (0.0000)
12816,fecha (0.0000),percam (0.0000),movediças (0.0000),saiam (0.0000),murmurava (0.0000)
12817,ponderados (0.0000),fuma (0.0000),movimentam (0.0000),saci (0.0000),murmuravam (0.0000)
12818,fechadas (0.0000),mingau (0.0000),mouse (0.0000),saborosas (0.0000),murmure (0.0000)
12819,fechados (0.0000),milenar (0.0000),motoca (0.0000),sabiá (0.0000),murmurou (0.0000)
12820,fecho (0.0000),milenares (0.0000),mourão (0.0000),sabiam (0.0000),musculado (0.0000)
12821,feed (0.0000),opressoras (0.0000),motriz (0.0000),saberes (0.0000),percorre (0.0000)
12822,ponderasse (0.0000),opressora (0.0000),motos (0.0000),sabedorias (0.0000),musculação (0.0000)
12823,reflexivo (0.0000),milhões (0.0000),motorista (0.0000),rítmica (0.0000),musculosa (0.0000)
12824,feirante (0.0000),militando (0.0000),motores (0.0000),rímel (0.0000),musculosas (0.0000)
12825,reflexivas (0.0000),opressivas (0.0000),motor (0.0000),rícino (0.0000),perceptíveis (0.0000)
12826,feirinhas (0.0000),opinar (0.0000),mpb (0.0000),régua (0.0000),museu (0.0000)
12827,refletivos (0.0000),mimava (0.0000),mortos (0.0000),rédeas (0.0000),pavimentado (0.0000)
12828,refletissem (0.0000),mina (0.0000),mudado (0.0000),rã (0.0000),notícias (0.0000)
12829,refletisse (0.0000),operário (0.0000),morava (0.0000),rápida (0.0000),nove (0.0000)
12830,faxineira (0.0000),operadas (0.0000),more (0.0000),rzo (0.0000),ornada (0.0000)
12831,reforçaria (0.0000),opcional (0.0000),mordidas (0.0000),ruídos (0.0000),ornamentais (0.0000)
12832,farinhenta (0.0000),minguava (0.0000),mordida (0.0000),saindo (0.0000),ornamentados (0.0000)
12833,favoritas (0.0000),mil (0.0000),morder (0.0000),saio (0.0000),ornamentado (0.0000)
12834,reggae (0.0000),mini (0.0000),morde (0.0000),saiu (0.0000),ornamentadas (0.0000)
12835,farpados (0.0000),miniatura (0.0000),mordaz (0.0000),salteado (0.0000),ornados (0.0000)
12836,farroupilha (0.0000),miniaturas (0.0000),morango (0.0000),sambar (0.0000),ornado (0.0000)
12837,regava (0.0000),opacidade (0.0000),mudaram (0.0000),samaúma (0.0000),orna (0.0000)
12838,farto (0.0000),minimamente (0.0000),moralismos (0.0000),salão (0.0000),parecerem (0.0000)
12839,regatas (0.0000),minuciosas (0.0000),moral (0.0000),salário (0.0000),orlas (0.0000)
12840,farturas (0.0000),minucioso (0.0000),mudinhas (0.0000),salve (0.0000),parentesco (0.0000)
12841,fascina (0.0000),minuciosos (0.0000),morador (0.0000),salva (0.0000),paresi (0.0000)
12842,fascinada (0.0000),onças (0.0000),morado (0.0000),saltos (0.0000),oriunda (0.0000)
12843,localização (0.0000),minutos (0.0000),mugido (0.0000),saltava (0.0000),orinoco (0.0000)
12844,localidade (0.0000),minério (0.0000),morei (0.0000),salgadas (0.0000),originários (0.0000)
12845,pomeranos (0.0000),minúcia (0.0000),mudei (0.0000),salpicou (0.0000),ornamentação (0.0000)
12846,fascinaram (0.0000),minúsculos (0.0000),morenas (0.0000),salpicar (0.0000),ornamento (0.0000)
12847,fascinava (0.0000),milagroso (0.0000),moreninha (0.0000),salpica (0.0000),ornamentos (0.0000)
12848,fascinou (0.0000),miguel (0.0000),moreninho (0.0000),salivar (0.0000),ornavam (0.0000)
12849,refúgiagens (0.0000),mestiça (0.0000),moreninhos (0.0000),salitre (0.0000),orquestra (0.0000)
12850,refugio (0.0000),mexerem (0.0000),morenitude (0.0000),saliente (0.0000),orquídea (0.0000)
12851,fases (0.0000),mestiço (0.0000),morenos (0.0000),salientar (0.0000),orvalho (0.0000)
12852,poncho (0.0000),mestiços (0.0000),morna (0.0000),russos (0.0000),orçamento (0.0000)
12853,fato (0.0000),mestra (0.0000),mornas (0.0000),rupestres (0.0000),oscilar (0.0000)
12854,fator (0.0000),mestras (0.0000),moro (0.0000),roncando (0.0000),ossatura (0.0000)
12855,refresco (0.0000),mestres (0.0000),morre (0.0000),rupestre (0.0000),ossinhos (0.0000)
12856,refrescar (0.0000),metade (0.0000),morrendo (0.0000),roubar (0.0000),osso (0.0000)
12857,favela (0.0000),metais (0.0000),mudava (0.0000),roubadas (0.0000),ossudo (0.0000)
12858,favelas (0.0000),orações (0.0000),morrido (0.0000),roubada (0.0000),ostensivas (0.0000)
12859,refresca (0.0000),oralmente (0.0000),mudas (0.0000),rouba (0.0000),ostentar (0.0000)
12860,reforço (0.0000),oralidade (0.0000),mudarem (0.0000),rotinas (0.0000),parecido (0.0000)
12861,gritos (0.0000),metáfora (0.0000),modernista (0.0000),roseiras (0.0000),parecidas (0.0000)
12862,grosseira (0.0000),opto (0.0000),moderninha (0.0000),rosas (0.0000),originou (0.0000)
12863,sofrer (0.0000),mexem (0.0000),modernices (0.0000),rosado (0.0000),original (0.0000)
12864,predefinidos (0.0000),mexeu (0.0000),mexiam (0.0000),rosadas (0.0000),pareça (0.0000)
12865,preconceituosos (0.0000),migrou (0.0000),micro (0.0000),rosada (0.0000),parques (0.0000)
12866,inquieto (0.0000),optem (0.0000),músicas (0.0000),roraimense (0.0000),participações (0.0000)
12867,inquietos (0.0000),mexiam (0.0000),mg (0.0000),roraima (0.0000),opostos (0.0000)
12868,privilégio (0.0000),mexicanas (0.0000),meço (0.0000),ronronando (0.0000),opressivas (0.0000)
12869,inscrevem (0.0000),optava (0.0000),mexo (0.0000),roni (0.0000),opressor (0.0000)
12870,inscrever (0.0000),meço (0.0000),mexicanas (0.0000),rondônia (0.0000),opressora (0.0000)
12871,predefinidas (0.0000),mi (0.0000),mexia (0.0000),rondando (0.0000),participativo (0.0000)
12872,inscrição (0.0000),micro (0.0000),migalha (0.0000),ronco (0.0000),optem (0.0000)
12873,insegura (0.0000),opressões (0.0000),mexeu (0.0000),roubavam (0.0000),participassem (0.0000)
12874,privilegiar (0.0000),migalha (0.0000),mexeriam (0.0000),roubávamos (0.0000),participar (0.0000)
12875,inseguras (0.0000),migrar (0.0000),mexerem (0.0000),roxa (0.0000),participamos (0.0000)
12876,inseguro (0.0000),migraram (0.0000),músico (0.0000),rugindo (0.0000),parteiras (0.0000)
12877,inseparáveis (0.0000),migração (0.0000),mexendo (0.0000),rumos (0.0000),oralmente (0.0000)
12878,inserida (0.0000),migrei (0.0000),mexem (0.0000),rumo (0.0000),parteira (0.0000)
12879,informação (0.0000),mirando (0.0000),midi (0.0000),ruivo (0.0000),parreirais (0.0000)
12880,inseridas (0.0000),mirim (0.0000),migraram (0.0000),ruivas (0.0000),organiza (0.0000)
12881,juntamente (0.0000),miscigenadas (0.0000),militares (0.0000),ruiva (0.0000),pareçam (0.0000)
12882,inseriu (0.0000),modula (0.0000),múltiplo (0.0000),ruidosas (0.0000),organizar (0.0000)
12883,inseto (0.0000),olfativa (0.0000),militando (0.0000),rugosidade (0.0000),orgulhava (0.0000)
12884,insetos (0.0000),moderação (0.0000),milhões (0.0000),rugido (0.0000),orgulhem (0.0000)
12885,insinua (0.0000),okinawa (0.0000),milhão (0.0000),roxas (0.0000),paro (0.0000)
12886,insinuasse (0.0000),modernidades (0.0000),móveis (0.0000),rudimentares (0.0000),parnaíba (0.0000)
12887,privilegiado (0.0000),moderninha (0.0000),móvel (0.0000),rudimentar (0.0000),parlendas (0.0000)
12888,insinuou (0.0000),modernizadas (0.0000),múltipla (0.0000),rudes (0.0000),orgulhosas (0.0000)
12889,insista (0.0000),modernização (0.0000),milagroso (0.0000),rs (0.0000),pariu (0.0000)
12890,privações (0.0000),oito (0.0000),migração (0.0000),rpg (0.0000),orgânica (0.0000)
12891,insistente (0.0000),oh (0.0000),milagres (0.0000),roçando (0.0000),pareço (0.0000)
12892,insistentes (0.0000),modestos (0.0000),milagre (0.0000),roçados (0.0000),orgânicos (0.0000)
12893,inquietação (0.0000),ofícios (0.0000),músculo (0.0000),similares (0.0000),orientais (0.0000)
12894,privilégios (0.0000),ofuscava (0.0000),miguel (0.0000),simplificar (0.0000),oriental (0.0000)
12895,inquestionável (0.0000),ofuscar (0.0000),migrou (0.0000),terceiro (0.0000),orientação (0.0000)
12896,inquestionáveis (0.0000),modulando (0.0000),migrei (0.0000),swing (0.0000),ostente (0.0000)
12897,produtiva (0.0000),miscigenado (0.0000),mexe (0.0000),suéter (0.0000),pareceram (0.0000)
12898,procurei (0.0000),modéstia (0.0000),metálico (0.0000),sutilezas (0.0000),novela (0.0000)
12899,procure (0.0000),moeda (0.0000),mútuo (0.0000),sustentaram (0.0000),paradoxo (0.0000)
12900,ingenuidade (0.0000),moinhos (0.0000),namorada (0.0000),sustentando (0.0000),paquerador (0.0000)
12901,jussara (0.0000),moitas (0.0000),mestiços (0.0000),sussurravam (0.0000),paradigmas (0.0000)
12902,procurar (0.0000),oficinas (0.0000),mestiço (0.0000),sussurrava (0.0000),pajés (0.0000)
12903,ingrata (0.0000),oficial (0.0000),mestiçagem (0.0000),sussurrando (0.0000),pajé (0.0000)
12904,jurê (0.0000),ofereço (0.0000),mestiça (0.0000),sussurram (0.0000),paradisíaco (0.0000)
12905,juruá (0.0000),oferendas (0.0000),mesmx (0.0000),sussurradas (0.0000),paisagística (0.0000)
12906,juru (0.0000),moldam (0.0000),nagôs (0.0000),sussurrada (0.0000),paraguai (0.0000)
12907,juro (0.0000),oferenda (0.0000),namorado (0.0000),sussurra (0.0000),parecendo (0.0000)
12908,processou (0.0000),oferecidos (0.0000),metáfora (0.0000),sussurava (0.0000),pairando (0.0000)
12909,iniciante (0.0000),oferecido (0.0000),naquelas (0.0000),sussuram (0.0000),pairam (0.0000)
12910,juremir (0.0000),moldasse (0.0000),mesclou (0.0000),suspiros (0.0000),paraguaia (0.0000)
12911,iniciação (0.0000),modelar (0.0000),mesclava (0.0000),suspirar (0.0000),paraibano (0.0000)
12912,inigualáveis (0.0000),modelando (0.0000),mesas (0.0000),suspensa (0.0000),padronagens (0.0000)
12913,juremas (0.0000),modelam (0.0000),mergulho (0.0000),sushi (0.0000),padroeira (0.0000)
12914,injusta (0.0000),modelado (0.0000),mergulhava (0.0000),suíço (0.0000),papão (0.0000)
12915,preconceituoso (0.0000),onça (0.0000),naftalina (0.0000),sábias (0.0000),palidez (0.0000)
12916,jurandizinho (0.0000),ontem (0.0000),mestre (0.0000),simplificação (0.0000),palito (0.0000)
12917,inocência (0.0000),missoshiru (0.0000),nacionalidades (0.0000),sábios (0.0000),palmeira (0.0000)
12918,inoportuna (0.0000),missão (0.0000),metade (0.0000),tailleur (0.0000),palmeiras (0.0000)
12919,inorganizável (0.0000),missô (0.0000),nacionalidade (0.0000),tai (0.0000),palmeirense (0.0000)
12920,inovadora (0.0000),onigiri (0.0000),nacionais (0.0000),tagarela (0.0000),palmito (0.0000)
12921,inovar (0.0000),misteriosos (0.0000),metalúrgica (0.0000),taciturno (0.0000),palácio (0.0000)
12922,inquebrantáveis (0.0000),oni (0.0000),meter (0.0000),tacada (0.0000),palácios (0.0000)
12923,inquebrantável (0.0000),ondulações (0.0000),metia (0.0000),tabuleiro (0.0000),pamonha (0.0000)
12924,privado (0.0000),misturadas (0.0000),meticulosidade (0.0000),tablets (0.0000),pampas (0.0000)
12925,privacidade (0.0000),omitido (0.0000),metido (0.0000),tablet (0.0000),panturrilha (0.0000)
12926,insistindo (0.0000),misturas (0.0000),meto (0.0000),sô (0.0000),pantaneiro (0.0000)
12927,predileção (0.0000),olá (0.0000),metro (0.0000),sólidos (0.0000),panelada (0.0000)
12928,instintivamente (0.0000),olodum (0.0000),metropolitana (0.0000),sólidas (0.0000),pankararu (0.0000)
12929,primaveras (0.0000),misturei (0.0000),metros (0.0000),sóbrios (0.0000),pankararé (0.0000)
12930,instrução (0.0000),olhem (0.0000),metrópole (0.0000),sóbrias (0.0000),pantaneira (0.0000)
12931,instruções (0.0000),misturou (0.0000),metrópoles (0.0000),sóbria (0.0000),paralelo (0.0000)
12932,predominante (0.0000),mitológica (0.0000),militar (0.0000),sítios (0.0000),pacu (0.0000)
12933,insuficiente (0.0000),mitológicas (0.0000),mítico (0.0000),séries (0.0000),pacote (0.0000)
12934,insuficientes (0.0000),mitológico (0.0000),murmurou (0.0000),século (0.0000),ouviram (0.0000)
12935,intactas (0.0000),mitológicos (0.0000),mágoas (0.0000),suscetíveis (0.0000),ousar (0.0000)
12936,intacto (0.0000),mitos (0.0000),mutante (0.0000),sururu (0.0000),outono (0.0000)
12937,integra (0.0000),olharem (0.0000),mutantes (0.0000),surrealismo (0.0000),pardo (0.0000)
12938,integradas (0.0000),mobília (0.0000),miséria (0.0000),surrados (0.0000),pardas (0.0000)
12939,integrado (0.0000),mochi (0.0000),mutação (0.0000),superei (0.0000),outrora (0.0000)
12940,integralmente (0.0000),olharam (0.0000),má (0.0000),superarem (0.0000),outubro (0.0000)
12941,predominantes (0.0000),modelada (0.0000),misturei (0.0000),superaram (0.0000),ouve (0.0000)
12942,julinho (0.0000),ordinário (0.0000),misturas (0.0000),superando (0.0000),ouvem (0.0000)
12943,juliana (0.0000),mesmx (0.0000),musiquinha (0.0000),superamos (0.0000),parcialmente (0.0000)
12944,prima (0.0000),perca (0.0000),máscara (0.0000),superam (0.0000),ouvia (0.0000)
12945,inteiramente (0.0000),material (0.0000),máscaras (0.0000),superados (0.0000),parcela (0.0000)
12946,inteireza (0.0000),mascando (0.0000),máximo (0.0000),superadas (0.0000),paraíso (0.0000)
12947,preá (0.0000),oscilar (0.0000),médias (0.0000),super (0.0000),paraty (0.0000)
12948,julgue (0.0000),masculinidades (0.0000),médica (0.0000),sunga (0.0000),parasse (0.0000)
12949,intelecto (0.0000),oscila (0.0000),médico (0.0000),sumir (0.0000),ouviu (0.0000)
12950,inteligentes (0.0000),massas (0.0000),mitológico (0.0000),sumido (0.0000),pacientemente (0.0000)
12951,prezam (0.0000),mastiga (0.0000),musgo (0.0000),sumaúma (0.0000),pararemos (0.0000)
12952,previsão (0.0000),mastigar (0.0000),mimava (0.0000),sulino (0.0000),paraná (0.0000)
12953,previstos (0.0000),mastigaram (0.0000),modelado (0.0000),sulina (0.0000),paranoá (0.0000)
12954,intencional (0.0000),mastigação (0.0000),musculado (0.0000),sujeitos (0.0000),ovelha (0.0000)
12955,instigar (0.0000),matam (0.0000),moderação (0.0000),sujeito (0.0000),ovelhas (0.0000)
12956,instantes (0.0000),orvalho (0.0000),moderado (0.0000),superficiais (0.0000),paranapanema (0.0000)
12957,insistira (0.0000),orquídea (0.0000),modelos (0.0000),superficialidades (0.0000),ovo (0.0000)
12958,primeiras (0.0000),orquestra (0.0000),musculação (0.0000),superficialmente (0.0000),oxente (0.0000)
12959,insistisse (0.0000),ornavam (0.0000),modelam (0.0000),surpreendam (0.0000),oxidada (0.0000)
12960,juntam (0.0000),marulho (0.0000),modas (0.0000),surpreso (0.0000),oxidado (0.0000)
12961,priorizar (0.0000),materno (0.0000),miúdas (0.0000),surpresas (0.0000),paranaenses (0.0000)
12962,insolação (0.0000),maternos (0.0000),mocinha (0.0000),surpresa (0.0000),oxóssi (0.0000)
12963,prioridades (0.0000),ornava (0.0000),mocidade (0.0000),surpreendentes (0.0000),oásis (0.0000)
12964,inspirado (0.0000),matizadas (0.0000),museus (0.0000),surpreendentemente (0.0000),paranaense (0.0000)
12965,predileto (0.0000),ornamentos (0.0000),mochi (0.0000),surpreendem (0.0000),participei (0.0000)
12966,principais (0.0000),matogrossense (0.0000),mobília (0.0000),surpreende (0.0000),opinar (0.0000)
12967,inspiramos (0.0000),matriarcas (0.0000),mobilidade (0.0000),surpreenda (0.0000),particularidades (0.0000)
12968,inspirando (0.0000),ornamento (0.0000),mistos (0.0000),superfícies (0.0000),patagônia (0.0000)
12969,princesas (0.0000),ornamentação (0.0000),médios (0.0000),surgiam (0.0000),observou (0.0000)
12970,inspirasse (0.0000),matéria (0.0000),métodos (0.0000),surfe (0.0000),observei (0.0000)
12971,prediletos (0.0000),maus (0.0000),mini (0.0000),surfar (0.0000),observe (0.0000)
12972,inspiravam (0.0000),maxi (0.0000),minuciosa (0.0000),surf (0.0000),pastor (0.0000)
12973,primorosa (0.0000),maya (0.0000),minorias (0.0000),surdo (0.0000),pastoral (0.0000)
12974,primeiros (0.0000),ossinhos (0.0000),ministério (0.0000),supostamente (0.0000),pastéis (0.0000)
12975,inspirá (0.0000),marujada (0.0000),minimamente (0.0000),superstições (0.0000),patativa (0.0000)
12976,instagram (0.0000),meses (0.0000),minimalismo (0.0000),takumã (0.0000),opcional (0.0000)
12977,instala (0.0000),marginalizada (0.0000),miniaturas (0.0000),tal (0.0000),observadores (0.0000)
12978,instalar (0.0000),marcara (0.0000),minguava (0.0000),talentos (0.0000),observadoras (0.0000)
12979,instalaram (0.0000),marcaram (0.0000),mistas (0.0000),tecnicamente (0.0000),pataxó (0.0000)
12980,instalava (0.0000),ousada (0.0000),mínimos (0.0000),tempestuoso (0.0000),observadas (0.0000)
12981,instalavam (0.0000),marcasse (0.0000),mineirês (0.0000),temperadas (0.0000),observacional (0.0000)
12982,instalações (0.0000),ostentoso (0.0000),mineiros (0.0000),temem (0.0000),patchwork (0.0000)
12983,instalei (0.0000),marceneiro (0.0000),mineirinho (0.0000),teme (0.0000),obsessiva (0.0000)
12984,instalou (0.0000),marciais (0.0000),mineiras (0.0000),telhado (0.0000),obsessivo (0.0000)
12985,instantaneamente (0.0000),marco (0.0000),mineira (0.0000),telha (0.0000),obsessão (0.0000)
12986,informações (0.0000),marcos (0.0000),minuciosas (0.0000),televisão (0.0000),obsidiana (0.0000)
12987,informativa (0.0000),mares (0.0000),minuciosos (0.0000),telefônicas (0.0000),pastelzinho (0.0000)
12988,incomparável (0.0000),maresia (0.0000),minuto (0.0000),tekoha (0.0000),pastagens (0.0000)
12989,kaio (0.0000),margaridas (0.0000),minutos (0.0000),tekoa (0.0000),oca (0.0000)
12990,indelevel (0.0000),margem (0.0000),mínimo (0.0000),teimox (0.0000),ocas (0.0000)
12991,prolongada (0.0000),ostentam (0.0000),mídias (0.0000),teimosas (0.0000),ocasionais (0.0000)
12992,karajá (0.0000),maru (0.0000),minúsculos (0.0000),teimosamente (0.0000),pasta (0.0000)
12993,karai (0.0000),marginalizados (0.0000),mirando (0.0000),teimo (0.0000),passividade (0.0000)
12994,kalunga (0.0000),marginalizam (0.0000),mídia (0.0000),teimavam (0.0000),oceanos (0.0000)
12995,kalapalo (0.0000),ostentada (0.0000),miscigenadas (0.0000),teias (0.0000),ocidentais (0.0000)
12996,projetam (0.0000),mariana (0.0000),miscigenado (0.0000),tecê (0.0000),ocidental (0.0000)
12997,projetado (0.0000),mariazinha (0.0000),miscigenações (0.0000),templo (0.0000),ocidentalizadas (0.0000)
12998,precisavam (0.0000),mariinha (0.0000),misericórdia (0.0000),temporada (0.0000),ocre (0.0000)
12999,indicada (0.0000),marinha (0.0000),missa (0.0000),temporal (0.0000),ocultava (0.0000)
13000,indicadores (0.0000),marinhas (0.0000),missoshiru (0.0000),tensões (0.0000),obscura (0.0000)
13001,kaiowá (0.0000),ossuda (0.0000),mês (0.0000),terceira (0.0000),obrigado (0.0000)
13002,indicar (0.0000),mariquinha (0.0000),missô (0.0000),terapia (0.0000),paterno (0.0000)
13003,progressistas (0.0000),maroto (0.0000),obon (0.0000),teoria (0.0000),nuvem (0.0000)
13004,informar (0.0000),marquinha (0.0000),obra (0.0000),tentou (0.0000),novembro (0.0000)
13005,progressista (0.0000),martinho (0.0000),obrigada (0.0000),tentavam (0.0000),novidade (0.0000)
13006,indiferença (0.0000),ornamentavam (0.0000),otimista (0.0000),tentamos (0.0000),novidades (0.0000)
13007,indignação (0.0000),mbyá (0.0000),lamber (0.0000),tentado (0.0000),novinho (0.0000)
13008,indiquem (0.0000),mecha (0.0000),ostentar (0.0000),tensão (0.0000),pausados (0.0000)
13009,indireta (0.0000),mercados (0.0000),lambada (0.0000),temporário (0.0000),nozes (0.0000)
13010,kaingang (0.0000),mencionar (0.0000),laje (0.0000),tendo (0.0000),nu (0.0000)
13011,indispensáveis (0.0000),oriental (0.0000),ostentoso (0.0000),tendenciosa (0.0000),nude (0.0000)
13012,indispensável (0.0000),mendigar (0.0000),otimismo (0.0000),tendem (0.0000),nus (0.0000)
13013,indissociáveis (0.0000),orientais (0.0000),ladeiras (0.0000),tende (0.0000),nutri (0.0000)
13014,indissociável (0.0000),orgânicas (0.0000),ostensivas (0.0000),temáticas (0.0000),nutria (0.0000)
13015,indistinta (0.0000),orgânica (0.0000),ladeira (0.0000),temática (0.0000),nutrir (0.0000)
13016,indistintas (0.0000),orgulhosas (0.0000),labuto (0.0000),tempurá (0.0000),nutritivas (0.0000)
13017,progredindo (0.0000),orgulhosamente (0.0000),labutado (0.0000),tecnologias (0.0000),nutriu (0.0000)
13018,indefinível (0.0000),orgulhem (0.0000),ousada (0.0000),teclas (0.0000),paulistana (0.0000)
13019,indefinido (0.0000),mental (0.0000),labret (0.0000),talentosa (0.0000),obon (0.0000)
13020,prolongado (0.0000),orgulhava (0.0000),labrador (0.0000),teclado (0.0000),náutico (0.0000)
13021,indecisa (0.0000),mentir (0.0000),ostentada (0.0000),tapiz (0.0000),névoa (0.0000)
13022,incompleta (0.0000),mentora (0.0000),lamentoso (0.0000),tapiocas (0.0000),nítido (0.0000)
13023,incompleteness (0.0000),mercearia (0.0000),labor (0.0000),tapetes (0.0000),nítidos (0.0000)
13024,incompleto (0.0000),ornamentava (0.0000),laquê (0.0000),tapeba (0.0000),níveis (0.0000)
13025,incompletude (0.0000),merecemos (0.0000),orçamento (0.0000),tapa (0.0000),patrimônio (0.0000)
13026,incompreensões (0.0000),orgulhar (0.0000),lares (0.0000),tanque (0.0000),núcleo (0.0000)
13027,incomuns (0.0000),mergulhar (0.0000),lareira (0.0000),tannicos (0.0000),número (0.0000)
13028,prometo (0.0000),mergulho (0.0000),laranjão (0.0000),tangível (0.0000),obedece (0.0000)
13029,inconfundíveis (0.0000),mergulhos (0.0000),oscilar (0.0000),tanga (0.0000),obedeceu (0.0000)
13030,prometiam (0.0000),meros (0.0000),ossuda (0.0000),tamborim (0.0000),obediente (0.0000)
13031,inconsciente (0.0000),orgulham (0.0000),lançavam (0.0000),tamborilam (0.0000),objetivas (0.0000)
13032,inconstantes (0.0000),mesclada (0.0000),lamparina (0.0000),tambores (0.0000),objetivo (0.0000)
13033,prometia (0.0000),mescladas (0.0000),lançam (0.0000),tam (0.0000),patriarcal (0.0000)
13034,kayapó (0.0000),mesclam (0.0000),lançado (0.0000),talismãs (0.0000),ocultos (0.0000)
13035,incorpora (0.0000),mesclava (0.0000),lanternas (0.0000),talismã (0.0000),ocupada (0.0000)
13036,prometendo (0.0000),mesclavam (0.0000),lancha (0.0000),talentoso (0.0000),ocupado (0.0000)
13037,promessas (0.0000),mesclou (0.0000),lampião (0.0000),talentosas (0.0000),omita (0.0000)
13038,kaue (0.0000),mencionada (0.0000),lampejos (0.0000),tapuia (0.0000),passamos (0.0000)
13039,incorreto (0.0000),orientam (0.0000),laboriosa (0.0000),taquara (0.0000),olharam (0.0000)
13040,prolongamento (0.0000),membros (0.0000),labirintos (0.0000),taquari (0.0000),olharem (0.0000)
13041,prolongados (0.0000),membro (0.0000),lenhador (0.0000),tchê (0.0000),olhava (0.0000)
13042,inculto (0.0000),mecher (0.0000),ouvinte (0.0000),teceu (0.0000),olhavam (0.0000)
13043,katu (0.0000),ornamentais (0.0000),keiko (0.0000),tecelão (0.0000),olhem (0.0000)
13044,kariri (0.0000),ornamentados (0.0000),ousar (0.0000),tecelã (0.0000),passagens (0.0000)
13045,incêndios (0.0000),medem (0.0000),kaue (0.0000),tecelas (0.0000),passageiros (0.0000)
13046,incômodas (0.0000),ornamentado (0.0000),outono (0.0000),tecedora (0.0000),passageiro (0.0000)
13047,incômodo (0.0000),ornamentadas (0.0000),kasato (0.0000),teatro (0.0000),oliva (0.0000)
13048,indecifráveis (0.0000),medicinal (0.0000),outubro (0.0000),tear (0.0000),parto (0.0000)
13049,programar (0.0000),medidas (0.0000),kaique (0.0000),tche (0.0000),olá (0.0000)
13050,individualidades (0.0000),medido (0.0000),kenji (0.0000),tarda (0.0000),ombro (0.0000)
13051,individualista (0.0000),meditativo (0.0000),ouviu (0.0000),taça (0.0000),partiu (0.0000)
13052,jê (0.0000),ornam (0.0000),ouça (0.0000),tava (0.0000),omitido (0.0000)
13053,jão (0.0000),ornados (0.0000),ovo (0.0000),tauã (0.0000),olfativa (0.0000)
13054,infiltrou (0.0000),ornada (0.0000),ka (0.0000),tatuado (0.0000),on (0.0000)
13055,infindáveis (0.0000),orna (0.0000),júlio (0.0000),tatuadas (0.0000),onda (0.0000)
13056,produzida (0.0000),orixás (0.0000),júlia (0.0000),tatu (0.0000),partilhava (0.0000)
13057,jânio (0.0000),orixá (0.0000),ken (0.0000),tartaruga (0.0000),ondulada (0.0000)
13058,produzem (0.0000),melancólicos (0.0000),kenzo (0.0000),sujeitas (0.0000),onduladas (0.0000)
13059,juçara (0.0000),melanina (0.0000),labirinto (0.0000),suja (0.0000),ondulação (0.0000)
13060,produtos (0.0000),oriunda (0.0000),ousado (0.0000),sugestões (0.0000),ondulações (0.0000)
13061,infinitos (0.0000),melhora (0.0000),labial (0.0000),sobreviverão (0.0000),oni (0.0000)
13062,precocemente (0.0000),orinoco (0.0000),ousadas (0.0000),sofra (0.0000),onigiri (0.0000)
13063,juvenil (0.0000),originários (0.0000),kênia (0.0000),sofisticados (0.0000),partido (0.0000)
13064,precoces (0.0000),originária (0.0000),ousadia (0.0000),sofisticado (0.0000),onças (0.0000)
13065,influenciadas (0.0000),originou (0.0000),kátia (0.0000),sofisticadas (0.0000),onírica (0.0000)
13066,influenciado (0.0000),originais (0.0000),kung (0.0000),soe (0.0000),opaca (0.0000)
13067,influenciadora (0.0000),melódicas (0.0000),ousados (0.0000),sociável (0.0000),opaco (0.0000)
13068,influenciados (0.0000),melódico (0.0000),khadija (0.0000),sociologia (0.0000),passara (0.0000)
13069,influenciam (0.0000),moldava (0.0000),krahô (0.0000),socioeconômicos (0.0000),oleiro (0.0000)
13070,influenciando (0.0000),moldavam (0.0000),klein (0.0000),socioeconômico (0.0000),ocupam (0.0000)
13071,influenciaram (0.0000),oferecida (0.0000),kimono (0.0000),socioeconômica (0.0000),ofensivo (0.0000)
13072,influenciaria (0.0000),múltiplos (0.0000),kim (0.0000),sociocultural (0.0000),passeia (0.0000)
13073,influenciariam (0.0000),nutrida (0.0000),kiko (0.0000),sociabilidade (0.0000),ocupações (0.0000)
13074,influenciou (0.0000),nutria (0.0000),kika (0.0000),sobrou (0.0000),ocupou (0.0000)
13075,produtora (0.0000),nutri (0.0000),largado (0.0000),sobrinha (0.0000),odds (0.0000)
13076,produto (0.0000),nutrem (0.0000),largamente (0.0000),sobrevoando (0.0000),odeio (0.0000)
13077,preconcebida (0.0000),métodos (0.0000),largar (0.0000),sobrevoam (0.0000),odiava (0.0000)
13078,informado (0.0000),mínima (0.0000),originária (0.0000),sobrevoa (0.0000),passear (0.0000)
13079,produtivo (0.0000),mínimos (0.0000),originalidade (0.0000),sofre (0.0000),passe (0.0000)
13080,infiltrando (0.0000),mística (0.0000),lei (0.0000),sofremos (0.0000),oestines (0.0000)
13081,infantil (0.0000),míticas (0.0000),legítimo (0.0000),sofrer (0.0000),passarinhos (0.0000)
13082,individualmente (0.0000),mítico (0.0000),legumes (0.0000),solicitação (0.0000),oestinos (0.0000)
13083,precoce (0.0000),móvel (0.0000),legou (0.0000),soltinhos (0.0000),ofender (0.0000)
13084,indivisíveis (0.0000),múltipla (0.0000),legendas (0.0000),soltinhas (0.0000),ofendido (0.0000)
13085,programadora (0.0000),nus (0.0000),legal (0.0000),solteiro (0.0000),ofensivas (0.0000)
13086,profusão (0.0000),músculo (0.0000),leitura (0.0000),soltam (0.0000),ofensivos (0.0000)
13087,profundezas (0.0000),nutrir (0.0000),legais (0.0000),solstícios (0.0000),okinawa (0.0000)
13088,profissionalmente (0.0000),mútua (0.0000),leciono (0.0000),solitude (0.0000),passariam (0.0000)
13089,indústria (0.0000),nacionalidade (0.0000),leblon (0.0000),solidária (0.0000),oferecem (0.0000)
13090,profissionalizada (0.0000),nacionalidades (0.0000),leave (0.0000),solicitado (0.0000),oferecida (0.0000)
13091,inebriantes (0.0000),nu (0.0000),lealdade (0.0000),sofreram (0.0000),oferecido (0.0000)
13092,inefáveis (0.0000),nagôs (0.0000),leal (0.0000),sola (0.0000),oferenda (0.0000)
13093,inefável (0.0000),noção (0.0000),leitora (0.0000),sofá (0.0000),offline (0.0000)
13094,profissionalismo (0.0000),nozes (0.0000),leituras (0.0000),softwares (0.0000),passarem (0.0000)
13095,kaiapó (0.0000),naqueles (0.0000),orvalho (0.0000),software (0.0000),oficinas (0.0000)
13096,inegociável (0.0000),narina (0.0000),orgulhava (0.0000),sofrência (0.0000),ofuscar (0.0000)
13097,profissionais (0.0000),narra (0.0000),organizar (0.0000),sofro (0.0000),passarei (0.0000)
13098,professores (0.0000),narram (0.0000),lendo (0.0000),sofri (0.0000),oh (0.0000)
13099,inequívocos (0.0000),narrando (0.0000),organizações (0.0000),sobrevivi (0.0000),oitenta (0.0000)
13100,proferi (0.0000),narrar (0.0000),orgulham (0.0000),sobreviventes (0.0000),oito (0.0000)
13101,profano (0.0000),nutrido (0.0000),lembrei (0.0000),solzinho (0.0000),ok (0.0000)
13102,inesperada (0.0000),nutritiva (0.0000),lembre (0.0000),sobrevivente (0.0000),moral (0.0000)
13103,inesperadamente (0.0000),moldo (0.0000),lembrasse (0.0000),skinny (0.0000),moradores (0.0000)
13104,kadiwéu (0.0000),nódulo (0.0000),originais (0.0000),sketchbook (0.0000),moradias (0.0000)
13105,ka (0.0000),munição (0.0000),orgânica (0.0000),situa (0.0000),mandacaru (0.0000)
13106,proeminentes (0.0000),mura (0.0000),orgânicos (0.0000),sistemas (0.0000),mandiocas (0.0000)
13107,inevitáveis (0.0000),mureta (0.0000),orientais (0.0000),sisal (0.0000),platinado (0.0000)
13108,inevitável (0.0000),murmurar (0.0000),oriental (0.0000),sinônimo (0.0000),mandarim (0.0000)
13109,inexistente (0.0000),números (0.0000),lembramos (0.0000),sinuosos (0.0000),mandalas (0.0000)
13110,precisem (0.0000),murmuravam (0.0000),orientam (0.0000),sinuoso (0.0000),plausível (0.0000)
13111,previsibilidade (0.0000),murmure (0.0000),leais (0.0000),sinuosa (0.0000),mandacarus (0.0000)
13112,predominava (0.0000),murmurou (0.0000),orixá (0.0000),sinuca (0.0000),playlist (0.0000)
13113,intensas (0.0000),murmúrio (0.0000),lazer (0.0000),sinhá (0.0000),mangás (0.0000)
13114,joguei (0.0000),musculado (0.0000),latente (0.0000),singularidades (0.0000),manco (0.0000)
13115,presenteadas (0.0000),musculosa (0.0000),laura (0.0000),singela (0.0000),manchando (0.0000)
13116,irmandade (0.0000),musculosas (0.0000),lau (0.0000),sincrética (0.0000),manchados (0.0000)
13117,presenciei (0.0000),nômade (0.0000),latinos (0.0000),simétricos (0.0000),manchadas (0.0000)
13118,irmão (0.0000),museu (0.0000),latino (0.0000),simpática (0.0000),man (0.0000)
13119,presenciaram (0.0000),mães (0.0000),latim (0.0000),simplório (0.0000),mamãe (0.0000)
13120,presenciar (0.0000),nítidos (0.0000),ornado (0.0000),soam (0.0000),mando (0.0000)
13121,presenciamos (0.0000),nítido (0.0000),latejar (0.0000),soar (0.0000),platinadas (0.0000)
13122,presenciais (0.0000),névoa (0.0000),lavrou (0.0000),soaram (0.0000),planícies (0.0000)
13123,prescinde (0.0000),nylon (0.0000),late (0.0000),sobrenomes (0.0000),manejado (0.0000)
13124,irradiar (0.0000),mutante (0.0000),lata (0.0000),sobreviva (0.0000),manejando (0.0000)
13125,preparei (0.0000),mágica (0.0000),lascar (0.0000),sobretudo (0.0000),manejar (0.0000)
13126,irreal (0.0000),mágicas (0.0000),larguei (0.0000),sobressaltos (0.0000),manejaram (0.0000)
13127,irredutível (0.0000),mágoas (0.0000),largou (0.0000),sobrepõe (0.0000),manejavam (0.0000)
13128,irregularmente (0.0000),nuvem (0.0000),orquestra (0.0000),sobrepostos (0.0000),manejo (0.0000)
13129,prevalecem (0.0000),máquinas (0.0000),lavadas (0.0000),sobrepondo (0.0000),manezinha (0.0000)
13130,irrepetível (0.0000),máscaras (0.0000),lavadeira (0.0000),sobrepeso (0.0000),planície (0.0000)
13131,jogou (0.0000),nutriu (0.0000),lavadeiras (0.0000),sobrenome (0.0000),mangabeiras (0.0000)
13132,preparando (0.0000),nutritivas (0.0000),lavados (0.0000),soavam (0.0000),mangais (0.0000)
13133,irrigação (0.0000),narrava (0.0000),orlas (0.0000),sobrenatural (0.0000),planto (0.0000)
13134,irrita (0.0000),narravam (0.0000),lavam (0.0000),sobrava (0.0000),mango (0.0000)
13135,preparado (0.0000),novela (0.0000),lavanda (0.0000),sobram (0.0000),plantei (0.0000)
13136,irão (0.0000),nobres (0.0000),lavando (0.0000),sobradinho (0.0000),plantamos (0.0000)
13137,irônicas (0.0000),negativas (0.0000),orla (0.0000),soberania (0.0000),plissada (0.0000)
13138,preferidos (0.0000),negativos (0.0000),lavaram (0.0000),sobem (0.0000),mama (0.0000)
13139,preocuparem (0.0000),negligenciada (0.0000),orixás (0.0000),sobe (0.0000),plumas (0.0000)
13140,jogavam (0.0000),negociando (0.0000),lavo (0.0000),soluções (0.0000),magricela (0.0000)
13141,isenta (0.0000),negociar (0.0000),lavou (0.0000),solzão (0.0000),poeirentas (0.0000)
13142,isento (0.0000),negociava (0.0000),lavouras (0.0000),sugerir (0.0000),madeiras (0.0000)
13143,iridescente (0.0000),negociação (0.0000),lavrador (0.0000),strudel (0.0000),madeireiras (0.0000)
13144,irecê (0.0000),negritude (0.0000),lavradores (0.0000),submissa (0.0000),madeireiros (0.0000)
13145,irantã (0.0000),nomeada (0.0000),lavras (0.0000),submeter (0.0000),madrepérola (0.0000)
13146,iranduba (0.0000),negrume (0.0000),oxente (0.0000),sublinhava (0.0000),madrugada (0.0000)
13147,investidas (0.0000),nodosos (0.0000),oxidado (0.0000),subjugados (0.0000),podão (0.0000)
13148,preferem (0.0000),nocivas (0.0000),oxóssi (0.0000),subjetivas (0.0000),podiam (0.0000)
13149,invisibiliza (0.0000),nobreza (0.0000),japonesas (0.0000),subjetiva (0.0000),poderíamos (0.0000)
13150,invisibilizadas (0.0000),nobre (0.0000),jaquetas (0.0000),subia (0.0000),maduros (0.0000)
13151,invisibilizados (0.0000),nove (0.0000),paquerador (0.0000),sub (0.0000),poderá (0.0000)
13152,preferencialmente (0.0000),nirvana (0.0000),jaqueira (0.0000),suavizá (0.0000),poderes (0.0000)
13153,invisibilizar (0.0000),nipônicas (0.0000),japão (0.0000),suavizavam (0.0000),magnético (0.0000)
13154,invisibilizou (0.0000),neno (0.0000),japonês (0.0000),suavizava (0.0000),podcasts (0.0000)
13155,invisto (0.0000),nipônica (0.0000),japoneses (0.0000),suavizaram (0.0000),poda (0.0000)
13156,preservamos (0.0000),nervosismo (0.0000),japonesa (0.0000),suavizar (0.0000),maloca (0.0000)
13157,preservam (0.0000),nervoso (0.0000),jardinagem (0.0000),suavizado (0.0000),magérrimas (0.0000)
13158,invocam (0.0000),nhoque (0.0000),janto (0.0000),suar (0.0000),pneuzinhos (0.0000)
13159,invés (0.0000),nheengatu (0.0000),jantar (0.0000),suando (0.0000),pneus (0.0000)
13160,inês (0.0000),nestas (0.0000),jantamos (0.0000),suado (0.0000),majoritariamente (0.0000)
13161,preservados (0.0000),nhe (0.0000),jangadas (0.0000),subsistência (0.0000),pneu (0.0000)
13162,preferidas (0.0000),nhandeva (0.0000),jangada (0.0000),substitui (0.0000),mala (0.0000)
13163,preservado (0.0000),nhanderu (0.0000),janelas (0.0000),substituir (0.0000),malagueta (0.0000)
13164,preservadas (0.0000),nhambiquarã (0.0000),papão (0.0000),sucedido (0.0000),malas (0.0000)
13165,preferido (0.0000),nomeado (0.0000),jardins (0.0000),sufocava (0.0000),maldade (0.0000)
13166,preservada (0.0000),nomes (0.0000),joana (0.0000),sufocar (0.0000),plurais (0.0000)
13167,ipecacuanha (0.0000),norma (0.0000),panelada (0.0000),sufocando (0.0000),males (0.0000)
13168,ipiranga (0.0000),nebulosa (0.0000),jian (0.0000),sufocam (0.0000),maleáveis (0.0000)
13169,ipueira (0.0000),notáveis (0.0000),jeri (0.0000),sudestinas (0.0000),maleável (0.0000)
13170,preserva (0.0000),nasceram (0.0000),pandeiro (0.0000),suculentas (0.0000),malha (0.0000)
13171,presenteara (0.0000),nascerem (0.0000),jequié (0.0000),sucessos (0.0000),mangá (0.0000)
13172,presenteado (0.0000),nasceres (0.0000),jequitinhonha (0.0000),sucedidas (0.0000),manhosa (0.0000)
13173,iraceminha (0.0000),nascidos (0.0000),panela (0.0000),substituída (0.0000),marceneiro (0.0000)
13174,jogava (0.0000),nascimentos (0.0000),panorama (0.0000),sucedida (0.0000),manuseia (0.0000)
13175,itaituba (0.0000),nata (0.0000),papos (0.0000),sucediam (0.0000),maquinário (0.0000)
13176,preocupado (0.0000),nativa (0.0000),jeitinho (0.0000),subtropical (0.0000),maquiada (0.0000)
13177,jivaro (0.0000),nativas (0.0000),jazz (0.0000),subtons (0.0000),mané (0.0000)
13178,jeri (0.0000),nativo (0.0000),pantalona (0.0000),subtom (0.0000),manuê (0.0000)
13179,janaína (0.0000),nativos (0.0000),panturrilha (0.0000),subtil (0.0000),manutenção (0.0000)
13180,janaúba (0.0000),nato (0.0000),papas (0.0000),subterrâneo (0.0000),manuseio (0.0000)
13181,jandi (0.0000),notado (0.0000),papo (0.0000),style (0.0000),manuseando (0.0000)
13182,jeremias (0.0000),nostálgico (0.0000),jandira (0.0000),stress (0.0000),plantadas (0.0000)
13183,jequié (0.0000),nortistas (0.0000),jandi (0.0000),somado (0.0000),manuscrito (0.0000)
13184,prendem (0.0000),noroeste (0.0000),paradisíaco (0.0000),streetwear (0.0000),manualmente (0.0000)
13185,jantamos (0.0000),navalha (0.0000),paralelo (0.0000),soraya (0.0000),piscina (0.0000)
13186,jantar (0.0000),navegado (0.0000),jaca (0.0000),sopé (0.0000),piscinas (0.0000)
13187,janto (0.0000),navegava (0.0000),jabuticabas (0.0000),sopro (0.0000),piso (0.0000)
13188,jequitinhonha (0.0000),navegavam (0.0000),paraibanos (0.0000),sopravam (0.0000),pisoteada (0.0000)
13189,prendas (0.0000),normais (0.0000),paralela (0.0000),soprado (0.0000),pisamos (0.0000)
13190,jequitibá (0.0000),naveguei (0.0000),paralelepípedos (0.0000),sonoridade (0.0000),maracujá (0.0000)
13191,prematuras (0.0000),navigando (0.0000),iça (0.0000),sonoras (0.0000),pisam (0.0000)
13192,jaqueira (0.0000),navio (0.0000),param (0.0000),sonolento (0.0000),maratona (0.0000)
13193,prejudica (0.0000),navios (0.0000),janaína (0.0000),sonhava (0.0000),maravilha (0.0000)
13194,preito (0.0000),nazaré (0.0000),paranaenses (0.0000),sonharem (0.0000),maravilhar (0.0000)
13195,pregando (0.0000),nação (0.0000),izabel (0.0000),sonharam (0.0000),pirão (0.0000)
13196,jari (0.0000),obcecada (0.0000),paranoá (0.0000),sonhando (0.0000),maravilhosas (0.0000)
13197,preguiçosas (0.0000),mundão (0.0000),itália (0.0000),sonham (0.0000),pirapó (0.0000)
13198,jaspe (0.0000),munduruku (0.0000),parasse (0.0000),sonhadorx (0.0000),piranhas (0.0000)
13199,jataí (0.0000),moreninhos (0.0000),paraty (0.0000),somente (0.0000),piracicaba (0.0000)
13200,jateada (0.0000),moral (0.0000),paraibano (0.0000),sombrios (0.0000),pipoca (0.0000)
13201,jatobá (0.0000),moralismos (0.0000),paraibana (0.0000),sombreados (0.0000),marcadores (0.0000)
13202,pregas (0.0000),ocupo (0.0000),paraguaia (0.0000),sorria (0.0000),pipe (0.0000)
13203,preguiçosa (0.0000),ocupava (0.0000),paraguai (0.0000),sorriam (0.0000),pipa (0.0000)
13204,jeitos (0.0000),morava (0.0000),jackson (0.0000),sorridente (0.0000),pinçavam (0.0000)
13205,jericoacoara (0.0000),morde (0.0000),parafusos (0.0000),soubessem (0.0000),pintá (0.0000)
13206,jaguatirica (0.0000),morder (0.0000),jade (0.0000),street (0.0000),mantra (0.0000)
13207,italianas (0.0000),mordida (0.0000),parafuso (0.0000),status (0.0000),manto (0.0000)
13208,jaguara (0.0000),mordidas (0.0000),paraenses (0.0000),startup (0.0000),mantive (0.0000)
13209,preocupa (0.0000),ocuparem (0.0000),paraense (0.0000),stars (0.0000),manoel (0.0000)
13210,itamar (0.0000),ocupando (0.0000),paradoxo (0.0000),star (0.0000),planos (0.0000)
13211,itapemirim (0.0000),moreninha (0.0000),parado (0.0000),sp (0.0000),plano (0.0000)
13212,itaquê (0.0000),moreninho (0.0000),jambeiro (0.0000),soul (0.0000),manifestadas (0.0000)
13213,itens (0.0000),morenitude (0.0000),jambu (0.0000),soubesse (0.0000),manifestavam (0.0000)
13214,itá (0.0000),ocre (0.0000),jan (0.0000),sortudo (0.0000),planilhas (0.0000)
13215,itália (0.0000),ocupacional (0.0000),jana (0.0000),souberam (0.0000),planejado (0.0000)
13216,ivinhema (0.0000),mornas (0.0000),janaina (0.0000),souber (0.0000),manifeste (0.0000)
13217,ixe (0.0000),ocupa (0.0000),pancadas (0.0000),soubemos (0.0000),planeja (0.0000)
13218,iza (0.0000),morrendo (0.0000),panamá (0.0000),sossego (0.0000),manifestou (0.0000)
13219,izabel (0.0000),morrerem (0.0000),juão (0.0000),sorviam (0.0000),manipulam (0.0000)
13220,izaías (0.0000),morro (0.0000),palcos (0.0000),sorveteria (0.0000),manipular (0.0000)
13221,preferirem (0.0000),morros (0.0000),paisagística (0.0000),sorvete (0.0000),manipulava (0.0000)
13222,iás (0.0000),morta (0.0000),paixões (0.0000),novidade (0.0000),manipulação (0.0000)
13223,jaborandi (0.0000),mortes (0.0000),juntavam (0.0000),novembro (0.0000),mano (0.0000)
13224,jaboticabeira (0.0000),mortos (0.0000),paladar (0.0000),novela (0.0000),manqueio (0.0000)
13225,jabuti (0.0000),ocultos (0.0000),juntando (0.0000),filhote (0.0000),pitoresco (0.0000)
13226,jabuticaba (0.0000),mosqueiro (0.0000),juntam (0.0000),figueira (0.0000),manquejar (0.0000)
13227,jabuticabas (0.0000),mosquitos (0.0000),juninos (0.0000),ficção (0.0000),manquejo (0.0000)
13228,jaca (0.0000),odds (0.0000),jura (0.0000),ficavam (0.0000),pixie (0.0000)
13229,joana (0.0000),moradias (0.0000),junino (0.0000),ficaram (0.0000),mansamente (0.0000)
13230,jacaré (0.0000),moradia (0.0000),juninho (0.0000),ficado (0.0000),mansos (0.0000)
13231,jackson (0.0000),morada (0.0000),paleta (0.0000),fibras (0.0000),manta (0.0000)
13232,jacó (0.0000),oferecem (0.0000),jumento (0.0000),fi (0.0000),mantas (0.0000)
13233,prendê (0.0000),molduras (0.0000),jumenta (0.0000),fevereiro (0.0000),manteiga (0.0000)
13234,jaguapira (0.0000),moldá (0.0000),julinho (0.0000),festividades (0.0000),mantem (0.0000)
13235,jaguar (0.0000),molecada (0.0000),juquinha (0.0000),festival (0.0000),mantemos (0.0000)
13236,invertidas (0.0000),moleques (0.0000),paisagens (0.0000),festivais (0.0000),mantenha (0.0000)
13237,invernos (0.0000),ofender (0.0000),joelho (0.0000),festiva (0.0000),pixel (0.0000)
13238,preservasse (0.0000),molha (0.0000),jussara (0.0000),festejos (0.0000),mantido (0.0000)
13239,prete (0.0000),oestx (0.0000),oásis (0.0000),fervoroso (0.0000),mantidos (0.0000)
13240,interessou (0.0000),molhado (0.0000),pacientemente (0.0000),fervorosa (0.0000),macios (0.0000)
13241,interfere (0.0000),molhados (0.0000),pacientes (0.0000),fervor (0.0000),poeirentos (0.0000)
13242,interferência (0.0000),molhou (0.0000),justificativas (0.0000),fervo (0.0000),macieira (0.0000)
13243,interioranas (0.0000),oestinidade (0.0000),pacote (0.0000),figurativos (0.0000),loja (0.0000)
13244,interioranos (0.0000),monocromático (0.0000),pacu (0.0000),filigrana (0.0000),longilíneas (0.0000)
13245,interiores (0.0000),monolítica (0.0000),padroeira (0.0000),forçam (0.0000),longevidade (0.0000)
13246,interioridade (0.0000),monolítico (0.0000),pairam (0.0000),filosóficas (0.0000),porcelana (0.0000)
13247,interiorzinho (0.0000),oestinesas (0.0000),padronagens (0.0000),fiquem (0.0000),londrina (0.0000)
13248,presume (0.0000),monstro (0.0000),paga (0.0000),fique (0.0000),londres (0.0000)
13249,interligadas (0.0000),montado (0.0000),juro (0.0000),finíssimo (0.0000),lona (0.0000)
13250,interligados (0.0000),montados (0.0000),pagamento (0.0000),finíssimas (0.0000),loiros (0.0000)
13251,interlocutor (0.0000),oestines (0.0000),pagar (0.0000),finura (0.0000),macias (0.0000)
13252,intermediário (0.0000),montanhosa (0.0000),pagode (0.0000),fininha (0.0000),loiro (0.0000)
13253,prestar (0.0000),montar (0.0000),juliana (0.0000),finge (0.0000),loirinhos (0.0000)
13254,internacionais (0.0000),oestes (0.0000),julgue (0.0000),fincada (0.0000),loiras (0.0000)
13255,internalizada (0.0000),odiava (0.0000),julgar (0.0000),financeiros (0.0000),loira (0.0000)
13256,internalizadas (0.0000),moqueca (0.0000),jogou (0.0000),financeiras (0.0000),logística (0.0000)
13257,internalizados (0.0000),moquecas (0.0000),jornais (0.0000),finalizando (0.0000),porcos (0.0000)
13258,internas (0.0000),ode (0.0000),palácios (0.0000),finalizam (0.0000),populacional (0.0000)
13259,presta (0.0000),ocultava (0.0000),pamonha (0.0000),filtros (0.0000),pontuar (0.0000)
13260,interno (0.0000),ocidentalizadas (0.0000),jorge (0.0000),filtrado (0.0000),pontuam (0.0000)
13261,internos (0.0000),obedece (0.0000),pampas (0.0000),filtrada (0.0000),pontuados (0.0000)
13262,interpela (0.0000),mulato (0.0000),joguei (0.0000),filtra (0.0000),lotada (0.0000)
13263,interpretada (0.0000),obsidiana (0.0000),jogos (0.0000),filosófico (0.0000),pontuadas (0.0000)
13264,interpretadas (0.0000),moía (0.0000),paletó (0.0000),fervilhava (0.0000),louro (0.0000)
13265,interpretado (0.0000),observe (0.0000),jogavam (0.0000),ferviam (0.0000),louros (0.0000)
13266,interpretar (0.0000),observaram (0.0000),jogava (0.0000),fervente (0.0000),louça (0.0000)
13267,preenchida (0.0000),observados (0.0000),jogar (0.0000),fertilidade (0.0000),lu (0.0000)
13268,interesse (0.0000),observadoras (0.0000),jogando (0.0000),fechados (0.0000),ponte (0.0000)
13269,ju (0.0000),observada (0.0000),joga (0.0000),fechado (0.0000),luan (0.0000)
13270,interessava (0.0000),mudava (0.0000),pan (0.0000),fecha (0.0000),pontas (0.0000)
13271,intensidades (0.0000),mudavam (0.0000),jornal (0.0000),febres (0.0000),luanna (0.0000)
13272,intensifica (0.0000),mudo (0.0000),jornalismo (0.0000),febre (0.0000),luc (0.0000)
13273,julgam (0.0000),obrigação (0.0000),jornalista (0.0000),fazê (0.0000),luca (0.0000)
13274,intensificar (0.0000),obrigados (0.0000),palácio (0.0000),fazendeiros (0.0000),lucho (0.0000)
13275,intensificava (0.0000),mulata (0.0000),palpáveis (0.0000),faxineira (0.0000),loft (0.0000)
13276,pretão (0.0000),obon (0.0000),jovial (0.0000),favoritas (0.0000),localidade (0.0000)
13277,pretx (0.0000),ocidental (0.0000),joões (0.0000),favor (0.0000),pormenorizada (0.0000)
13278,pretura (0.0000),multicoloridas (0.0000),palmeirense (0.0000),favela (0.0000),lispector (0.0000)
13279,pretinhos (0.0000),multidimensionalidade (0.0000),palmeiras (0.0000),fatores (0.0000),possamos (0.0000)
13280,julgador (0.0000),multidisciplinar (0.0000),palmas (0.0000),fator (0.0000),posição (0.0000)
13281,pretensões (0.0000),objetivos (0.0000),palito (0.0000),fatia (0.0000),linear (0.0000)
13282,interagiu (0.0000),objetivo (0.0000),juiz (0.0000),fases (0.0000),positivos (0.0000)
13283,julgadas (0.0000),multifacetadas (0.0000),jujuba (0.0000),fascínio (0.0000),linguagens (0.0000)
13284,julga (0.0000),multifacetado (0.0000),julga (0.0000),fascinava (0.0000),positivo (0.0000)
13285,intercalados (0.0000),obediente (0.0000),julgada (0.0000),federal (0.0000),positivas (0.0000)
13286,pretender (0.0000),multiplicam (0.0000),julgadas (0.0000),feed (0.0000),posiciono (0.0000)
13287,preenchem (0.0000),multiplicidade (0.0000),julgador (0.0000),feio (0.0000),lira (0.0000)
13288,interconectados (0.0000),mundico (0.0000),organizado (0.0000),fera (0.0000),lirismo (0.0000)
13289,preencher (0.0000),mundinho (0.0000),organiza (0.0000),ferrão (0.0000),lis (0.0000)
13290,interconexão (0.0000),obedeceu (0.0000),magrinho (0.0000),ferrenha (0.0000),posicionadas (0.0000)
13291,intercâmbio (0.0000),obstáculo (0.0000),luiz (0.0000),feroz (0.0000),lisinha (0.0000)
13292,interdependentes (0.0000),obstáculos (0.0000),luna (0.0000),ferido (0.0000),porã (0.0000)
13293,interdependência (0.0000),obtido (0.0000),luminoso (0.0000),feridas (0.0000),listrada (0.0000)
13294,interessa (0.0000),movimente (0.0000),luminosa (0.0000),feriados (0.0000),poros (0.0000)
13295,interessada (0.0000),mostraram (0.0000),lumes (0.0000),fere (0.0000),literalmente (0.0000)
13296,preenchia (0.0000),mostrasse (0.0000),lulu (0.0000),fenotípica (0.0000),literários (0.0000)
13297,pretende (0.0000),mostrassem (0.0000),luiza (0.0000),feirante (0.0000),litorâneas (0.0000)
13298,interpretação (0.0000),ocidentais (0.0000),oestx (0.0000),fendas (0.0000),litorâneo (0.0000)
13299,interrompido (0.0000),mostre (0.0000),lundu (0.0000),feminilidades (0.0000),livra (0.0000)
13300,inventou (0.0000),oceanos (0.0000),lui (0.0000),feltro (0.0000),livraria (0.0000)
13301,jornais (0.0000),motivam (0.0000),ofender (0.0000),felizes (0.0000),livrarias (0.0000)
13302,intuição (0.0000),motivação (0.0000),lugarejo (0.0000),felino (0.0000),portugal (0.0000)
13303,inunda (0.0000),motivo (0.0000),ofendido (0.0000),felina (0.0000),portava (0.0000)
13304,inundando (0.0000),motoca (0.0000),lucrativo (0.0000),feirinhas (0.0000),portadoras (0.0000)
13305,inundava (0.0000),motores (0.0000),lucidez (0.0000),firmando (0.0000),portadora (0.0000)
13306,inundavam (0.0000),motorista (0.0000),oestinos (0.0000),firmar (0.0000),lixando (0.0000)
13307,inundações (0.0000),motriz (0.0000),luninha (0.0000),firmo (0.0000),portador (0.0000)
13308,preservo (0.0000),mourão (0.0000),ofensiva (0.0000),focada (0.0000),porquê (0.0000)
13309,inusitadas (0.0000),mova (0.0000),odiava (0.0000),forasteiros (0.0000),luciana (0.0000)
13310,inusitado (0.0000),movediças (0.0000),lutava (0.0000),foquei (0.0000),lucidez (0.0000)
13311,preservem (0.0000),movem (0.0000),ocupo (0.0000),fonéticas (0.0000),lucrativo (0.0000)
13312,invade (0.0000),ocas (0.0000),ocupou (0.0000),fontes (0.0000),lóbulos (0.0000)
13313,invadi (0.0000),movesse (0.0000),odds (0.0000),fone (0.0000),lxs (0.0000)
13314,invadida (0.0000),movessem (0.0000),ode (0.0000),folheavam (0.0000),polidos (0.0000)
13315,invadindo (0.0000),oca (0.0000),odeio (0.0000),folhagens (0.0000),lágrima (0.0000)
13316,invasivas (0.0000),movida (0.0000),oestes (0.0000),folgados (0.0000),lápis (0.0000)
13317,invasor (0.0000),movimentada (0.0000),oestinidade (0.0000),folgado (0.0000),lâmpada (0.0000)
13318,invasores (0.0000),movimentado (0.0000),oestines (0.0000),folclórica (0.0000),lâmpadas (0.0000)
13319,invasão (0.0000),movimentam (0.0000),lutadora (0.0000),folclore (0.0000),lã (0.0000)
13320,inveja (0.0000),movimentando (0.0000),lutador (0.0000),fogueiras (0.0000),léo (0.0000)
13321,invejável (0.0000),movimentavam (0.0000),lutado (0.0000),fogem (0.0000),léu (0.0000)
13322,preserve (0.0000),ousado (0.0000),oestinesas (0.0000),fofoca (0.0000),líder (0.0000)
13323,inventados (0.0000),maravilhosamente (0.0000),lustrosos (0.0000),fofo (0.0000),límpida (0.0000)
13324,inventam (0.0000),maravilhas (0.0000),luciana (0.0000),fofa (0.0000),policiar (0.0000)
13325,inventando (0.0000),lembrei (0.0000),luca (0.0000),focarei (0.0000),líquido (0.0000)
13326,inventaram (0.0000),legítima (0.0000),ordinário (0.0000),forcei (0.0000),lívia (0.0000)
13327,inventiva (0.0000),lei (0.0000),loja (0.0000),formadas (0.0000),lógica (0.0000)
13328,invento (0.0000),pedem (0.0000),oferecido (0.0000),formado (0.0000),luísa (0.0000)
13329,intuito (0.0000),leitos (0.0000),oferecidos (0.0000),forrós (0.0000),lótus (0.0000)
13330,intuitiva (0.0000),pedagogia (0.0000),ofereço (0.0000),fortaleço (0.0000),lú (0.0000)
13331,interruptor (0.0000),lembrada (0.0000),londrina (0.0000),fortaleça (0.0000),macaco (0.0000)
13332,jornal (0.0000),lembrado (0.0000),londres (0.0000),fortalecimento (0.0000),macacos (0.0000)
13333,interseccional (0.0000),pedacinhos (0.0000),lona (0.0000),fortalecido (0.0000),polegares (0.0000)
13334,pressões (0.0000),lembramos (0.0000),loiros (0.0000),fortaleceram (0.0000),macapá (0.0000)
13335,interseccionalidades (0.0000),peculiaridade (0.0000),oferecida (0.0000),fortalecendo (0.0000),polegar (0.0000)
13336,joões (0.0000),pecuarista (0.0000),loiro (0.0000),fortalecemos (0.0000),machadinha (0.0000)
13337,intertribal (0.0000),lembrasse (0.0000),loirinhos (0.0000),fornecidas (0.0000),macho (0.0000)
13338,intimida (0.0000),pechincho (0.0000),loiras (0.0000),formados (0.0000),machuca (0.0000)
13339,intimidade (0.0000),paysandu (0.0000),loira (0.0000),fornecem (0.0000),machucada (0.0000)
13340,intimidam (0.0000),legou (0.0000),logística (0.0000),formulários (0.0000),machucados (0.0000)
13341,intimidava (0.0000),lembretes (0.0000),offline (0.0000),formigas (0.0000),poema (0.0000)
13342,intimidou (0.0000),pavimentaram (0.0000),longilíneas (0.0000),formei (0.0000),machucar (0.0000)
13343,intocada (0.0000),lenda (0.0000),oferecendo (0.0000),formaturas (0.0000),luíza (0.0000)
13344,pressione (0.0000),pavimentado (0.0000),luc (0.0000),formalizados (0.0000),polir (0.0000)
13345,intrigaria (0.0000),lendário (0.0000),louros (0.0000),formalidades (0.0000),ponga (0.0000)
13346,preenchido (0.0000),pautado (0.0000),ofensivo (0.0000),focado (0.0000),políticos (0.0000)
13347,pressionaram (0.0000),lentes (0.0000),luanna (0.0000),fluída (0.0000),pondo (0.0000)
13348,preenchidos (0.0000),pausados (0.0000),luana (0.0000),fivela (0.0000),ponderação (0.0000)
13349,intrinsecamente (0.0000),pausa (0.0000),luan (0.0000),fluía (0.0000),lui (0.0000)
13350,preestabelecidos (0.0000),paulistanês (0.0000),ofensivos (0.0000),florescerem (0.0000),luito (0.0000)
13351,introduzida (0.0000),lenços (0.0000),louça (0.0000),florescente (0.0000),luiza (0.0000)
13352,prefeitura (0.0000),lerdo (0.0000),louro (0.0000),floreios (0.0000),lulu (0.0000)
13353,pressionada (0.0000),letra (0.0000),look (0.0000),florada (0.0000),poncho (0.0000)
13354,introspectivos (0.0000),legumes (0.0000),loucura (0.0000),flexível (0.0000),lunares (0.0000)
13355,josé (0.0000),leggings (0.0000),lotados (0.0000),flechas (0.0000),luninha (0.0000)
13356,jornalista (0.0000),lindos (0.0000),lotadas (0.0000),flecha (0.0000),lustroso (0.0000)
13357,introvertidas (0.0000),lavam (0.0000),lotada (0.0000),flautas (0.0000),pomeranos (0.0000)
13358,introvertido (0.0000),peixada (0.0000),oferecem (0.0000),flauta (0.0000),lutado (0.0000)
13359,jornalismo (0.0000),late (0.0000),looks (0.0000),flanela (0.0000),lutadora (0.0000)
13360,incompatíveis (0.0000),latejar (0.0000),ocupações (0.0000),flamengo (0.0000),pomeranas (0.0000)
13361,khadija (0.0000),pegue (0.0000),lutei (0.0000),flamboyant (0.0000),lutarei (0.0000)
13362,quiet (0.0000),pegavam (0.0000),ocupação (0.0000),flacidez (0.0000),polo (0.0000)
13363,honorário (0.0000),latino (0.0000),obsessivo (0.0000),fizer (0.0000),polêmico (0.0000)
13364,homenageia (0.0000),pegado (0.0000),observei (0.0000),fizemos (0.0000),lutaremos (0.0000)
13365,homenageiam (0.0000),lavada (0.0000),macieira (0.0000),fixos (0.0000),poluíram (0.0000)
13366,põe (0.0000),lavadas (0.0000),observou (0.0000),fixadas (0.0000),poluídos (0.0000)
13367,pôsteres (0.0000),lavadeira (0.0000),machucam (0.0000),floresceu (0.0000),lutavam (0.0000)
13368,homeopáticas (0.0000),lavadeiras (0.0000),machucado (0.0000),florescia (0.0000),poluído (0.0000)
13369,homofobia (0.0000),lavados (0.0000),obsessiva (0.0000),floresciam (0.0000),lutem (0.0000)
13370,homogeneidade (0.0000),pegadas (0.0000),machistas (0.0000),fluem (0.0000),lutemos (0.0000)
13371,homogeneização (0.0000),lavando (0.0000),macios (0.0000),fluência (0.0000),poluição (0.0000)
13372,homogênea (0.0000),legaram (0.0000),machista (0.0000),fluvial (0.0000),lutona (0.0000)
13373,homogêneo (0.0000),lavaram (0.0000),obsessão (0.0000),flutuo (0.0000),polpa (0.0000)
13374,pétalas (0.0000),lavavam (0.0000),macena (0.0000),flutuava (0.0000),luva (0.0000)
13375,péssimo (0.0000),lavo (0.0000),maceió (0.0000),flutuasse (0.0000),polos (0.0000)
13376,lavando (0.0000),lavou (0.0000),macaxeira (0.0000),flutuante (0.0000),polonesa (0.0000)
13377,honrada (0.0000),pegada (0.0000),macapá (0.0000),fluentemente (0.0000),pintinha (0.0000)
13378,herdeira (0.0000),lavrador (0.0000),observe (0.0000),florzinha (0.0000),marciais (0.0000)
13379,honram (0.0000),lavrou (0.0000),macramê (0.0000),florestais (0.0000),moradia (0.0000)
13380,honramos (0.0000),pedreiro (0.0000),ocupava (0.0000),florir (0.0000),mirando (0.0000)
13381,honrando (0.0000),pedreira (0.0000),obscura (0.0000),floripa (0.0000),persistia (0.0000)
13382,honrar (0.0000),pedregosa (0.0000),magricela (0.0000),floridas (0.0000),misericórdia (0.0000)
13383,honrava (0.0000),pedrarias (0.0000),magra (0.0000),florianópolis (0.0000),miscigenações (0.0000)
13384,honravam (0.0000),pedido (0.0000),magnético (0.0000),floresçam (0.0000),miscigenado (0.0000)
13385,honrem (0.0000),pedestal (0.0000),magnética (0.0000),floresça (0.0000),miscigenada (0.0000)
13386,honro (0.0000),pau (0.0000),magnetismo (0.0000),florestas (0.0000),mirim (0.0000)
13387,honrá (0.0000),patrões (0.0000),maduros (0.0000),fascinaram (0.0000),minúsculo (0.0000)
13388,hop (0.0000),patrimônio (0.0000),madureira (0.0000),fascinantes (0.0000),mitológico (0.0000)
13389,lavanda (0.0000),limitam (0.0000),observações (0.0000),fascinam (0.0000),minúcia (0.0000)
13390,pátio (0.0000),lidou (0.0000),maduras (0.0000),experimentando (0.0000),minério (0.0000)
13391,horizontais (0.0000),passarinhos (0.0000),observacional (0.0000),expondo (0.0000),personagens (0.0000)
13392,lavavam (0.0000),passariam (0.0000),madrepérola (0.0000),explícitas (0.0000),minuto (0.0000)
13393,públicas (0.0000),passaria (0.0000),observada (0.0000),explosão (0.0000),minucioso (0.0000)
13394,hobby (0.0000),ligando (0.0000),observadas (0.0000),explosivos (0.0000),minuciosa (0.0000)
13395,públicos (0.0000),passarem (0.0000),observadoras (0.0000),exploro (0.0000),missoshiru (0.0000)
13396,heróis (0.0000),passarei (0.0000),macacão (0.0000),explorado (0.0000),missô (0.0000)
13397,hesita (0.0000),ligeiro (0.0000),obstáculos (0.0000),explodia (0.0000),mistas (0.0000)
13398,hesitam (0.0000),passaram (0.0000),obtido (0.0000),explodam (0.0000),misteriosos (0.0000)
13399,quadrinhos (0.0000),ligue (0.0000),ocupado (0.0000),explique (0.0000),perseverar (0.0000)
13400,hesitações (0.0000),limitador (0.0000),ocupadas (0.0000),explicá (0.0000),perseguiu (0.0000)
13401,lavrou (0.0000),limitadoras (0.0000),lxs (0.0000),explicitamente (0.0000),persa (0.0000)
13402,lavras (0.0000),limitadores (0.0000),luíza (0.0000),explicação (0.0000),perplexos (0.0000)
13403,heterogênea (0.0000),passamos (0.0000),luísa (0.0000),explicassem (0.0000),perpetuam (0.0000)
13404,heteronormativas (0.0000),levam (0.0000),luís (0.0000),explicando (0.0000),misturar (0.0000)
13405,praticada (0.0000),limitar (0.0000),luzia (0.0000),explicam (0.0000),misturas (0.0000)
13406,quadrados (0.0000),limito (0.0000),ocupam (0.0000),explicado (0.0000),misturei (0.0000)
13407,praticadas (0.0000),limonada (0.0000),lúcia (0.0000),experimentou (0.0000),perola (0.0000)
13408,hidratados (0.0000),passagens (0.0000),luxos (0.0000),expor (0.0000),pernambucanas (0.0000)
13409,hidratante (0.0000),limparam (0.0000),ocupando (0.0000),exporta (0.0000),miséria (0.0000)
13410,hidratação (0.0000),limpeza (0.0000),luva (0.0000),exposto (0.0000),mitologia (0.0000)
13411,hierarquia (0.0000),limpezas (0.0000),ocupar (0.0000),extenso (0.0000),mitológica (0.0000)
13412,hilda (0.0000),parto (0.0000),lutona (0.0000),externas (0.0000),ministério (0.0000)
13413,hilst (0.0000),lin (0.0000),ocuparem (0.0000),externamente (0.0000),minimamente (0.0000)
13414,hilárias (0.0000),partiu (0.0000),ocupada (0.0000),exteriormente (0.0000),personifica (0.0000)
13415,him (0.0000),lindalva (0.0000),ocupacional (0.0000),exterioridade (0.0000),miguel (0.0000)
13416,hip (0.0000),lindamente (0.0000),lágrima (0.0000),extenuante (0.0000),mexem (0.0000)
13417,hipertrofia (0.0000),lindas (0.0000),ocupa (0.0000),extensões (0.0000),mexendo (0.0000)
13418,hipnotizava (0.0000),lides (0.0000),lápis (0.0000),extensos (0.0000),mexerem (0.0000)
13419,hipotética (0.0000),liderança (0.0000),lâmpada (0.0000),extensas (0.0000),mexeriam (0.0000)
13420,hipotético (0.0000),lidava (0.0000),lâmpadas (0.0000),expressas (0.0000),mexeu (0.0000)
13421,lavou (0.0000),passeia (0.0000),léo (0.0000),extensa (0.0000),mexicanas (0.0000)
13422,quadra (0.0000),levantados (0.0000),léu (0.0000),expõe (0.0000),mg (0.0000)
13423,páscoa (0.0000),levantando (0.0000),ocultava (0.0000),exprimir (0.0000),mi (0.0000)
13424,hortaliças (0.0000),levanto (0.0000),oceanos (0.0000),exprimem (0.0000),pertença (0.0000)
13425,horário (0.0000),levantou (0.0000),ocasionais (0.0000),expressá (0.0000),midi (0.0000)
13426,iaiá (0.0000),patriarcal (0.0000),líquido (0.0000),expressos (0.0000),migalhas (0.0000)
13427,latinos (0.0000),levara (0.0000),lívia (0.0000),expressavam (0.0000),migração (0.0000)
13428,ianã (0.0000),levaria (0.0000),lógica (0.0000),experimentação (0.0000),migrei (0.0000)
13429,iaporã (0.0000),levasse (0.0000),lótus (0.0000),experimenta (0.0000),migrou (0.0000)
13430,iaras (0.0000),levavam (0.0000),lú (0.0000),extinta (0.0000),pertenciam (0.0000)
13431,iaraçu (0.0000),pato (0.0000),loft (0.0000),experiente (0.0000),minimalismo (0.0000)
13432,iaraí (0.0000),levem (0.0000),oficial (0.0000),exigiam (0.0000),milagroso (0.0000)
13433,iari (0.0000),paterno (0.0000),ofuscante (0.0000),exibiam (0.0000),milenar (0.0000)
13434,iarinha (0.0000),patchwork (0.0000),opcional (0.0000),exerço (0.0000),milhão (0.0000)
13435,latim (0.0000),patchouli (0.0000),liberava (0.0000),exercícios (0.0000),pertences (0.0000)
13436,iaru (0.0000),pataxó (0.0000),liberando (0.0000),exercia (0.0000),militar (0.0000)
13437,iarã (0.0000),leão (0.0000),liberal (0.0000),exercer (0.0000),militância (0.0000)
13438,iarê (0.0000),leãozinho (0.0000),liberais (0.0000),exemplar (0.0000),pertencentes (0.0000)
13439,ias (0.0000),lgbtfobia (0.0000),liberada (0.0000),executando (0.0000),mimava (0.0000)
13440,iauaretê (0.0000),pastor (0.0000),opala (0.0000),executados (0.0000),pertencem (0.0000)
13441,iauará (0.0000),lianas (0.0000),li (0.0000),executada (0.0000),mineirinho (0.0000)
13442,iaí (0.0000),liberando (0.0000),libertador (0.0000),exclusivos (0.0000),mineirês (0.0000)
13443,iaó (0.0000),pastelzinho (0.0000),operadas (0.0000),exclusivas (0.0000),mineração (0.0000)
13444,iaô (0.0000),passional (0.0000),operário (0.0000),exclamações (0.0000),minguar (0.0000)
13445,ibirama (0.0000),passeios (0.0000),lgbtfobia (0.0000),exceções (0.0000),miniaturas (0.0000)
13446,ibirapitanga (0.0000),libertação (0.0000),leãozinho (0.0000),exceto (0.0000),mitológicas (0.0000)
13447,ibirapuera (0.0000),libertos (0.0000),opinar (0.0000),excesso (0.0000),mitológicos (0.0000)
13448,ibiá (0.0000),libriana (0.0000),lexe (0.0000),excessivos (0.0000),marcos (0.0000)
13449,ica (0.0000),lascar (0.0000),opaco (0.0000),exigida (0.0000),perigosos (0.0000)
13450,puramente (0.0000),lascada (0.0000),libertadora (0.0000),exigindo (0.0000),pergunto (0.0000)
13451,idades (0.0000),peixes (0.0000),ong (0.0000),exigir (0.0000),molhar (0.0000)
13452,idas (0.0000),penetra (0.0000),onírica (0.0000),existiam (0.0000),molhando (0.0000)
13453,praticantes (0.0000),juruá (0.0000),onigiri (0.0000),expandindo (0.0000),molhados (0.0000)
13454,ialorixás (0.0000),jurê (0.0000),online (0.0000),expande (0.0000),perigo (0.0000)
13455,iaia (0.0000),jussara (0.0000),lidou (0.0000),existências (0.0000),perigos (0.0000)
13456,hospital (0.0000),justamente (0.0000),lides (0.0000),existiu (0.0000),permanecemos (0.0000)
13457,purificação (0.0000),justificativas (0.0000),ontem (0.0000),existissem (0.0000),miúdas (0.0000)
13458,hospitaleira (0.0000),penetrava (0.0000),lidava (0.0000),existisse (0.0000),moldo (0.0000)
13459,hospitaleiras (0.0000),juvenil (0.0000),opaca (0.0000),existiram (0.0000),moldavam (0.0000)
13460,hospitaleiro (0.0000),juão (0.0000),libertam (0.0000),existia (0.0000),moldava (0.0000)
13461,pálido (0.0000),juçara (0.0000),opacidade (0.0000),exigiria (0.0000),moldasse (0.0000)
13462,hostilidade (0.0000),jânio (0.0000),libélula (0.0000),existi (0.0000),permanecia (0.0000)
13463,hour (0.0000),jão (0.0000),libriana (0.0000),existentes (0.0000),permaneça (0.0000)
13464,pálida (0.0000),jê (0.0000),libertos (0.0000),existente (0.0000),monocromia (0.0000)
13465,praticamos (0.0000),jô (0.0000),libertação (0.0000),existam (0.0000),monocromática (0.0000)
13466,humanidade (0.0000),júlio (0.0000),libertar (0.0000),exista (0.0000),monocromático (0.0000)
13467,humaniza (0.0000),katu (0.0000),lex (0.0000),exija (0.0000),monolítica (0.0000)
13468,página (0.0000),ka (0.0000),opinião (0.0000),exigisse (0.0000),monolítico (0.0000)
13469,pyau (0.0000),kadiwéu (0.0000),opostos (0.0000),externo (0.0000),monotonia (0.0000)
13470,puxou (0.0000),peneira (0.0000),lençóis (0.0000),extracurriculares (0.0000),montado (0.0000)
13471,puxo (0.0000),kaiapó (0.0000),optava (0.0000),fascinada (0.0000),montados (0.0000)
13472,lavados (0.0000),kaingang (0.0000),leu (0.0000),falcões (0.0000),perguntarem (0.0000)
13473,lavadeiras (0.0000),kaio (0.0000),letícia (0.0000),famosas (0.0000),montanhosa (0.0000)
13474,puxar (0.0000),kaiowá (0.0000),letí (0.0000),faminto (0.0000),montar (0.0000)
13475,puxado (0.0000),kaique (0.0000),letra (0.0000),faminta (0.0000),montes (0.0000)
13476,hábil (0.0000),kalapalo (0.0000),lerdo (0.0000),familiarizado (0.0000),monumental (0.0000)
13477,hábilmente (0.0000),kalunga (0.0000),lenços (0.0000),familiarizadas (0.0000),monólito (0.0000)
13478,lavada (0.0000),karai (0.0000),opressivas (0.0000),falésias (0.0000),monótona (0.0000)
13479,hã (0.0000),karajá (0.0000),lençol (0.0000),faltou (0.0000),monótono (0.0000)
13480,hãe (0.0000),kariri (0.0000),opções (0.0000),faltar (0.0000),perguntar (0.0000)
13481,lava (0.0000),juru (0.0000),lentidão (0.0000),faltantes (0.0000),permaneçam (0.0000)
13482,híbrido (0.0000),juro (0.0000),lentes (0.0000),faltando (0.0000),moldados (0.0000)
13483,lau (0.0000),juremir (0.0000),lente (0.0000),falsos (0.0000),permeada (0.0000)
13484,purus (0.0000),juremas (0.0000),lentas (0.0000),falho (0.0000),modernista (0.0000)
13485,herdeiras (0.0000),perambula (0.0000),levada (0.0000),falhas (0.0000),mobilidade (0.0000)
13486,pratica (0.0000),joões (0.0000),levado (0.0000),falhando (0.0000),mobília (0.0000)
13487,incomodá (0.0000),ju (0.0000),levam (0.0000),falem (0.0000),mochi (0.0000)
13488,guardiões (0.0000),peraltices (0.0000),levantados (0.0000),falecido (0.0000),mocinha (0.0000)
13489,guardadas (0.0000),juca (0.0000),levantando (0.0000),faleceu (0.0000),permitisse (0.0000)
13490,guardado (0.0000),pequenininha (0.0000),levantar (0.0000),fandango (0.0000),permitiremos (0.0000)
13491,guardados (0.0000),julgada (0.0000),levanto (0.0000),fandangos (0.0000),modelada (0.0000)
13492,guardamos (0.0000),julgadas (0.0000),levantou (0.0000),fantasia (0.0000),modelam (0.0000)
13493,guardanapos (0.0000),julgam (0.0000),optando (0.0000),fardos (0.0000),modelando (0.0000)
13494,leituras (0.0000),penteio (0.0000),levara (0.0000),farturas (0.0000),modelar (0.0000)
13495,queridinhas (0.0000),julgar (0.0000),levaria (0.0000),farroupilha (0.0000),moderado (0.0000)
13496,pragmático (0.0000),juliana (0.0000),opressoras (0.0000),farpados (0.0000),permitiram (0.0000)
13497,queriam (0.0000),julinho (0.0000),levavam (0.0000),farol (0.0000),modernices (0.0000)
13498,guardei (0.0000),jumenta (0.0000),opressora (0.0000),farinhenta (0.0000),modernidades (0.0000)
13499,guardiães (0.0000),penteava (0.0000),levei (0.0000),fariam (0.0000),modernizadas (0.0000)
13500,guardião (0.0000),juninho (0.0000),levem (0.0000),faria (0.0000),moldadas (0.0000)
13501,guardiãs (0.0000),junino (0.0000),opressor (0.0000),faraônica (0.0000),modernizados (0.0000)
13502,queria (0.0000),juninos (0.0000),oni (0.0000),fantasma (0.0000),modernizar (0.0000)
13503,prateadas (0.0000),pensem (0.0000),ligados (0.0000),fanático (0.0000),modernização (0.0000)
13504,guatá (0.0000),juntamente (0.0000),lições (0.0000),fanática (0.0000),permitiam (0.0000)
13505,guató (0.0000),juntar (0.0000),lira (0.0000),fantástico (0.0000),modestos (0.0000)
13506,guaçu (0.0000),juntavam (0.0000),okinawa (0.0000),fantásticas (0.0000),modificação (0.0000)
13507,guaíba (0.0000),pense (0.0000),oleiro (0.0000),fantástica (0.0000),modinhas (0.0000)
13508,guerra (0.0000),pensasse (0.0000),lisinha (0.0000),fantasy (0.0000),modismos (0.0000)
13509,guerras (0.0000),juquinha (0.0000),lisas (0.0000),fantasmagóricas (0.0000),permita (0.0000)
13510,querendo (0.0000),jurandir (0.0000),lis (0.0000),fale (0.0000),modéstia (0.0000)
13511,querem (0.0000),jurandizinho (0.0000),lirismo (0.0000),falatório (0.0000),moinhos (0.0000)
13512,guerreiro (0.0000),kasato (0.0000),olhada (0.0000),extrai (0.0000),moitas (0.0000)
13513,guerreiros (0.0000),kaue (0.0000),lista (0.0000),falasse (0.0000),permeando (0.0000)
13514,guiada (0.0000),larguei (0.0000),olhadas (0.0000),extremos (0.0000),permeadas (0.0000)
13515,leito (0.0000),lança (0.0000),olharem (0.0000),extremo (0.0000),metáfora (0.0000)
13516,guiar (0.0000),laje (0.0000),olhava (0.0000),extrema (0.0000),metrópoles (0.0000)
13517,guardada (0.0000),lambada (0.0000),linguística (0.0000),extraídos (0.0000),metrópole (0.0000)
13518,pragmática (0.0000),lambendo (0.0000),linguiça (0.0000),extraído (0.0000),matriarcas (0.0000)
13519,guarapiranga (0.0000),lamber (0.0000),linguagens (0.0000),extraídas (0.0000),maçã (0.0000)
13520,guarapari (0.0000),lamenta (0.0000),lispector (0.0000),extraída (0.0000),maya (0.0000)
13521,grosseria (0.0000),lamento (0.0000),listrada (0.0000),extravagantes (0.0000),pilha (0.0000)
13522,lembrei (0.0000),lamentos (0.0000),ondulações (0.0000),extravagante (0.0000),maus (0.0000)
13523,questiono (0.0000),lamentoso (0.0000),livrar (0.0000),extratos (0.0000),matutino (0.0000)
13524,questionei (0.0000),lamparina (0.0000),lixando (0.0000),extrato (0.0000),matutinas (0.0000)
13525,questionava (0.0000),lampejo (0.0000),oh (0.0000),extrativistas (0.0000),matogrossense (0.0000)
13526,poças (0.0000),pendendo (0.0000),oi (0.0000),extrativista (0.0000),metros (0.0000)
13527,poética (0.0000),lancha (0.0000),oitenta (0.0000),extrativismo (0.0000),pimentel (0.0000)
13528,grudar (0.0000),lanternas (0.0000),oito (0.0000),extrapolo (0.0000),matizadas (0.0000)
13529,poético (0.0000),lançado (0.0000),livrarias (0.0000),extraordinário (0.0000),maternos (0.0000)
13530,questionando (0.0000),kayapó (0.0000),livra (0.0000),extraordinária (0.0000),matas (0.0000)
13531,pr (0.0000),lançam (0.0000),literalmente (0.0000),extrovertido (0.0000),matam (0.0000)
13532,questionam (0.0000),lançavam (0.0000),litros (0.0000),exóticas (0.0000),mastigação (0.0000)
13533,questionados (0.0000),lapidadas (0.0000),litorâneo (0.0000),exótico (0.0000),mbyá (0.0000)
13534,grutas (0.0000),pendem (0.0000),litorâneas (0.0000),falado (0.0000),mecha (0.0000)
13535,questionador (0.0000),lara (0.0000),ok (0.0000),falas (0.0000),pigmentos (0.0000)
13536,grêmio (0.0000),laranjão (0.0000),literários (0.0000),falariam (0.0000),mecher (0.0000)
13537,guacamaia (0.0000),pelô (0.0000),literatura (0.0000),falaria (0.0000),pigmento (0.0000)
13538,guache (0.0000),lares (0.0000),olhavam (0.0000),falarem (0.0000),pife (0.0000)
13539,guacu (0.0000),largado (0.0000),olhem (0.0000),falarei (0.0000),piedade (0.0000)
13540,lembramos (0.0000),largar (0.0000),line (0.0000),faladora (0.0000),picância (0.0000)
13541,pragmatismo (0.0000),peles (0.0000),liguei (0.0000),falador (0.0000),mede (0.0000)
13542,lembrado (0.0000),pelada (0.0000),limitante (0.0000),faixas (0.0000),medem (0.0000)
13543,lembrada (0.0000),largou (0.0000),limitadores (0.0000),exóticos (0.0000),mediano (0.0000)
13544,guaranis (0.0000),lagoas (0.0000),limitador (0.0000),faixa (0.0000),picardia (0.0000)
13545,guarantã (0.0000),pendente (0.0000),olá (0.0000),facão (0.0000),picape (0.0000)
13546,questiona (0.0000),pendiam (0.0000),omitido (0.0000),facilitar (0.0000),medido (0.0000)
13547,guaraní (0.0000),pendura (0.0000),lilás (0.0000),facilita (0.0000),meditativo (0.0000)
13548,guiaram (0.0000),keiko (0.0000),on (0.0000),facial (0.0000),meditação (0.0000)
13549,guiasse (0.0000),ken (0.0000),lindos (0.0000),fachada (0.0000),picantes (0.0000)
13550,guiava (0.0000),kenji (0.0000),onda (0.0000),fabricação (0.0000),mastigaram (0.0000)
13551,habituado (0.0000),kenzo (0.0000),ligeiro (0.0000),fortunas (0.0000),mastiga (0.0000)
13552,halo (0.0000),khadija (0.0000),ondulada (0.0000),forçar (0.0000),massas (0.0000)
13553,leggings (0.0000),kika (0.0000),ligeira (0.0000),excessivamente (0.0000),mariquinha (0.0000)
13554,happy (0.0000),kiko (0.0000),ligações (0.0000),gringo (0.0000),pintavam (0.0000)
13555,legendas (0.0000),kim (0.0000),onduladas (0.0000),grilagem (0.0000),mares (0.0000)
13556,harmoniosos (0.0000),kimono (0.0000),limitar (0.0000),grifes (0.0000),margaridas (0.0000)
13557,harmoniza (0.0000),klein (0.0000),olodum (0.0000),grife (0.0000),pintados (0.0000)
13558,legaram (0.0000),krahô (0.0000),limite (0.0000),gremista (0.0000),marginal (0.0000)
13559,harmonizam (0.0000),krenak (0.0000),oliva (0.0000),graúna (0.0000),marginalizada (0.0000)
13560,harmonizavam (0.0000),kuluene (0.0000),limito (0.0000),gravata (0.0000),pintado (0.0000)
13561,harmônica (0.0000),kung (0.0000),limonada (0.0000),gravam (0.0000),marginalizam (0.0000)
13562,legal (0.0000),ká (0.0000),olinda (0.0000),grau (0.0000),pinta (0.0000)
13563,legais (0.0000),kátia (0.0000),limpar (0.0000),granola (0.0000),mariazinha (0.0000)
13564,havaianas (0.0000),kã (0.0000),limparam (0.0000),gramatical (0.0000),marido (0.0000)
13565,havendo (0.0000),kênia (0.0000),limpeza (0.0000),grama (0.0000),mariinha (0.0000)
13566,haverá (0.0000),penedo (0.0000),limpezas (0.0000),grajaú (0.0000),marinha (0.0000)
13567,quebradiços (0.0000),labial (0.0000),olhinhos (0.0000),grafiteiro (0.0000),marinhas (0.0000)
13568,he (0.0000),pendurando (0.0000),limpos (0.0000),grafiteira (0.0000),marketing (0.0000)
13569,hegemônicas (0.0000),labirintos (0.0000),limão (0.0000),graduação (0.0000),masculinidades (0.0000)
13570,praqueles (0.0000),laboriosa (0.0000),lin (0.0000),gradualmente (0.0000),maroto (0.0000)
13571,quebradas (0.0000),pendurada (0.0000),lindalva (0.0000),gradual (0.0000),marquinha (0.0000)
13572,quartos (0.0000),labutado (0.0000),lindamente (0.0000),grilhões (0.0000),marra (0.0000)
13573,her (0.0000),labuto (0.0000),gala (0.0000),grisalham (0.0000),marreta (0.0000)
13574,pras (0.0000),ladeiras (0.0000),gaita (0.0000),forçaram (0.0000),pinima (0.0000)
13575,leblon (0.0000),partilhava (0.0000),gabriela (0.0000),grisalhando (0.0000),martinho (0.0000)
13576,herda (0.0000),linear (0.0000),regatas (0.0000),guacu (0.0000),maru (0.0000)
13577,herdadas (0.0000),maravilha (0.0000),embaiava (0.0000),guache (0.0000),marujada (0.0000)
13578,qualificadas (0.0000),mando (0.0000),regada (0.0000),guacamaia (0.0000),marulho (0.0000)
13579,quebre (0.0000),palcos (0.0000),emancipação (0.0000),grêmio (0.0000),pinhão (0.0000)
13580,habituada (0.0000),manchada (0.0000),regadas (0.0000),grutas (0.0000),pinho (0.0000)
13581,guidão (0.0000),manchadas (0.0000),regado (0.0000),grunge (0.0000),mascando (0.0000)
13582,habito (0.0000),manchado (0.0000),regados (0.0000),grudaram (0.0000),pinheiro (0.0000)
13583,guie (0.0000),manchando (0.0000),reggae (0.0000),grudadas (0.0000),pinhais (0.0000)
13584,queiram (0.0000),manco (0.0000),embalada (0.0000),grosseria (0.0000),medula (0.0000)
13585,guitarras (0.0000),pajés (0.0000),regina (0.0000),grossenses (0.0000),megaprojetos (0.0000)
13586,guião (0.0000),mandacarus (0.0000),emagrecer (0.0000),grosseira (0.0000),meias (0.0000)
13587,gullar (0.0000),mandala (0.0000),regionais (0.0000),gritos (0.0000),mesclou (0.0000)
13588,queimá (0.0000),mandalas (0.0000),elétrico (0.0000),gritava (0.0000),mensais (0.0000)
13589,guria (0.0000),mandarim (0.0000),elétrica (0.0000),gritaria (0.0000),mentalidade (0.0000)
13590,gustavo (0.0000),mandioca (0.0000),regionalidade (0.0000),gritantes (0.0000),pescando (0.0000)
13591,queimação (0.0000),mandiocas (0.0000),refúgiagens (0.0000),gritam (0.0000),mera (0.0000)
13592,queimam (0.0000),pajé (0.0000),embaladas (0.0000),grita (0.0000),pescado (0.0000)
13593,gênio (0.0000),mamona (0.0000),regionalismo (0.0000),graduada (0.0000),mercearia (0.0000)
13594,queimadura (0.0000),paisagística (0.0000),embaralhado (0.0000),graciosamente (0.0000),mereço (0.0000)
13595,queimados (0.0000),maneirismos (0.0000),embelezava (0.0000),graciosa (0.0000),mergulhada (0.0000)
13596,gótico (0.0000),maneja (0.0000),refresco (0.0000),gracinhas (0.0000),mergulhar (0.0000)
13597,habilidosa (0.0000),manejado (0.0000),embelezado (0.0000),goiabas (0.0000),mergulhava (0.0000)
13598,praquele (0.0000),manejaram (0.0000),refugio (0.0000),goiaba (0.0000),meros (0.0000)
13599,habilidoso (0.0000),manejavam (0.0000),embaça (0.0000),gogh (0.0000),mesas (0.0000)
13600,quedas (0.0000),pairam (0.0000),embaré (0.0000),goela (0.0000),pesando (0.0000)
13601,habilmente (0.0000),mangaba (0.0000),embaralhada (0.0000),global (0.0000),mesclados (0.0000)
13602,quebrou (0.0000),mangabas (0.0000),embalado (0.0000),glitter (0.0000),meses (0.0000)
13603,habitado (0.0000),mangais (0.0000),embalou (0.0000),glacial (0.0000),pescarias (0.0000)
13604,legítimo (0.0000),mango (0.0000),embalavam (0.0000),giz (0.0000),mestiça (0.0000)
13605,habitante (0.0000),manguezais (0.0000),embalava (0.0000),girar (0.0000),mestiçagem (0.0000)
13606,habitantes (0.0000),manguezal (0.0000),embalaram (0.0000),gira (0.0000),mestiços (0.0000)
13607,habitar (0.0000),man (0.0000),embalando (0.0000),gigantescas (0.0000),mestra (0.0000)
13608,habitaram (0.0000),mama (0.0000),embalam (0.0000),gigantes (0.0000),mestras (0.0000)
13609,legítima (0.0000),partilham (0.0000),elza (0.0000),gigante (0.0000),mestres (0.0000)
13610,pupunha (0.0000),pamonha (0.0000),regionalismos (0.0000),gibis (0.0000),metalúrgica (0.0000)
13611,idealiza (0.0000),madeireiras (0.0000),educador (0.0000),gerânio (0.0000),metia (0.0000)
13612,latejar (0.0000),madeireiros (0.0000),ei (0.0000),gerou (0.0000),meticulosidade (0.0000)
13613,impressionavam (0.0000),madeixas (0.0000),reimaginadas (0.0000),germânica (0.0000),meticuloso (0.0000)
13614,impotência (0.0000),madrepérola (0.0000),elba (0.0000),goiabeira (0.0000),metido (0.0000)
13615,prosperidades (0.0000),pandeiro (0.0000),reina (0.0000),goianiense (0.0000),meto (0.0000)
13616,lambada (0.0000),madureira (0.0000),reinava (0.0000),goianês (0.0000),metro (0.0000)
13617,lagoas (0.0000),pancadas (0.0000),reinterprete (0.0000),gostando (0.0000),metropolitana (0.0000)
13618,imprecisos (0.0000),maduros (0.0000),eile (0.0000),gracejar (0.0000),pescaria (0.0000)
13619,lagoa (0.0000),magnetismo (0.0000),efêmeras (0.0000),goytacazes (0.0000),menores (0.0000)
13620,impregna (0.0000),magnética (0.0000),regularidade (0.0000),gostou (0.0000),picadas (0.0000)
13621,pros (0.0000),magnético (0.0000),efusivo (0.0000),gostinho (0.0000),melodiosas (0.0000)
13622,impregnados (0.0000),pan (0.0000),eficiência (0.0000),gostei (0.0000),meireles (0.0000)
13623,ladeiras (0.0000),magrinho (0.0000),eficiente (0.0000),goste (0.0000),picada (0.0000)
13624,precedeu (0.0000),palácios (0.0000),efervescência (0.0000),gostasse (0.0000),piauí (0.0000)
13625,impressiona (0.0000),maloca (0.0000),efervescente (0.0000),gostado (0.0000),melancólica (0.0000)
13626,impressionam (0.0000),magérrimas (0.0000),educar (0.0000),goles (0.0000),melancólico (0.0000)
13627,impressos (0.0000),palpáveis (0.0000),regularmente (0.0000),gospel (0.0000),melancólicos (0.0000)
13628,pratique (0.0000),palmo (0.0000),regulares (0.0000),gordurinhas (0.0000),piamente (0.0000)
13629,propriedades (0.0000),palmito (0.0000),registradas (0.0000),gordo (0.0000),peço (0.0000)
13630,preciosa (0.0000),palmeira (0.0000),elie (0.0000),gorda (0.0000),melhora (0.0000)
13631,propriamente (0.0000),mala (0.0000),registrando (0.0000),gonçalves (0.0000),melhorar (0.0000)
13632,imprimia (0.0000),malagueta (0.0000),elogios (0.0000),gonzaguinha (0.0000),melhore (0.0000)
13633,imprimindo (0.0000),malaguetas (0.0000),elogio (0.0000),golpes (0.0000),peão (0.0000)
13634,improvisadas (0.0000),malas (0.0000),registrar (0.0000),guajará (0.0000),melo (0.0000)
13635,proporção (0.0000),males (0.0000),elisa (0.0000),guamá (0.0000),petiscos (0.0000)
13636,labret (0.0000),maleáveis (0.0000),elis (0.0000),guarana (0.0000),melódica (0.0000)
13637,proporcionou (0.0000),maleável (0.0000),elias (0.0000),habituada (0.0000),menor (0.0000)
13638,proporcionavam (0.0000),malha (0.0000),eletrizante (0.0000),hegemônicas (0.0000),melódico (0.0000)
13639,impulsionando (0.0000),mangá (0.0000),regiões (0.0000),haverá (0.0000),pessimista (0.0000)
13640,impulsionar (0.0000),mangás (0.0000),elevado (0.0000),havendo (0.0000),membros (0.0000)
13641,proporcionava (0.0000),pagamento (0.0000),eletrônicos (0.0000),havaianas (0.0000),pesquisar (0.0000)
13642,impotente (0.0000),manuscrito (0.0000),eletrônico (0.0000),havaiana (0.0000),pesquisa (0.0000)
13643,protagonismo (0.0000),oxidado (0.0000),eletrônicas (0.0000),hashi (0.0000),mencionada (0.0000)
13644,lambendo (0.0000),oxidada (0.0000),eletrônica (0.0000),harmonizavam (0.0000),mencionadas (0.0000)
13645,lamber (0.0000),mantida (0.0000),emboladas (0.0000),harmonizam (0.0000),mencionados (0.0000)
13646,lança (0.0000),mantido (0.0000),refrescar (0.0000),harmonizado (0.0000),mencione (0.0000)
13647,lancha (0.0000),oxente (0.0000),refrescante (0.0000),harmoniza (0.0000),mendigar (0.0000)
13648,impingir (0.0000),oxalá (0.0000),reflexivas (0.0000),harmoniosos (0.0000),pesquei (0.0000)
13649,implacabilidade (0.0000),manto (0.0000),emprestou (0.0000),harmoniosa (0.0000),pesos (0.0000)
13650,implacable (0.0000),mantra (0.0000),emprestadas (0.0000),happy (0.0000),pese (0.0000)
13651,protegê (0.0000),ovelhas (0.0000),empresa (0.0000),handmade (0.0000),pesco (0.0000)
13652,lamentoso (0.0000),ouça (0.0000),empreitadas (0.0000),hambúrguer (0.0000),quietão (0.0000)
13653,impondo (0.0000),ouviu (0.0000),empreitada (0.0000),haiku (0.0000),quilombo (0.0000)
13654,protegidos (0.0000),ouviram (0.0000),emprego (0.0000),habituou (0.0000),grudaram (0.0000)
13655,imponentes (0.0000),manualmente (0.0000),empregada (0.0000),hein (0.0000),roídas (0.0000)
13656,imponência (0.0000),manuseando (0.0000),empresário (0.0000),helena (0.0000),efusivo (0.0000)
13657,protegido (0.0000),manhosa (0.0000),empreendedorismo (0.0000),henna (0.0000),eficiente (0.0000)
13658,protegida (0.0000),manuseava (0.0000),empreendedora (0.0000),hesito (0.0000),eficazes (0.0000)
13659,importam (0.0000),manuseio (0.0000),empreendedor (0.0000),hierarquia (0.0000),efervescente (0.0000)
13660,protegeu (0.0000),manuss (0.0000),empolga (0.0000),hidratação (0.0000),efeito (0.0000)
13661,protegerei (0.0000),manuê (0.0000),empoeirados (0.0000),hidratados (0.0000),roçados (0.0000)
13662,importar (0.0000),manuêla (0.0000),empoeirado (0.0000),hibiscos (0.0000),rpg (0.0000)
13663,importação (0.0000),mané (0.0000),empresária (0.0000),heteronormativo (0.0000),roubadas (0.0000)
13664,importe (0.0000),manú (0.0000),empurrar (0.0000),heteronormativas (0.0000),educado (0.0000)
13665,lamentos (0.0000),maquiagens (0.0000),embranquecendo (0.0000),heterogênea (0.0000),educadas (0.0000)
13666,importou (0.0000),maracatu (0.0000),refletisse (0.0000),hesite (0.0000),rr (0.0000)
13667,protegemos (0.0000),maracujá (0.0000),encaixotada (0.0000),herdamos (0.0000),educacional (0.0000)
13668,impositiva (0.0000),marajoara (0.0000),reflectindo (0.0000),hesitações (0.0000),edredom (0.0000)
13669,lamento (0.0000),maranhense (0.0000),refletiriam (0.0000),hesitação (0.0000),edição (0.0000)
13670,lamenta (0.0000),maranhão (0.0000),encaixariam (0.0000),hesitar (0.0000),eile (0.0000)
13671,impossibilitando (0.0000),mantem (0.0000),encaixarem (0.0000),hesitam (0.0000),elaborada (0.0000)
13672,imposta (0.0000),oxum (0.0000),encaixaram (0.0000),heróis (0.0000),roçadeira (0.0000)
13673,impulsionou (0.0000),mantas (0.0000),encaixando (0.0000),herdou (0.0000),roxos (0.0000)
13674,impulsiva (0.0000),manta (0.0000),empurrou (0.0000),herdeiro (0.0000),roupagens (0.0000)
13675,impulsivamente (0.0000),manhoso (0.0000),refletissem (0.0000),habituado (0.0000),roubávamos (0.0000)
13676,pronunciados (0.0000),padronagens (0.0000),encaixado (0.0000),habito (0.0000),roubei (0.0000)
13677,inchadas (0.0000),padre (0.0000),encaixada (0.0000),guaranis (0.0000),roubavam (0.0000)
13678,incide (0.0000),manicure (0.0000),encadernado (0.0000),habitaram (0.0000),eletrizante (0.0000)
13679,incidente (0.0000),pacu (0.0000),encabulado (0.0000),guató (0.0000),eletrônico (0.0000)
13680,incidência (0.0000),manifestada (0.0000),empática (0.0000),guatá (0.0000),eletrônicos (0.0000)
13681,incisiva (0.0000),manifestadas (0.0000),empoeiradas (0.0000),guará (0.0000),roubar (0.0000)
13682,pronunciado (0.0000),pacientes (0.0000),empoeirada (0.0000),guarujá (0.0000),elevado (0.0000)
13683,ká (0.0000),manifestava (0.0000),empoderar (0.0000),guardiões (0.0000),eli (0.0000)
13684,kuluene (0.0000),manifestavam (0.0000),emocional (0.0000),guardiãs (0.0000),elie (0.0000)
13685,krenak (0.0000),manifestação (0.0000),emolduradas (0.0000),guardião (0.0000),elisa (0.0000)
13686,pronunciada (0.0000),manifestações (0.0000),reformas (0.0000),guardiães (0.0000),roubam (0.0000)
13687,pronuncia (0.0000),manifesto (0.0000),reforça (0.0000),guardiã (0.0000),ecossistema (0.0000)
13688,krahô (0.0000),maninha (0.0000),emolduar (0.0000),guardassem (0.0000),ecos (0.0000)
13689,prontidão (0.0000),manipula (0.0000),emociono (0.0000),guardanapos (0.0000),econômico (0.0000)
13690,prontamente (0.0000),manipulam (0.0000),emocionante (0.0000),guardamos (0.0000),dúvidas (0.0000)
13691,inclusivas (0.0000),manipular (0.0000),emocionais (0.0000),guardada (0.0000),rumos (0.0000)
13692,pronominal (0.0000),manipulava (0.0000),empoderamento (0.0000),guarapiranga (0.0000),durinho (0.0000)
13693,klein (0.0000),pacientemente (0.0000),emociona (0.0000),guarapari (0.0000),durmo (0.0000)
13694,promovendo (0.0000),manipulação (0.0000),emitia (0.0000),guaraní (0.0000),rumo (0.0000)
13695,incluído (0.0000),maniçoba (0.0000),reforçando (0.0000),guarantã (0.0000),duros (0.0000)
13696,precisaria (0.0000),mano (0.0000),reforçar (0.0000),guaçu (0.0000),durou (0.0000)
13697,incomensurável (0.0000),manoel (0.0000),embrulho (0.0000),guaíba (0.0000),duráveis (0.0000)
13698,kika (0.0000),manqueio (0.0000),reforçaria (0.0000),guerras (0.0000),durável (0.0000)
13699,incomodam (0.0000),manquejo (0.0000),reformado (0.0000),gustavo (0.0000),ruivos (0.0000)
13700,promissor (0.0000),oxóssi (0.0000),reformada (0.0000),habitantes (0.0000),dádivas (0.0000)
13701,incomode (0.0000),mansos (0.0000),reflito (0.0000),habitado (0.0000),ruivo (0.0000)
13702,incomodo (0.0000),madeiras (0.0000),emolduraram (0.0000),habilmente (0.0000),década (0.0000)
13703,incomodou (0.0000),panelada (0.0000),emoldurare (0.0000),habilidoso (0.0000),ruivas (0.0000)
13704,incessantes (0.0000),macramê (0.0000),reflitam (0.0000),habilidosa (0.0000),ruiva (0.0000)
13705,incertos (0.0000),luas (0.0000),emoldurareu (0.0000),gótico (0.0000),ecletismo (0.0000)
13706,impurezas (0.0000),pardos (0.0000),reflita (0.0000),gênio (0.0000),economizar (0.0000)
13707,incerto (0.0000),longevidade (0.0000),emolduravando (0.0000),guião (0.0000),ruguinha (0.0000)
13708,proporcionam (0.0000),longilíneas (0.0000),emotiva (0.0000),guiada (0.0000),rugido (0.0000)
13709,impõem (0.0000),pardas (0.0000),reflexivo (0.0000),guitarras (0.0000),ruge (0.0000)
13710,imune (0.0000),parda (0.0000),empada (0.0000),guioza (0.0000),rudimentares (0.0000)
13711,imã (0.0000),parcimônia (0.0000),empadão (0.0000),guie (0.0000),rudimentar (0.0000)
13712,imóveis (0.0000),paraíso (0.0000),empatia (0.0000),guidão (0.0000),ecoante (0.0000)
13713,labrador (0.0000),lotados (0.0000),empodera (0.0000),guiava (0.0000),ecoará (0.0000)
13714,preciosas (0.0000),loucura (0.0000),empoderadora (0.0000),guiasse (0.0000),rudeza (0.0000)
13715,labirintos (0.0000),louça (0.0000),empoderadoras (0.0000),guiaram (0.0000),rudes (0.0000)
13716,inacabados (0.0000),pararemos (0.0000),educadora (0.0000),gerente (0.0000),ecobag (0.0000)
13717,inaceitável (0.0000),luana (0.0000),educado (0.0000),gerencio (0.0000),ecologia (0.0000)
13718,inacessíveis (0.0000),luanna (0.0000),gabriel (0.0000),gerenciando (0.0000),ecológicas (0.0000)
13719,inalcançável (0.0000),luc (0.0000),dominó (0.0000),frontal (0.0000),ecológico (0.0000)
13720,pronunciá (0.0000),luninha (0.0000),domésticos (0.0000),fumando (0.0000),economia (0.0000)
13721,inato (0.0000),luca (0.0000),doméstico (0.0000),fuma (0.0000),elogio (0.0000)
13722,incalculável (0.0000),lucho (0.0000),domésticas (0.0000),fulniô (0.0000),eloquentes (0.0000)
13723,incandescente (0.0000),luciana (0.0000),doméstica (0.0000),fulni (0.0000),durar (0.0000)
13724,incansavelmente (0.0000),lucidez (0.0000),domável (0.0000),fugia (0.0000),roni (0.0000)
13725,incansáveis (0.0000),paranoá (0.0000),domá (0.0000),fugazes (0.0000),roncando (0.0000)
13726,incendiar (0.0000),lui (0.0000),dominou (0.0000),fubá (0.0000),emoldurando (0.0000)
13727,labial (0.0000),luito (0.0000),religiosa (0.0000),fu (0.0000),ronco (0.0000)
13728,incensário (0.0000),paranapanema (0.0000),dominical (0.0000),frágil (0.0000),ronda (0.0000)
13729,incentivados (0.0000),lulu (0.0000),dominicais (0.0000),frágeis (0.0000),rondando (0.0000)
13730,incentivando (0.0000),lumes (0.0000),domingão (0.0000),frutíferas (0.0000),rondônia (0.0000)
13731,incentivaram (0.0000),luminosa (0.0000),dominguinhos (0.0000),frustrar (0.0000),emociono (0.0000)
13732,kênia (0.0000),luminoso (0.0000),dominguei (0.0000),frustrante (0.0000),roubada (0.0000)
13733,kã (0.0000),lunares (0.0000),domingos (0.0000),frustrado (0.0000),emocionante (0.0000)
13734,pronunciando (0.0000),londrina (0.0000),religiosamente (0.0000),frustrada (0.0000),ronronando (0.0000)
13735,lançam (0.0000),parecerem (0.0000),dono (0.0000),frouxa (0.0000),roraima (0.0000)
13736,impessoal (0.0000),parecida (0.0000),dominei (0.0000),fronteiras (0.0000),emociona (0.0000)
13737,impermanência (0.0000),parecidas (0.0000),relembrando (0.0000),fumegantes (0.0000),emitia (0.0000)
13738,igrejinha (0.0000),linguiça (0.0000),relaxar (0.0000),funcionário (0.0000),emergiria (0.0000)
13739,igualar (0.0000),linguísticas (0.0000),dove (0.0000),funcionários (0.0000),romântico (0.0000)
13740,pudéssemos (0.0000),partilha (0.0000),doutor (0.0000),furiosa (0.0000),emoldurareu (0.0000)
13741,igualitária (0.0000),linhagem (0.0000),dourava (0.0000),futuros (0.0000),rompe (0.0000)
13742,iguaracy (0.0000),partidos (0.0000),douradas (0.0000),futuristas (0.0000),empada (0.0000)
13743,iguarassu (0.0000),partido (0.0000),relembra (0.0000),futurismo (0.0000),empadão (0.0000)
13744,iguaçu (0.0000),particularidade (0.0000),doses (0.0000),futuras (0.0000),empoeirada (0.0000)
13745,ijexá (0.0000),lirismo (0.0000),relho (0.0000),futevôlei (0.0000),empoeiradas (0.0000)
13746,ilegais (0.0000),participei (0.0000),dose (0.0000),furiosos (0.0000),empoeirado (0.0000)
13747,ilha (0.0000),participação (0.0000),dorzinha (0.0000),furiosas (0.0000),empoeirados (0.0000)
13748,pudores (0.0000),participativa (0.0000),relembrar (0.0000),furar (0.0000),empolga (0.0000)
13749,pudim (0.0000),listrada (0.0000),dormindo (0.0000),funda (0.0000),rolou (0.0000)
13750,iluminadas (0.0000),participassem (0.0000),dormidas (0.0000),fura (0.0000),empreendedorismo (0.0000)
13751,iluminado (0.0000),participamos (0.0000),relevo (0.0000),funções (0.0000),empregava (0.0000)
13752,pudessem (0.0000),partem (0.0000),domingo (0.0000),fundir (0.0000),rolavam (0.0000)
13753,pudesse (0.0000),parteiras (0.0000),dominação (0.0000),fundindo (0.0000),empreitada (0.0000)
13754,iluminará (0.0000),litros (0.0000),educadas (0.0000),funde (0.0000),empreitadas (0.0000)
13755,pude (0.0000),parteira (0.0000),documentos (0.0000),fundas (0.0000),empresas (0.0000)
13756,iluminação (0.0000),paro (0.0000),dogmas (0.0000),fundamentalmente (0.0000),emergente (0.0000)
13757,publicidade (0.0000),parnaíba (0.0000),doer (0.0000),fronteira (0.0000),emergem (0.0000)
13758,ilustradorx (0.0000),lição (0.0000),reluzente (0.0000),frondosa (0.0000),embrulho (0.0000)
13759,ilustram (0.0000),lições (0.0000),reluzia (0.0000),fátima (0.0000),rosado (0.0000)
13760,ilustrando (0.0000),pariu (0.0000),documentários (0.0000),frizz (0.0000),elus (0.0000)
13761,publicamente (0.0000),paresi (0.0000),documentário (0.0000),franzina (0.0000),rouba (0.0000)
13762,ilustrativa (0.0000),parentesco (0.0000),remendos (0.0000),franze (0.0000),rotulada (0.0000)
13763,ilustrativos (0.0000),parecidos (0.0000),doida (0.0000),franja (0.0000),elétrica (0.0000)
13764,ilustração (0.0000),parecido (0.0000),doceira (0.0000),frango (0.0000),elétrico (0.0000)
13765,largamente (0.0000),lundu (0.0000),remetam (0.0000),francos (0.0000),ema (0.0000)
13766,pulam (0.0000),lustroso (0.0000),remetendo (0.0000),francamente (0.0000),emagrecer (0.0000)
13767,igrejas (0.0000),macios (0.0000),dobro (0.0000),fraldas (0.0000),rotinas (0.0000)
13768,próspero (0.0000),macapá (0.0000),dobradas (0.0000),fragmentos (0.0000),emanada (0.0000)
13769,largou (0.0000),panturrilha (0.0000),doa (0.0000),fragmentado (0.0000),rosáceo (0.0000)
13770,punham (0.0000),léu (0.0000),dogmática (0.0000),fragmentadas (0.0000),roseiras (0.0000)
13771,lascado (0.0000),lê (0.0000),reluz (0.0000),fracos (0.0000),emanação (0.0000)
13772,identificam (0.0000),líder (0.0000),dominar (0.0000),fotógrafa (0.0000),embaladas (0.0000)
13773,identificando (0.0000),límpida (0.0000),domados (0.0000),fotos (0.0000),embalam (0.0000)
13774,lascada (0.0000),pantaneiro (0.0000),religiosidade (0.0000),fotográfica (0.0000),rosadas (0.0000)
13775,identificasse (0.0000),pantaneira (0.0000),domestico (0.0000),fotografo (0.0000),embrulhar (0.0000)
13776,identificação (0.0000),lívia (0.0000),domesticado (0.0000),fosco (0.0000),rosada (0.0000)
13777,identificações (0.0000),pantalona (0.0000),domesticada (0.0000),forçou (0.0000),embaralhada (0.0000)
13778,pulsação (0.0000),pansexual (0.0000),religiosos (0.0000),franzindo (0.0000),embaralhado (0.0000)
13779,identifique (0.0000),macaco (0.0000),domando (0.0000),franzir (0.0000),embaré (0.0000)
13780,identitária (0.0000),macacos (0.0000),domado (0.0000),fraqueza (0.0000),embate (0.0000)
13781,ideológicos (0.0000),macacão (0.0000),dolorido (0.0000),frequentei (0.0000),embaça (0.0000)
13782,pulsava (0.0000),panorama (0.0000),domada (0.0000),frito (0.0000),embebido (0.0000)
13783,idiomas (0.0000),lustrosos (0.0000),doma (0.0000),friso (0.0000),embelezado (0.0000)
13784,larguei (0.0000),macena (0.0000),religiões (0.0000),frisar (0.0000),embelezam (0.0000)
13785,idosa (0.0000),machadinha (0.0000),dolorosos (0.0000),friorenta (0.0000),embelezava (0.0000)
13786,idoso (0.0000),pano (0.0000),dolorosas (0.0000),fria (0.0000),embolado (0.0000)
13787,idosos (0.0000),pankararé (0.0000),dolorosa (0.0000),frestas (0.0000),roraimense (0.0000)
13788,pulsar (0.0000),machista (0.0000),doíam (0.0000),frescor (0.0000),embranquecer (0.0000)
13789,igapó (0.0000),machuca (0.0000),dragão (0.0000),frequentar (0.0000),embranqueceu (0.0000)
13790,igarapé (0.0000),machucada (0.0000),drama (0.0000),fraquinho (0.0000),duras (0.0000)
13791,igarapés (0.0000),machucado (0.0000),rejeição (0.0000),frequentamos (0.0000),rupestre (0.0000)
13792,pulmõs (0.0000),machucam (0.0000),reinventou (0.0000),frequentam (0.0000),escapadas (0.0000)
13793,ignoradas (0.0000),machucar (0.0000),reinvenção (0.0000),frequenta (0.0000),sagradas (0.0000)
13794,ignorando (0.0000),macias (0.0000),ecoante (0.0000),frenesi (0.0000),dividi (0.0000)
13795,ignorar (0.0000),macieira (0.0000),reivindicar (0.0000),freguês (0.0000),divertir (0.0000)
13796,ignore (0.0000),pankararu (0.0000),reivindicações (0.0000),freelance (0.0000),sacola (0.0000)
13797,largado (0.0000),papos (0.0000),rejeita (0.0000),fraterno (0.0000),diverte (0.0000)
13798,prédios (0.0000),papão (0.0000),ecléticos (0.0000),fábrica (0.0000),diversão (0.0000)
13799,proteja (0.0000),lágrima (0.0000),reinventar (0.0000),fã (0.0000),safras (0.0000)
13800,provedor (0.0000),parada (0.0000),eclético (0.0000),gerar (0.0000),sagrados (0.0000)
13801,provar (0.0000),param (0.0000),eclética (0.0000),gastronomia (0.0000),saboroso (0.0000)
13802,proteções (0.0000),lutado (0.0000),ecletismo (0.0000),generalizado (0.0000),divergências (0.0000)
13803,imitam (0.0000),lutador (0.0000),dúvidas (0.0000),generalizadas (0.0000),divergem (0.0000)
13804,imitando (0.0000),lutadora (0.0000),dúvida (0.0000),generalizada (0.0000),divagante (0.0000)
13805,imitava (0.0000),paralelo (0.0000),relaciona (0.0000),generalista (0.0000),ditongos (0.0000)
13806,impacta (0.0000),lutamos (0.0000),ecobag (0.0000),generalidade (0.0000),ditas (0.0000)
13807,impactam (0.0000),paralela (0.0000),ecologia (0.0000),genealogia (0.0000),ditadura (0.0000)
13808,protetores (0.0000),paraibanos (0.0000),dramas (0.0000),geminadas (0.0000),dividida (0.0000)
13809,protetora (0.0000),lutarei (0.0000),reinventando (0.0000),gemer (0.0000),dividido (0.0000)
13810,impactos (0.0000),lutarem (0.0000),educada (0.0000),gel (0.0000),dividir (0.0000)
13811,impagável (0.0000),lutaremos (0.0000),educacional (0.0000),gaúchos (0.0000),divina (0.0000)
13812,imparável (0.0000),paraibano (0.0000),eduarda (0.0000),gaúchas (0.0000),divindade (0.0000)
13813,impasses (0.0000),lutava (0.0000),edredom (0.0000),gay (0.0000),divindades (0.0000)
13814,impassibilidade (0.0000),lutavam (0.0000),edição (0.0000),gavião (0.0000),divino (0.0000)
13815,impassível (0.0000),lutei (0.0000),editora (0.0000),gaveta (0.0000),divisa (0.0000)
13816,protestos (0.0000),lutem (0.0000),ecos (0.0000),gatos (0.0000),divorciada (0.0000)
13817,impecáveis (0.0000),lutemos (0.0000),ecológicas (0.0000),gatas (0.0000),divorciado (0.0000)
13818,impede (0.0000),paraibana (0.0000),econômicos (0.0000),gata (0.0000),divulgar (0.0000)
13819,impedem (0.0000),lutona (0.0000),econômico (0.0000),generalizante (0.0000),divulgação (0.0000)
13820,impedir (0.0000),paraguaia (0.0000),econômicas (0.0000),generalizantes (0.0000),saco (0.0000)
13821,impelida (0.0000),paraguai (0.0000),econômica (0.0000),generalizar (0.0000),saci (0.0000)
13822,impera (0.0000),parafusos (0.0000),economizar (0.0000),geografias (0.0000),sacada (0.0000)
13823,laquê (0.0000),parafuso (0.0000),economia (0.0000),gerando (0.0000),dizerem (0.0000)
13824,protestar (0.0000),paraenses (0.0000),dócil (0.0000),gerado (0.0000),dizeres (0.0000)
13825,protestantismo (0.0000),luzia (0.0000),relacionada (0.0000),gera (0.0000),ditados (0.0000)
13826,protejo (0.0000),luís (0.0000),dê (0.0000),geométrico (0.0000),ditado (0.0000)
13827,lapidadas (0.0000),luíza (0.0000),relaxamento (0.0000),geográfico (0.0000),saibam (0.0000)
13828,provações (0.0000),fumado (0.0000),duradoura (0.0000),geográficas (0.0000),distancie (0.0000)
13829,prazos (0.0000),fulniô (0.0000),duque (0.0000),geograficamente (0.0000),disfarçados (0.0000)
13830,imagina (0.0000),costureiras (0.0000),duplamente (0.0000),genéticos (0.0000),disfarçá (0.0000)
13831,imersão (0.0000),dinheirinho (0.0000),relatórios (0.0000),generalização (0.0000),disforia (0.0000)
13832,imaginado (0.0000),digitam (0.0000),dum (0.0000),genético (0.0000),dispensa (0.0000)
13833,imaginam (0.0000),revelasse (0.0000),relaxado (0.0000),genérico (0.0000),displicente (0.0000)
13834,imaginando (0.0000),dignifica (0.0000),relaxamentos (0.0000),genérica (0.0000),dispostas (0.0000)
13835,prazeroso (0.0000),dignificam (0.0000),décadas (0.0000),gengivas (0.0000),disposto (0.0000)
13836,imaginaria (0.0000),dignificar (0.0000),driblar (0.0000),generosos (0.0000),dispostos (0.0000)
13837,lares (0.0000),revelaria (0.0000),dreads (0.0000),generosamente (0.0000),disputada (0.0000)
13838,proximidades (0.0000),diluído (0.0000),dreadlocks (0.0000),generalizem (0.0000),salgadas (0.0000)
13839,imaginação (0.0000),diluíram (0.0000),dre (0.0000),gastronômicas (0.0000),dissipam (0.0000)
13840,laranjão (0.0000),reveladoras (0.0000),drasticamente (0.0000),gastou (0.0000),saiu (0.0000)
13841,imaginemos (0.0000),diminuindo (0.0000),dramática (0.0000),fêmea (0.0000),dissonância (0.0000)
13842,laranjeira (0.0000),diminutivos (0.0000),duradouras (0.0000),gastaram (0.0000),distancia (0.0000)
13843,imaginou (0.0000),diminuírem (0.0000),duradouro (0.0000),ganhou (0.0000),sair (0.0000)
13844,imaginário (0.0000),dinamismo (0.0000),duradouros (0.0000),ganhos (0.0000),distópica (0.0000)
13845,imaginários (0.0000),dinâmicas (0.0000),duram (0.0000),ganho (0.0000),distingue (0.0000)
13846,prováveis (0.0000),revelação (0.0000),durar (0.0000),ganhara (0.0000),distinguir (0.0000)
13847,imbaúba (0.0000),direi (0.0000),duras (0.0000),galã (0.0000),distinta (0.0000)
13848,imediata (0.0000),reutilizar (0.0000),relativa (0.0000),galpões (0.0000),distintas (0.0000)
13849,provou (0.0000),reunirá (0.0000),durinho (0.0000),galpão (0.0000),distintiva (0.0000)
13850,prazo (0.0000),reunidos (0.0000),durmo (0.0000),galo (0.0000),distintivas (0.0000)
13851,imemoriais (0.0000),retrocesso (0.0000),relaciono (0.0000),galinhada (0.0000),distintivo (0.0000)
13852,lara (0.0000),direção (0.0000),durou (0.0000),galinha (0.0000),distintivos (0.0000)
13853,provocam (0.0000),direções (0.0000),duráveis (0.0000),galerinha (0.0000),distinção (0.0000)
13854,provoca (0.0000),retribui (0.0000),relacionamentos (0.0000),galerias (0.0000),distorcer (0.0000)
13855,provenientes (0.0000),dirige (0.0000),durão (0.0000),gala (0.0000),distraído (0.0000)
13856,imensurável (0.0000),dirigia (0.0000),relacionamento (0.0000),gabi (0.0000),distribuídos (0.0000)
13857,proveito (0.0000),dirijo (0.0000),relacionadas (0.0000),fúria (0.0000),saio (0.0000)
13858,imerso (0.0000),discernimento (0.0000),década (0.0000),fórmula (0.0000),distâncias (0.0000)
13859,esverdeados (0.0000),disciplinado (0.0000),encaixotam (0.0000),físicamente (0.0000),diálogos (0.0000)
13860,repetida (0.0000),revelassem (0.0000),encaixotar (0.0000),ganzás (0.0000),diários (0.0000)
13861,esverdeada (0.0000),digam (0.0000),encaixou (0.0000),ganância (0.0000),duradouras (0.0000)
13862,sebos (0.0000),devastação (0.0000),reclame (0.0000),garantem (0.0000),dorso (0.0000)
13863,desconhecidos (0.0000),rezando (0.0000),entendesse (0.0000),garimpeiros (0.0000),dove (0.0000)
13864,desconhecimento (0.0000),dever (0.0000),entenderiam (0.0000),gastar (0.0000),doutor (0.0000)
13865,desconheço (0.0000),deveriam (0.0000),entenderia (0.0000),gasta (0.0000),rusticidade (0.0000)
13866,desconsiderar (0.0000),rezou (0.0000),reclamar (0.0000),garça (0.0000),ruído (0.0000)
13867,desconstruindo (0.0000),deviam (0.0000),reclamava (0.0000),garras (0.0000),ruídos (0.0000)
13868,desconstrução (0.0000),devolvendo (0.0000),reclamação (0.0000),garotinha (0.0000),dorzinha (0.0000)
13869,descontrair (0.0000),devolver (0.0000),recolher (0.0000),garoa (0.0000),rápidos (0.0000)
13870,descontrolada (0.0000),devora (0.0000),reclama (0.0000),garimpos (0.0000),djavan (0.0000)
13871,descosturados (0.0000),devorada (0.0000),recolhida (0.0000),garimpar (0.0000),rã (0.0000)
13872,descrença (0.0000),devorando (0.0000),recolhidas (0.0000),garantia (0.0000),rédea (0.0000)
13873,descreva (0.0000),devotada (0.0000),entediado (0.0000),garimpando (0.0000),régia (0.0000)
13874,descrevem (0.0000),devoção (0.0000),entediada (0.0000),garimpados (0.0000),dons (0.0000)
13875,descrevendo (0.0000),rezar (0.0000),entardeceres (0.0000),gargantilha (0.0000),donos (0.0000)
13876,megaprojetos (0.0000),dezessete (0.0000),recolhidos (0.0000),gargalhada (0.0000),dono (0.0000)
13877,descascado (0.0000),dialecto (0.0000),reclamando (0.0000),garantisse (0.0000),russos (0.0000)
13878,descrevê (0.0000),revelações (0.0000),entendiam (0.0000),garantido (0.0000),doíam (0.0000)
13879,meditação (0.0000),dialoga (0.0000),recompensa (0.0000),garantidas (0.0000),drama (0.0000)
13880,descritas (0.0000),dialogam (0.0000),recheada (0.0000),excessivas (0.0000),dramática (0.0000)
13881,science (0.0000),diamantes (0.0000),receptivos (0.0000),excessiva (0.0000),drasticamente (0.0000)
13882,sci (0.0000),rezamos (0.0000),entonações (0.0000),hilst (0.0000),russa (0.0000)
13883,descubro (0.0000),rezam (0.0000),entonação (0.0000),encontramos (0.0000),ruru (0.0000)
13884,descuidada (0.0000),revolucionária (0.0000),entoação (0.0000),encolher (0.0000),driblar (0.0000)
13885,descuidado (0.0000),didi (0.0000),entoar (0.0000),enchia (0.0000),ruptura (0.0000)
13886,descuidar (0.0000),dieta (0.0000),entoadas (0.0000),encher (0.0000),duda (0.0000)
13887,descuido (0.0000),reviso (0.0000),entes (0.0000),enchentes (0.0000),dum (0.0000)
13888,meditativo (0.0000),revisado (0.0000),recifes (0.0000),encharca (0.0000),dupla (0.0000)
13889,desculpar (0.0000),reverente (0.0000),enterros (0.0000),encenação (0.0000),duplamente (0.0000)
13890,desculpas (0.0000),difusa (0.0000),reciclada (0.0000),encará (0.0000),duque (0.0000)
13891,desconhecida (0.0000),reverencial (0.0000),enterrados (0.0000),encarregou (0.0000),rupestres (0.0000)
13892,desconhecia (0.0000),retratavam (0.0000),enterradas (0.0000),encarregaram (0.0000),durabilidade (0.0000)
13893,desconfortável (0.0000),retratava (0.0000),reciclagem (0.0000),encarregado (0.0000),duradoura (0.0000)
13894,pesada (0.0000),retratar (0.0000),entendidos (0.0000),encarnação (0.0000),régua (0.0000)
13895,perverso (0.0000),divertir (0.0000),recomendou (0.0000),encarnava (0.0000),domínio (0.0000)
13896,desce (0.0000),distribua (0.0000),recompensado (0.0000),encarnada (0.0000),doméstico (0.0000)
13897,seguido (0.0000),distribuiu (0.0000),reflectiam (0.0000),encantavam (0.0000),doma (0.0000)
13898,seguidas (0.0000),distrito (0.0000),enrolar (0.0000),encantava (0.0000),sabonete (0.0000)
13899,descendo (0.0000),resumia (0.0000),enrugava (0.0000),encantamentos (0.0000),dobras (0.0000)
13900,melhore (0.0000),ditadura (0.0000),enrugando (0.0000),encantam (0.0000),sabiá (0.0000)
13901,descente (0.0000),ditas (0.0000),enrugamento (0.0000),encolhida (0.0000),dobrou (0.0000)
13902,descer (0.0000),ditongos (0.0000),enrugados (0.0000),encontrarei (0.0000),documentos (0.0000)
13903,seguia (0.0000),restrições (0.0000),enrolo (0.0000),entonação (0.0000),documentários (0.0000)
13904,melhora (0.0000),restringir (0.0000),enrolação (0.0000),encontraria (0.0000),doente (0.0000)
13905,descobertos (0.0000),restou (0.0000),enrolam (0.0000),enfeitam (0.0000),doença (0.0000)
13906,perícia (0.0000),diversão (0.0000),ensinada (0.0000),enfeitado (0.0000),doenças (0.0000)
13907,sedosa (0.0000),diverte (0.0000),enrolado (0.0000),enfeitada (0.0000),dogmas (0.0000)
13908,melancólicos (0.0000),restaurar (0.0000),enroladas (0.0000),energizam (0.0000),doida (0.0000)
13909,secretária (0.0000),divide (0.0000),enrola (0.0000),endurecimento (0.0000),sabemos (0.0000)
13910,secretos (0.0000),discriminadas (0.0000),enriquecimento (0.0000),endurecidos (0.0000),sabedorias (0.0000)
13911,descolado (0.0000),dividi (0.0000),enriquecido (0.0000),endurece (0.0000),rústicos (0.0000)
13912,descoloridos (0.0000),dividindo (0.0000),enriquecida (0.0000),endireitar (0.0000),domando (0.0000)
13913,descombinadas (0.0000),nhamandu (0.0000),enrugavam (0.0000),endereçamento (0.0000),domésticas (0.0000)
13914,melancólica (0.0000),divisa (0.0000),ensinado (0.0000),encravada (0.0000),domestei (0.0000)
13915,descomunal (0.0000),divulgação (0.0000),recompensadora (0.0000),encostas (0.0000),domesticada (0.0000)
13916,desconcertada (0.0000),ressonância (0.0000),ensinavam (0.0000),encorpado (0.0000),domesticado (0.0000)
13917,desconcertado (0.0000),ressonante (0.0000),ensurdecedor (0.0000),encontrá (0.0000),domestico (0.0000)
13918,desconcertante (0.0000),ressoante (0.0000),ensolarados (0.0000),encontrou (0.0000),dominante (0.0000)
13919,desconectada (0.0000),ressoam (0.0000),ensolarado (0.0000),encontre (0.0000),dominar (0.0000)
13920,meireles (0.0000),dizeres (0.0000),ensolaradas (0.0000),encontrasse (0.0000),rústicas (0.0000)
13921,desconfiados (0.0000),ressoa (0.0000),recompensar (0.0000),encontrará (0.0000),rímel (0.0000)
13922,sc (0.0000),ressignifico (0.0000),recompensas (0.0000),encantadoras (0.0000),dominguei (0.0000)
13923,desdentado (0.0000),ressignificação (0.0000),reconciliar (0.0000),encantada (0.0000),dominicais (0.0000)
13924,desdobrar (0.0000),distorcidas (0.0000),ensinados (0.0000),encanada (0.0000),dominical (0.0000)
13925,desertas (0.0000),distinção (0.0000),ensinara (0.0000),encaixá (0.0000),domino (0.0000)
13926,desertos (0.0000),distintivo (0.0000),reconectar (0.0000),empreendedor (0.0000),rígido (0.0000)
13927,desesperança (0.0000),distintiva (0.0000),reconforta (0.0000),empolga (0.0000),rígida (0.0000)
13928,desespero (0.0000),discriminações (0.0000),reconhecem (0.0000),empoeirados (0.0000),emprestadas (0.0000)
13929,desestruturado (0.0000),retrata (0.0000),reconhecesse (0.0000),empoeirado (0.0000),empresário (0.0000)
13930,desestruturados (0.0000),discursos (0.0000),ensinam (0.0000),empoeirada (0.0000),empática (0.0000)
13931,desfaziam (0.0000),retorcidos (0.0000),entra (0.0000),empoderamento (0.0000),revirava (0.0000)
13932,desfeita (0.0000),retorcido (0.0000),entradas (0.0000),empoderam (0.0000),entrar (0.0000)
13933,desfeitas (0.0000),discuta (0.0000),receptivo (0.0000),empoderadoras (0.0000),entranhado (0.0000)
13934,satisfações (0.0000),retorcida (0.0000),envergonhada (0.0000),empoderadora (0.0000),entranhada (0.0000)
13935,medem (0.0000),retomada (0.0000),enviesados (0.0000),empodera (0.0000),entrando (0.0000)
13936,satisfatórios (0.0000),disfarce (0.0000),envergonho (0.0000),empadão (0.0000),entradas (0.0000)
13937,desfiadas (0.0000),disfarçada (0.0000),envergonhei (0.0000),empada (0.0000),entrada (0.0000)
13938,sarongue (0.0000),disfarçado (0.0000),envergonhe (0.0000),emotiva (0.0000),reviso (0.0000)
13939,mede (0.0000),disfarçados (0.0000),envergonham (0.0000),emolduravando (0.0000),revelação (0.0000)
13940,desfilava (0.0000),disforia (0.0000),envergonhado (0.0000),emolduraram (0.0000),entoadas (0.0000)
13941,desfrutando (0.0000),retinta (0.0000),envergonha (0.0000),emolduar (0.0000),enterram (0.0000)
13942,desfrutar (0.0000),retangular (0.0000),envolva (0.0000),emocionante (0.0000),enterrados (0.0000)
13943,sarja (0.0000),disponíveis (0.0000),envergada (0.0000),empreendedorismo (0.0000),revista (0.0000)
13944,sardinha (0.0000),retalhos (0.0000),reaproveitar (0.0000),empregava (0.0000),entendido (0.0000)
13945,sardento (0.0000),dispostas (0.0000),reação (0.0000),emprego (0.0000),entendi (0.0000)
13946,desgastar (0.0000),dispostos (0.0000),envelhecidos (0.0000),encaixando (0.0000),entreaberta (0.0000)
13947,pesares (0.0000),disputada (0.0000),rebela (0.0000),encaixou (0.0000),entreaberto (0.0000)
13948,desgastes (0.0000),dissipando (0.0000),rebelam (0.0000),encaixotar (0.0000),entreabertos (0.0000)
13949,desgraça (0.0000),resumir (0.0000),reaproveitamento (0.0000),encaixotam (0.0000),entrecortados (0.0000)
13950,desgrenhada (0.0000),resumindo (0.0000),reaproveitados (0.0000),encaixavam (0.0000),reverente (0.0000)
13951,desgrenhado (0.0000),resumidas (0.0000),entranhas (0.0000),encaixariam (0.0000),entregar (0.0000)
13952,desgrenhados (0.0000),distingue (0.0000),envolvimento (0.0000),encaixarem (0.0000),entrego (0.0000)
13953,saudades (0.0000),distinguir (0.0000),realçados (0.0000),encaixaram (0.0000),entregue (0.0000)
13954,deserta (0.0000),distinta (0.0000),enérgico (0.0000),encaixado (0.0000),entrei (0.0000)
13955,medido (0.0000),devemos (0.0000),realçam (0.0000),empreitadas (0.0000),entrelaça (0.0000)
13956,mediano (0.0000),devastadora (0.0000),enxerga (0.0000),encabulado (0.0000),reverencial (0.0000)
13957,saíra (0.0000),encontrada (0.0000),enxadas (0.0000),empurrou (0.0000),revelem (0.0000)
13958,desempenadeira (0.0000),ritos (0.0000),envolvo (0.0000),empresário (0.0000),entrelaçado (0.0000)
13959,desempenha (0.0000),rochosas (0.0000),realçavam (0.0000),empresária (0.0000),entrelaçamento (0.0000)
13960,desempenhar (0.0000),rochas (0.0000),envolvente (0.0000),emprestou (0.0000),revelações (0.0000)
13961,desempenhasse (0.0000),roca (0.0000),envolvidas (0.0000),emprestadas (0.0000),entrelaçar (0.0000)
13962,desencontros (0.0000),designers (0.0000),reaprendendo (0.0000),empresas (0.0000),entrelaçavam (0.0000)
13963,desengonçados (0.0000),designs (0.0000),reapropria (0.0000),enfeitando (0.0000),entenderiam (0.0000)
13964,desenha (0.0000),ritualístico (0.0000),envolvi (0.0000),enfeitar (0.0000),entenderia (0.0000)
13965,desenhadas (0.0000),desistimos (0.0000),envolveu (0.0000),enfeitavam (0.0000),entenderem (0.0000)
13966,saídas (0.0000),desistir (0.0000),envolventes (0.0000),enigmáticos (0.0000),ensine (0.0000)
13967,medicinal (0.0000),desistiu (0.0000),envelhecer (0.0000),enrugamento (0.0000),riachos (0.0000)
13968,desenhando (0.0000),desisto (0.0000),envelhece (0.0000),enrolação (0.0000),enrugados (0.0000)
13969,desenharam (0.0000),deslavada (0.0000),rebelar (0.0000),enrolam (0.0000),enrugamento (0.0000)
13970,desenhava (0.0000),deslavadas (0.0000),entregar (0.0000),enrola (0.0000),enrugando (0.0000)
13971,saí (0.0000),ritualística (0.0000),receptiva (0.0000),enriquecimento (0.0000),enrugava (0.0000)
13972,desenhou (0.0000),deslizam (0.0000),entrei (0.0000),enriqueciam (0.0000),enrugavam (0.0000)
13973,desenrola (0.0000),desgastes (0.0000),entregue (0.0000),enriquecia (0.0000),riacho (0.0000)
13974,desentendimentos (0.0000),deslizando (0.0000),entrego (0.0000),enriquecer (0.0000),ensinadas (0.0000)
13975,savana (0.0000),ritmadas (0.0000),entregava (0.0000),enriquecedora (0.0000),ensinado (0.0000)
13976,desenvolvendo (0.0000),desloca (0.0000),entregas (0.0000),enraíza (0.0000),ensinados (0.0000)
13977,saudosa (0.0000),ritmada (0.0000),entregam (0.0000),enraizados (0.0000),ensinam (0.0000)
13978,desenvolveu (0.0000),desmanchado (0.0000),entusiasta (0.0000),enquadrava (0.0000),ensinamento (0.0000)
13979,desenvolvi (0.0000),desmanchados (0.0000),entrecortados (0.0000),enquadrado (0.0000),ria (0.0000)
13980,desenvolvia (0.0000),desmanchando (0.0000),entrecortada (0.0000),enquadra (0.0000),reúno (0.0000)
13981,desenvolvida (0.0000),desmanchar (0.0000),entreabertos (0.0000),enormes (0.0000),ensino (0.0000)
13982,pesando (0.0000),desmantelado (0.0000),entreaberta (0.0000),enormemente (0.0000),entenderam (0.0000)
13983,medicina (0.0000),desmatada (0.0000),entrava (0.0000),enobrece (0.0000),rezo (0.0000)
13984,descascando (0.0000),desmatamento (0.0000),entrar (0.0000),enrugavam (0.0000),ensolarado (0.0000)
13985,descascada (0.0000),desmatar (0.0000),recentemente (0.0000),ensinada (0.0000),ensolarados (0.0000)
13986,pertencem (0.0000),desmedida (0.0000),receio (0.0000),ensinamento (0.0000),ensurdecedor (0.0000)
13987,seletivamente (0.0000),desgraça (0.0000),recebo (0.0000),entenderia (0.0000),entalhada (0.0000)
13988,mencione (0.0000),desgastar (0.0000),recebida (0.0000),entoar (0.0000),entalhadas (0.0000)
13989,selo (0.0000),devastadas (0.0000),recatadas (0.0000),entidades (0.0000),entalhado (0.0000)
13990,derretem (0.0000),deserta (0.0000),recatada (0.0000),enterros (0.0000),rezando (0.0000)
13991,seleção (0.0000),roll (0.0000),recarrego (0.0000),enterram (0.0000),rezamos (0.0000)
13992,derretida (0.0000),desenharam (0.0000),recarregar (0.0000),enterradas (0.0000),entediada (0.0000)
13993,mencionar (0.0000),desenhava (0.0000),entrelinhas (0.0000),entendidos (0.0000),rezam (0.0000)
13994,derrota (0.0000),rolando (0.0000),recarregam (0.0000),entendesse (0.0000),reza (0.0000)
13995,mencionados (0.0000),desenhou (0.0000),recarga (0.0000),entendemos (0.0000),revolta (0.0000)
13996,derrubada (0.0000),desenrola (0.0000),recanto (0.0000),ensinara (0.0000),revistas (0.0000)
13997,derrubando (0.0000),desenrolarem (0.0000),rebuscados (0.0000),entardeceres (0.0000),entrelaço (0.0000)
13998,derrubar (0.0000),rolam (0.0000),rebuscadas (0.0000),entalhado (0.0000),entremeando (0.0000)
13999,derrubá (0.0000),desenvolveu (0.0000),entrever (0.0000),entalhadas (0.0000),encabulado (0.0000)
14000,desabafar (0.0000),desenvolvia (0.0000),entusiasma (0.0000),entalhada (0.0000),equipamentos (0.0000)
14001,mencionadas (0.0000),desenvolvidas (0.0000),entusiasmo (0.0000),ensurdecedor (0.0000),retratos (0.0000)
14002,descartados (0.0000),desenvolvido (0.0000),enriqueciam (0.0000),ensine (0.0000),ergueu (0.0000)
14003,desabrocha (0.0000),rojão (0.0000),enriquecia (0.0000),ensinavam (0.0000),erguer (0.0000)
14004,desabrochada (0.0000),deserto (0.0000),enriqueceu (0.0000),enjoar (0.0000),ereto (0.0000)
14005,selecionado (0.0000),rodadas (0.0000),encontrou (0.0000),enigmático (0.0000),equivocada (0.0000)
14006,desabrochava (0.0000),desertos (0.0000),encurvada (0.0000),enfeite (0.0000),equipe (0.0000)
14007,desabrochavam (0.0000),desesperança (0.0000),redutivas (0.0000),enigmática (0.0000),equilibro (0.0000)
14008,selecionadas (0.0000),desestruturados (0.0000),encostado (0.0000),engajamento (0.0000),entremear (0.0000)
14009,desafiaba (0.0000),rodei (0.0000),encostada (0.0000),engajados (0.0000),equilibravam (0.0000)
14010,desafiada (0.0000),desfaziam (0.0000),encorpado (0.0000),enfurecido (0.0000),equilibrava (0.0000)
14011,sela (0.0000),desfeita (0.0000),encontrá (0.0000),enfrente (0.0000),equilibrado (0.0000)
14012,seiva (0.0000),desfeitas (0.0000),reduzem (0.0000),enfrentava (0.0000),retraído (0.0000)
14013,desafiadoras (0.0000),rodeava (0.0000),endereçamento (0.0000),enfrentado (0.0000),equidade (0.0000)
14014,desafiadores (0.0000),desfeitos (0.0000),reduzi (0.0000),enfraquecido (0.0000),equestres (0.0000)
14015,seis (0.0000),desfiadas (0.0000),encontrei (0.0000),enfraqueceram (0.0000),eriçado (0.0000)
14016,derramava (0.0000),desfrutando (0.0000),encontrasse (0.0000),enfoque (0.0000),eriçados (0.0000)
14017,derramado (0.0000),rodados (0.0000),encontraria (0.0000),enfim (0.0000),errada (0.0000)
14018,derrama (0.0000),rodado (0.0000),encontrarei (0.0000),enfiado (0.0000),erradas (0.0000)
14019,derme (0.0000),desmintam (0.0000),reduzida (0.0000),enfermos (0.0000),errados (0.0000)
14020,densos (0.0000),desmistificar (0.0000),encurvado (0.0000),enfermidades (0.0000),erro (0.0000)
14021,denta (0.0000),desnecessário (0.0000),endireitar (0.0000),enfermidade (0.0000),erroneamente (0.0000)
14022,senis (0.0000),desânimo (0.0000),recíproco (0.0000),enfeito (0.0000),erros (0.0000)
14023,dentista (0.0000),rigores (0.0000),redonda (0.0000),enfeitiado (0.0000),esbarrava (0.0000)
14024,dentição (0.0000),destroem (0.0000),redatora (0.0000),enfeites (0.0000),esbarro (0.0000)
14025,dentre (0.0000),destruindo (0.0000),redefine (0.0000),engana (0.0000),esboçado (0.0000)
14026,semiárida (0.0000),destruir (0.0000),redefinição (0.0000),enganadora (0.0000),esboçar (0.0000)
14027,semipreciosas (0.0000),destruição (0.0000),enfeitado (0.0000),engane (0.0000),esbranquiçada (0.0000)
14028,semi (0.0000),destruída (0.0000),redemoinhos (0.0000),engolfou (0.0000),escala (0.0000)
14029,denunciar (0.0000),destrói (0.0000),redescobrindo (0.0000),engrossando (0.0000),escalava (0.0000)
14030,denunciasse (0.0000),desvalorizado (0.0000),redondeza (0.0000),engraçadas (0.0000),escalda (0.0000)
14031,sementinhas (0.0000),desvendada (0.0000),endurece (0.0000),engoliu (0.0000),retorcidos (0.0000)
14032,semelhança (0.0000),desvendados (0.0000),redondo (0.0000),engolido (0.0000),retrocesso (0.0000)
14033,semelhantes (0.0000),desvendar (0.0000),enfatiza (0.0000),engolidas (0.0000),reumatismo (0.0000)
14034,departamento (0.0000),desviam (0.0000),energizam (0.0000),engolida (0.0000),enérgica (0.0000)
14035,pertencente (0.0000),deságua (0.0000),energiza (0.0000),engoli (0.0000),envergonhado (0.0000)
14036,semeia (0.0000),detalhar (0.0000),redondos (0.0000),engolem (0.0000),revelariam (0.0000)
14037,semear (0.0000),desnecessários (0.0000),endurecidas (0.0000),engano (0.0000),entretenimento (0.0000)
14038,dependente (0.0000),rigo (0.0000),reduzidas (0.0000),englobe (0.0000),entusiasma (0.0000)
14039,dependentes (0.0000),detentor (0.0000),reduzidos (0.0000),engloba (0.0000),entusiasta (0.0000)
14040,dependerá (0.0000),detentora (0.0000),reduzir (0.0000),engessados (0.0000),revelado (0.0000)
14041,dependerão (0.0000),detentores (0.0000),encantavam (0.0000),engessadas (0.0000),envelhece (0.0000)
14042,dependesse (0.0000),ricos (0.0000),referindo (0.0000),engenheiro (0.0000),envelhecer (0.0000)
14043,depreciativo (0.0000),ricamente (0.0000),encarnava (0.0000),engatinhando (0.0000),envelheceu (0.0000)
14044,depósito (0.0000),ribeirinhos (0.0000),encarnada (0.0000),engatinha (0.0000),reveladas (0.0000)
14045,mendigar (0.0000),determinasse (0.0000),referir (0.0000),emocional (0.0000),envelhecidos (0.0000)
14046,derivados (0.0000),ribeira (0.0000),encara (0.0000),emitia (0.0000),envenena (0.0000)
14047,seio (0.0000),detém (0.0000),referirem (0.0000),emergiria (0.0000),envenenam (0.0000)
14048,desafiante (0.0000),deusa (0.0000),encantava (0.0000),domestei (0.0000),envergada (0.0000)
14049,pertencentes (0.0000),ria (0.0000),redução (0.0000),dons (0.0000),envergonhada (0.0000)
14050,pertenciam (0.0000),devastada (0.0000),referência (0.0000),donos (0.0000),envergonham (0.0000)
14051,desatar (0.0000),destino (0.0000),refinado (0.0000),domínio (0.0000),enxuta (0.0000)
14052,desatentos (0.0000),destes (0.0000),refira (0.0000),doméstico (0.0000),envergonhe (0.0000)
14053,desatinos (0.0000),destemida (0.0000),encantadoras (0.0000),doméstica (0.0000),revelada (0.0000)
14054,desavisados (0.0000),rija (0.0000),encantador (0.0000),domável (0.0000),enviesados (0.0000)
14055,pertença (0.0000),desorganizado (0.0000),encanada (0.0000),dominó (0.0000),envolta (0.0000)
14056,seguiu (0.0000),despedida (0.0000),encaro (0.0000),dominou (0.0000),envolva (0.0000)
14057,desbotam (0.0000),despedidas (0.0000),encarregado (0.0000),dominical (0.0000),reutilizar (0.0000)
14058,desbotar (0.0000),despeito (0.0000),encarregaram (0.0000),dominicais (0.0000),reuniões (0.0000)
14059,desbotaram (0.0000),riscos (0.0000),encarregou (0.0000),domingão (0.0000),envolventes (0.0000)
14060,desbotava (0.0000),despercebidas (0.0000),encará (0.0000),dominguinhos (0.0000),envolvi (0.0000)
14061,desbotoou (0.0000),riscando (0.0000),encenação (0.0000),dominguei (0.0000),reunirá (0.0000)
14062,desbravando (0.0000),riscados (0.0000),encharca (0.0000),dominei (0.0000),envolvidas (0.0000)
14063,desbravar (0.0000),riscadinhas (0.0000),refere (0.0000),dominar (0.0000),envolvo (0.0000)
14064,descabida (0.0000),riscada (0.0000),enchente (0.0000),dominante (0.0000),enxerga (0.0000)
14065,descabido (0.0000),despojados (0.0000),enchentes (0.0000),domesticado (0.0000),enxergam (0.0000)
14066,descabidos (0.0000),despontando (0.0000),refeição (0.0000),dormindo (0.0000),ribeira (0.0000)
14067,seguirá (0.0000),riquíssimo (0.0000),enchiam (0.0000),dorso (0.0000),enrolo (0.0000)
14068,seguiremos (0.0000),despretensiosamente (0.0000),encolher (0.0000),dourava (0.0000),enrolação (0.0000)
14069,seguirei (0.0000),riquíssima (0.0000),reerguer (0.0000),dreadlocks (0.0000),encontrasse (0.0000)
14070,pertenço (0.0000),despretensiosos (0.0000),encomodar (0.0000),duradouras (0.0000),ritmadas (0.0000)
14071,descalçosa (0.0000),desprezo (0.0000),reencontro (0.0000),durabilidade (0.0000),ritos (0.0000)
14072,descalçá (0.0000),desproporcionalmente (0.0000),reencontrei (0.0000),duque (0.0000),rituais (0.0000)
14073,seguintes (0.0000),desrespeitada (0.0000),recôncavo (0.0000),dupla (0.0000),ritualística (0.0000)
14074,descansam (0.0000),desrespeitados (0.0000),enfeito (0.0000),dum (0.0000),encontre (0.0000)
14075,descansando (0.0000),desrespeito (0.0000),enriquecer (0.0000),duda (0.0000),ritualístico (0.0000)
14076,seguimos (0.0000),desrespeitoso (0.0000),engrossa (0.0000),dreads (0.0000),encontraria (0.0000)
14077,melo (0.0000),dessana (0.0000),enjoar (0.0000),dre (0.0000),enrolado (0.0000)
14078,desastradas (0.0000),rincões (0.0000),reconstruído (0.0000),doutor (0.0000),encontrarei (0.0000)
14079,desarrumar (0.0000),rimas (0.0000),enigmático (0.0000),drasticamente (0.0000),roberto (0.0000)
14080,pertences (0.0000),rima (0.0000),reconstrói (0.0000),dramática (0.0000),encontramos (0.0000)
14081,desarruma (0.0000),destaco (0.0000),recontada (0.0000),dramas (0.0000),robô (0.0000)
14082,desafie (0.0000),diárias (0.0000),engrossando (0.0000),drama (0.0000),roca (0.0000)
14083,desafiem (0.0000),ressignificar (0.0000),engraçado (0.0000),dragão (0.0000),encontrada (0.0000)
14084,membros (0.0000),djavan (0.0000),reconstrução (0.0000),doíam (0.0000),encontrá (0.0000)
14085,membro (0.0000),emitia (0.0000),engraçadas (0.0000),dove (0.0000),encostada (0.0000)
14086,desafiou (0.0000),embelezado (0.0000),recorda (0.0000),domesticada (0.0000),encostado (0.0000)
14087,desaforos (0.0000),embelezam (0.0000),recordada (0.0000),domado (0.0000),encostas (0.0000)
14088,desaguando (0.0000),embelezava (0.0000),engolidas (0.0000),duradouros (0.0000),encravada (0.0000)
14089,desajeitada (0.0000),emboladas (0.0000),engoli (0.0000),domada (0.0000),encurvada (0.0000)
14090,desajeitadas (0.0000),embolado (0.0000),engolfou (0.0000),diálogos (0.0000),ritmada (0.0000)
14091,melódico (0.0000),embranquecendo (0.0000),enobrece (0.0000),diálogo (0.0000),endereçamento (0.0000)
14092,desajuste (0.0000),repórter (0.0000),reconstruindo (0.0000),diziam (0.0000),endurecidas (0.0000)
14093,desalinhado (0.0000),embranqueceu (0.0000),recuso (0.0000),dizeres (0.0000),endurecidos (0.0000)
14094,melódicas (0.0000),embrulhar (0.0000),enraizados (0.0000),dizerem (0.0000),endurecimento (0.0000)
14095,desalinho (0.0000),embrulho (0.0000),enriquecendo (0.0000),dizendo (0.0000),riscos (0.0000)
14096,desamarrado (0.0000),emergem (0.0000),enriquecem (0.0000),divulgação (0.0000),energizam (0.0000)
14097,desana (0.0000),emergente (0.0000),enriquecedora (0.0000),divulgar (0.0000),enfatiza (0.0000)
14098,desanimado (0.0000),emergiria (0.0000),enriquece (0.0000),divorciado (0.0000),riscas (0.0000)
14099,melódica (0.0000),emociona (0.0000),enrijecidos (0.0000),divorciada (0.0000),enfatizar (0.0000)
14100,desaparecem (0.0000),embaça (0.0000),enraíza (0.0000),divisa (0.0000),enfeitada (0.0000)
14101,desaparecendo (0.0000),emocional (0.0000),enraizadas (0.0000),divirto (0.0000),encomodar (0.0000)
14102,desaparecer (0.0000),reprodução (0.0000),enormes (0.0000),divino (0.0000),encolhida (0.0000)
14103,pertencesse (0.0000),reproduzir (0.0000),reconhecível (0.0000),divindade (0.0000),encolher (0.0000)
14104,desapego (0.0000),reproduzindo (0.0000),reconheça (0.0000),divina (0.0000),encantamentos (0.0000)
14105,desaprendendo (0.0000),reproduzem (0.0000),enquadrava (0.0000),dividir (0.0000),encadernado (0.0000)
14106,desaprendido (0.0000),emoldurando (0.0000),reconheçam (0.0000),dividindo (0.0000),encaixada (0.0000)
14107,desapropriação (0.0000),emolduraram (0.0000),enquadrado (0.0000),djavan (0.0000),encaixando (0.0000)
14108,desarma (0.0000),represento (0.0000),enquadrada (0.0000),dna (0.0000),rolam (0.0000)
14109,desgrudo (0.0000),emoldurareu (0.0000),recorrer (0.0000),doa (0.0000),encaixariam (0.0000)
14110,sarcástica (0.0000),emolduravando (0.0000),englobe (0.0000),doente (0.0000),encaixavam (0.0000)
14111,pesava (0.0000),emotiva (0.0000),englobar (0.0000),dolorosos (0.0000),roer (0.0000)
14112,dignificam (0.0000),empadão (0.0000),recuaram (0.0000),doloroso (0.0000),encaixotada (0.0000)
14113,petiscos (0.0000),representativos (0.0000),enfrentei (0.0000),dolorido (0.0000),rodeio (0.0000)
14114,sagradas (0.0000),embebido (0.0000),enfrentava (0.0000),doida (0.0000),encaixou (0.0000)
14115,safras (0.0000),embaré (0.0000),enfrentaram (0.0000),dogmática (0.0000),encanada (0.0000)
14116,dificulte (0.0000),dobradas (0.0000),recriando (0.0000),doenças (0.0000),encantada (0.0000)
14117,difusa (0.0000),reservas (0.0000),recriar (0.0000),doença (0.0000),encantam (0.0000)
14118,saci (0.0000),elie (0.0000),recuar (0.0000),doem (0.0000),encantamento (0.0000)
14119,mastigaram (0.0000),resgatadas (0.0000),enfrentado (0.0000),dobradas (0.0000),encantava (0.0000)
14120,digam (0.0000),elogios (0.0000),recorro (0.0000),documentários (0.0000),enchiam (0.0000)
14121,sacada (0.0000),eloquente (0.0000),recuavam (0.0000),documentário (0.0000),encantos (0.0000)
14122,sabão (0.0000),eloquentes (0.0000),enfraquecido (0.0000),documentos (0.0000),rodados (0.0000)
14123,piada (0.0000),resgata (0.0000),recusam (0.0000),doceira (0.0000),encardidas (0.0000)
14124,digitava (0.0000),elus (0.0000),enfoque (0.0000),dobrou (0.0000),encarna (0.0000)
14125,dignifica (0.0000),elx (0.0000),recusassem (0.0000),dobro (0.0000),encarnação (0.0000)
14126,dignificar (0.0000),reservou (0.0000),recusava (0.0000),dobrar (0.0000),rodadas (0.0000)
14127,designers (0.0000),elétrica (0.0000),enfrentou (0.0000),duradouro (0.0000),encarregado (0.0000)
14128,piamente (0.0000),reservo (0.0000),enfrentá (0.0000),duram (0.0000),encarregaram (0.0000)
14129,sabonete (0.0000),ema (0.0000),recostavam (0.0000),emergente (0.0000),encenação (0.0000)
14130,dilemas (0.0000),emagrecer (0.0000),engajados (0.0000),elba (0.0000),rockabilly (0.0000)
14131,diluído (0.0000),emanada (0.0000),engajamento (0.0000),emagrecer (0.0000),rochosas (0.0000)
14132,diminui (0.0000),embaralhado (0.0000),engajar (0.0000),ema (0.0000),enchendo (0.0000)
14133,diminuindo (0.0000),reservar (0.0000),engana (0.0000),elza (0.0000),enchentes (0.0000)
14134,diminuir (0.0000),emanação (0.0000),enganadora (0.0000),elx (0.0000),encher (0.0000)
14135,diminutivos (0.0000),emancipação (0.0000),engane (0.0000),elus (0.0000),enfeitados (0.0000)
14136,diminuía (0.0000),embaiava (0.0000),engano (0.0000),eloquentes (0.0000),enfeitando (0.0000)
14137,diminuíam (0.0000),resenha (0.0000),engatinha (0.0000),elogios (0.0000),enfeitar (0.0000)
14138,diminuírem (0.0000),resende (0.0000),engatinhando (0.0000),elogio (0.0000),rigo (0.0000)
14139,dinamismo (0.0000),embaladas (0.0000),engenharia (0.0000),elis (0.0000),engolem (0.0000)
14140,picada (0.0000),embalado (0.0000),engenheiro (0.0000),elie (0.0000),engolfou (0.0000)
14141,saiam (0.0000),embalam (0.0000),engenho (0.0000),elias (0.0000),engolida (0.0000)
14142,diferenciava (0.0000),embalando (0.0000),engessadas (0.0000),eli (0.0000),engolidas (0.0000)
14143,diferenciados (0.0000),embalaram (0.0000),engessados (0.0000),elevado (0.0000),engolido (0.0000)
14144,diferencia (0.0000),embalavam (0.0000),dna (0.0000),eleva (0.0000),engolindo (0.0000)
14145,devolver (0.0000),embalou (0.0000),djavan (0.0000),eletrônicos (0.0000),engoliu (0.0000)
14146,devora (0.0000),empodera (0.0000),diários (0.0000),eletrônicas (0.0000),engraçado (0.0000)
14147,devorada (0.0000),empoderadora (0.0000),descomunal (0.0000),eletrônica (0.0000),engrossa (0.0000)
14148,devorando (0.0000),empoderadoras (0.0000),desconfiada (0.0000),emanando (0.0000),enigmática (0.0000)
14149,pessoalmente (0.0000),encarregado (0.0000),desconexão (0.0000),emanação (0.0000),enigmático (0.0000)
14150,peteca (0.0000),encantam (0.0000),desconectada (0.0000),emancipação (0.0000),enigmáticos (0.0000)
14151,salgadas (0.0000),encantamentos (0.0000),desconcertante (0.0000),embelezado (0.0000),enjoar (0.0000)
14152,dezessete (0.0000),encantava (0.0000),desconcertado (0.0000),emergem (0.0000),enobrece (0.0000)
14153,dezoito (0.0000),encantavam (0.0000),desconcertada (0.0000),embrulhar (0.0000),enormes (0.0000)
14154,dialecto (0.0000),encanto (0.0000),descompromisso (0.0000),embranqueceu (0.0000),engessadas (0.0000)
14155,matas (0.0000),repousavam (0.0000),desconfiados (0.0000),embranquecer (0.0000),enquadrado (0.0000)
14156,dialetos (0.0000),repousando (0.0000),descomplicado (0.0000),embranquecendo (0.0000),riem (0.0000)
14157,dialoga (0.0000),encardidas (0.0000),descomplicada (0.0000),embolado (0.0000),ridículo (0.0000)
14158,dialogam (0.0000),encarna (0.0000),descombinados (0.0000),embelezam (0.0000),ricamente (0.0000)
14159,dialogar (0.0000),encarnada (0.0000),descombinadas (0.0000),embebido (0.0000),enraizados (0.0000)
14160,diamante (0.0000),encarnava (0.0000),descoloridos (0.0000),embaiava (0.0000),enrijecidos (0.0000)
14161,matam (0.0000),encarnação (0.0000),descoloridas (0.0000),embate (0.0000),ribeirão (0.0000)
14162,diamantina (0.0000),encaro (0.0000),desconfiado (0.0000),embaré (0.0000),enriquecedora (0.0000)
14163,saio (0.0000),encarregaram (0.0000),desconfiança (0.0000),embaralhada (0.0000),ribeirinho (0.0000)
14164,saibam (0.0000),empoderam (0.0000),descolado (0.0000),embalavam (0.0000),enriquecer (0.0000)
14165,diarista (0.0000),encarregou (0.0000),desconstruir (0.0000),embalaram (0.0000),enriqueceu (0.0000)
14166,saiba (0.0000),encará (0.0000),descontraído (0.0000),embalam (0.0000),enriquecia (0.0000)
14167,dicotomia (0.0000),encharca (0.0000),descontraída (0.0000),embalado (0.0000),enriquecido (0.0000)
14168,dicção (0.0000),repousam (0.0000),descontração (0.0000),elemento (0.0000),enrola (0.0000)
14169,didi (0.0000),replicar (0.0000),descontrair (0.0000),elaborada (0.0000),engessados (0.0000)
14170,didáticos (0.0000),enchendo (0.0000),desconstruído (0.0000),durinho (0.0000),engenheiro (0.0000)
14171,dieta (0.0000),enchente (0.0000),desconstrução (0.0000),eile (0.0000),enfeitavam (0.0000)
14172,picadas (0.0000),repletos (0.0000),desconstruindo (0.0000),econômica (0.0000),riquezas (0.0000)
14173,dinossauro (0.0000),encher (0.0000),desconfortável (0.0000),economizar (0.0000),enfeite (0.0000)
14174,saberes (0.0000),enchia (0.0000),desconsiderar (0.0000),economia (0.0000),enfeites (0.0000)
14175,discutem (0.0000),repletas (0.0000),desconheço (0.0000),ecológicas (0.0000),enfeitiado (0.0000)
14176,disfarce (0.0000),encolhida (0.0000),desconhecimento (0.0000),ecologia (0.0000),enfeito (0.0000)
14177,disfarçada (0.0000),encomodar (0.0000),desconhecidos (0.0000),ecoará (0.0000),enfermidade (0.0000)
14178,disfarçadas (0.0000),encantados (0.0000),desconhecido (0.0000),ecoante (0.0000),enfermidades (0.0000)
14179,disfarçado (0.0000),encantada (0.0000),resumir (0.0000),echarpe (0.0000),enfermos (0.0000)
14180,maroto (0.0000),encanta (0.0000),descolados (0.0000),dúvidas (0.0000),enfiado (0.0000)
14181,rã (0.0000),encanada (0.0000),descoladas (0.0000),dócil (0.0000),enfoque (0.0000)
14182,disforia (0.0000),empoderamento (0.0000),desgrenhados (0.0000),dê (0.0000),enfraqueceram (0.0000)
14183,dispensa (0.0000),empoeiradas (0.0000),descalçosa (0.0000),década (0.0000),enfraquecido (0.0000)
14184,displicente (0.0000),empoeirados (0.0000),descascadas (0.0000),dádivas (0.0000),riscadinhas (0.0000)
14185,disponíveis (0.0000),empregada (0.0000),descascada (0.0000),durão (0.0000),risca (0.0000)
14186,rápidos (0.0000),empregava (0.0000),descartados (0.0000),durável (0.0000),riquíssimo (0.0000)
14187,dispostas (0.0000),representativas (0.0000),retratando (0.0000),durou (0.0000),enfrente (0.0000)
14188,rápidas (0.0000),empreitada (0.0000),retratar (0.0000),durmo (0.0000),rigores (0.0000)
14189,dispostos (0.0000),empreitadas (0.0000),descalçá (0.0000),econômicas (0.0000),rincões (0.0000)
14190,disputam (0.0000),representassem (0.0000),retratava (0.0000),econômico (0.0000),rima (0.0000)
14191,marketing (0.0000),emprestadas (0.0000),descascando (0.0000),ecossistema (0.0000),enfrentá (0.0000)
14192,rzo (0.0000),emprestou (0.0000),retratavam (0.0000),efervescente (0.0000),enfurecido (0.0000)
14193,dissipam (0.0000),representar (0.0000),retratos (0.0000),ei (0.0000),rigorosos (0.0000)
14194,mariquinha (0.0000),empurrou (0.0000),descalça (0.0000),efêmeras (0.0000),rigoroso (0.0000)
14195,ruídos (0.0000),representante (0.0000),descabidos (0.0000),efusivo (0.0000),engajados (0.0000)
14196,dissonância (0.0000),encadernado (0.0000),descabido (0.0000),eficiência (0.0000),rigorosa (0.0000)
14197,distancia (0.0000),encaixada (0.0000),descabida (0.0000),eficiente (0.0000),engajar (0.0000)
14198,distancie (0.0000),encaixado (0.0000),descascado (0.0000),eficazes (0.0000),engana (0.0000)
14199,distingue (0.0000),encaixando (0.0000),descascaram (0.0000),efervescência (0.0000),enganadora (0.0000)
14200,distinguir (0.0000),encaixarem (0.0000),descolada (0.0000),efeito (0.0000),engano (0.0000)
14201,distinta (0.0000),encaixariam (0.0000),descobertas (0.0000),edição (0.0000),engatinha (0.0000)
14202,distintas (0.0000),repreendeu (0.0000),descobrirem (0.0000),educar (0.0000),engatinhando (0.0000)
14203,discutindo (0.0000),encaixavam (0.0000),descobrir (0.0000),educador (0.0000),disfarçadas (0.0000)
14204,marquinha (0.0000),repreender (0.0000),descobrindo (0.0000),educado (0.0000),disfarce (0.0000)
14205,picante (0.0000),repreendendo (0.0000),descobri (0.0000),educadas (0.0000),salivar (0.0000)
14206,rédea (0.0000),encaixotam (0.0000),descobrem (0.0000),educada (0.0000),sentirem (0.0000)
14207,diploma (0.0000),encaixotar (0.0000),descobre (0.0000),educacional (0.0000),sentidos (0.0000)
14208,direi (0.0000),repouso (0.0000),retangular (0.0000),edredom (0.0000),desafiada (0.0000)
14209,sabedorias (0.0000),elias (0.0000),retirantes (0.0000),entoação (0.0000),sentimental (0.0000)
14210,rústicos (0.0000),eli (0.0000),desciam (0.0000),entrada (0.0000),sentimos (0.0000)
14211,picantes (0.0000),resgatam (0.0000),descer (0.0000),excelência (0.0000),desabrochava (0.0000)
14212,rústicas (0.0000),domínio (0.0000),descente (0.0000),estará (0.0000),desabrochar (0.0000)
14213,mascavo (0.0000),dominei (0.0000),reticulado (0.0000),estanques (0.0000),desabrochada (0.0000)
14214,mascando (0.0000),ressequida (0.0000),descendentes (0.0000),estampavam (0.0000),desapareciam (0.0000)
14215,rítmica (0.0000),ressecamento (0.0000),retinta (0.0000),estampados (0.0000),sentiu (0.0000)
14216,diretor (0.0000),dominguei (0.0000),descontrolada (0.0000),estalos (0.0000),desabotoados (0.0000)
14217,marés (0.0000),dominguinhos (0.0000),descosturados (0.0000),estadual (0.0000),senão (0.0000)
14218,diriam (0.0000),domingão (0.0000),descrença (0.0000),estados (0.0000),desabafar (0.0000)
14219,dirige (0.0000),dominicais (0.0000),restrita (0.0000),estabilidade (0.0000),derrubá (0.0000)
14220,dirigia (0.0000),domino (0.0000),desespero (0.0000),estabelecidas (0.0000),separa (0.0000)
14221,dirijo (0.0000),dominou (0.0000),desesperança (0.0000),estabelecida (0.0000),desafiadores (0.0000)
14222,discernimento (0.0000),dominó (0.0000),deserto (0.0000),estabeleceu (0.0000),sentidas (0.0000)
14223,rígido (0.0000),ressecados (0.0000),desertas (0.0000),estabeleceram (0.0000),sentida (0.0000)
14224,marulho (0.0000),domável (0.0000),deserta (0.0000),esquivar (0.0000),desafiante (0.0000)
14225,discos (0.0000),doméstica (0.0000),desenvolvido (0.0000),esquisito (0.0000),sentiam (0.0000)
14226,marreta (0.0000),dono (0.0000),desenvolvia (0.0000),esquisitices (0.0000),desafiava (0.0000)
14227,rígida (0.0000),dreads (0.0000),desestruturados (0.0000),esqueço (0.0000),desafiem (0.0000)
14228,rícino (0.0000),dons (0.0000),desenvolvi (0.0000),esqueçam (0.0000),sentam (0.0000)
14229,marra (0.0000),ressaca (0.0000),restrições (0.0000),esquentava (0.0000),desajeitada (0.0000)
14230,discriminadas (0.0000),dormindo (0.0000),desenvolver (0.0000),estarmos (0.0000),desajuste (0.0000)
14231,discriminações (0.0000),dorso (0.0000),desenvolvendo (0.0000),estaturas (0.0000),desalinho (0.0000)
14232,discursos (0.0000),doses (0.0000),desentendimentos (0.0000),entradas (0.0000),desamarrado (0.0000)
14233,discussão (0.0000),respondi (0.0000),desenrolarem (0.0000),estatística (0.0000),desana (0.0000)
14234,devolvendo (0.0000),responderei (0.0000),desestruturado (0.0000),estio (0.0000),desanimado (0.0000)
14235,devo (0.0000),resplendor (0.0000),restringir (0.0000),estimula (0.0000),desaparece (0.0000)
14236,deviam (0.0000),doíam (0.0000),descreva (0.0000),estilizados (0.0000),desaparecem (0.0000)
14237,desmintam (0.0000),drama (0.0000),restaurar (0.0000),estilizado (0.0000),desaparecendo (0.0000)
14238,desmistificar (0.0000),dramática (0.0000),desgraça (0.0000),estilizadas (0.0000),derrubando (0.0000)
14239,maya (0.0000),drasticamente (0.0000),desgastes (0.0000),esticam (0.0000),derrubada (0.0000)
14240,desnecessários (0.0000),dre (0.0000),resta (0.0000),esteticamente (0.0000),derrota (0.0000)
14241,desordem (0.0000),dominação (0.0000),desgastar (0.0000),estereotipia (0.0000),dependam (0.0000)
14242,despedida (0.0000),dominante (0.0000),restam (0.0000),estereotipações (0.0000),densas (0.0000)
14243,despeito (0.0000),domestico (0.0000),restaurante (0.0000),estereotipar (0.0000),denso (0.0000)
14244,santuário (0.0000),domesticado (0.0000),restava (0.0000),estereotipados (0.0000),serenos (0.0000)
14245,santas (0.0000),dobrar (0.0000),desfazer (0.0000),estereotipado (0.0000),denta (0.0000)
14246,despenteia (0.0000),dobras (0.0000),desfrutando (0.0000),estereotipada (0.0000),serenas (0.0000)
14247,despercebida (0.0000),dobro (0.0000),desfilava (0.0000),estendidos (0.0000),serenamente (0.0000)
14248,despercebidas (0.0000),dobrou (0.0000),desfiados (0.0000),estendiam (0.0000),dentista (0.0000)
14249,despercebidos (0.0000),doceira (0.0000),desfiadas (0.0000),estendendo (0.0000),sequela (0.0000)
14250,despertar (0.0000),ressignificado (0.0000),desfeitos (0.0000),estendem (0.0000),septum (0.0000)
14251,despigmentado (0.0000),documentário (0.0000),desfaziam (0.0000),esquentar (0.0000),denunciar (0.0000)
14252,despigmentados (0.0000),documentários (0.0000),desenrola (0.0000),esquentando (0.0000),denunciasse (0.0000)
14253,despintar (0.0000),doente (0.0000),resultados (0.0000),esquenta (0.0000),separo (0.0000)
14254,despojada (0.0000),doença (0.0000),desenhava (0.0000),esquema (0.0000),separe (0.0000)
14255,sangrar (0.0000),doenças (0.0000),descrita (0.0000),esporádica (0.0000),departamento (0.0000)
14256,despojados (0.0000),doer (0.0000),descuido (0.0000),esportivas (0.0000),separação (0.0000)
14257,desprende (0.0000),ressignificadas (0.0000),descuidar (0.0000),esportiva (0.0000),separadas (0.0000)
14258,despreocupada (0.0000),dogmática (0.0000),descuidado (0.0000),espontâneas (0.0000),dependem (0.0000)
14259,despretensiosamente (0.0000),doida (0.0000),descuidada (0.0000),espontânea (0.0000),separarei (0.0000)
14260,maus (0.0000),ressignificada (0.0000),resumidas (0.0000),espirituosos (0.0000),dependente (0.0000)
14261,pesco (0.0000),dolorido (0.0000),descritas (0.0000),espirituosa (0.0000),depender (0.0000)
14262,matéria (0.0000),dolorosas (0.0000),descrevia (0.0000),espiritualmente (0.0000),dependerão (0.0000)
14263,desprezo (0.0000),dolorosos (0.0000),desenharam (0.0000),espiritualidades (0.0000),depreciativo (0.0000)
14264,desproporcionalmente (0.0000),dom (0.0000),descreverem (0.0000),espirituais (0.0000),derivados (0.0000)
14265,desmistifica (0.0000),doma (0.0000),resumindo (0.0000),espiral (0.0000),derivar (0.0000)
14266,desmatar (0.0000),domada (0.0000),descrevendo (0.0000),espinhoso (0.0000),derme (0.0000)
14267,desrespeitados (0.0000),domado (0.0000),descrevem (0.0000),espinho (0.0000),derrama (0.0000)
14268,desmatamento (0.0000),domados (0.0000),descreve (0.0000),espinhaço (0.0000),derramado (0.0000)
14269,designs (0.0000),domando (0.0000),descrevam (0.0000),espinha (0.0000),derramava (0.0000)
14270,mecânica (0.0000),ressequido (0.0000),desculpa (0.0000),espingarda (0.0000),derretem (0.0000)
14271,saraus (0.0000),domestei (0.0000),desculpar (0.0000),espetáculo (0.0000),derreter (0.0000)
14272,pescado (0.0000),dreadlocks (0.0000),resumem (0.0000),esporádicas (0.0000),desaparecer (0.0000)
14273,desilusões (0.0000),respiravam (0.0000),resultou (0.0000),esporádicos (0.0000),desapego (0.0000)
14274,desinformação (0.0000),eleva (0.0000),desdobra (0.0000),esposo (0.0000),desconhecido (0.0000)
14275,sapucaí (0.0000),efusivo (0.0000),resultaria (0.0000),espírita (0.0000),descobertos (0.0000)
14276,sapucaia (0.0000),resistirem (0.0000),desdém (0.0000),esqueleto (0.0000),descoloridas (0.0000)
14277,desistimos (0.0000),econômicas (0.0000),deseja (0.0000),esquecê (0.0000),descolado (0.0000)
14278,mecha (0.0000),econômicos (0.0000),desembaraçando (0.0000),esquecimentos (0.0000),descobrirem (0.0000)
14279,desistiu (0.0000),ecossistema (0.0000),desempenadeira (0.0000),esquecimento (0.0000),descobrir (0.0000)
14280,sapos (0.0000),resistiram (0.0000),resultando (0.0000),esquecendo (0.0000),semeia (0.0000)
14281,deslavadas (0.0000),resistimos (0.0000),desencontros (0.0000),esquecemos (0.0000),descobre (0.0000)
14282,deslavado (0.0000),resistido (0.0000),desengonçado (0.0000),espíritos (0.0000),descobertas (0.0000)
14283,desleixada (0.0000),resistia (0.0000),desengonçados (0.0000),espremido (0.0000),desaprender (0.0000)
14284,sapeca (0.0000),educador (0.0000),desenhado (0.0000),espreguiçavam (0.0000),desciam (0.0000)
14285,desligado (0.0000),educadora (0.0000),desenhados (0.0000),espremida (0.0000),descer (0.0000)
14286,deslizava (0.0000),resista (0.0000),desenhando (0.0000),espremendo (0.0000),descente (0.0000)
14287,sapato (0.0000),eficazes (0.0000),desbravar (0.0000),espreme (0.0000),descendência (0.0000)
14288,deslizes (0.0000),eficiente (0.0000),desbravando (0.0000),espreitava (0.0000),descendo (0.0000)
14289,desloca (0.0000),efêmeras (0.0000),desbotou (0.0000),espreitando (0.0000),descendentes (0.0000)
14290,mbyá (0.0000),respirasse (0.0000),dentinhos (0.0000),espreita (0.0000),descoloridos (0.0000)
14291,desmanchados (0.0000),resignado (0.0000),denunciasse (0.0000),espreguiço (0.0000),descombinadas (0.0000)
14292,desmanchando (0.0000),eile (0.0000),revistas (0.0000),estivador (0.0000),descombinados (0.0000)
14293,desmanchar (0.0000),resignada (0.0000),revolucionária (0.0000),estoicismo (0.0000),descomplicada (0.0000)
14294,desmantelado (0.0000),resido (0.0000),revolução (0.0000),estrangeiro (0.0000),descompromisso (0.0000)
14295,desmatada (0.0000),residindo (0.0000),dentição (0.0000),etnicidade (0.0000),descomunal (0.0000)
14296,desrespeitada (0.0000),elba (0.0000),dentista (0.0000),evitam (0.0000),desconcertada (0.0000)
14297,desrespeitoso (0.0000),residem (0.0000),rezam (0.0000),evitadas (0.0000),desconcertado (0.0000)
14298,salientar (0.0000),elemento (0.0000),revisora (0.0000),evidenciariam (0.0000),desconcertante (0.0000)
14299,desviam (0.0000),eletrizante (0.0000),rezava (0.0000),evidenciado (0.0000),desconectada (0.0000)
14300,desvie (0.0000),resgate (0.0000),rezou (0.0000),eventualmente (0.0000),desconfiada (0.0000)
14301,desvincular (0.0000),eletrônicas (0.0000),reúno (0.0000),evento (0.0000),desconfiado (0.0000)
14302,desânimo (0.0000),eletrônico (0.0000),ri (0.0000),evasê (0.0000),desconfiados (0.0000)
14303,pesquei (0.0000),resgatar (0.0000),ria (0.0000),evasivo (0.0000),seleção (0.0000)
14304,pesquisa (0.0000),resistências (0.0000),denotasse (0.0000),evaristo (0.0000),desconforto (0.0000)
14305,detalhista (0.0000),ecológico (0.0000),revista (0.0000),evaporava (0.0000),desconfortáveis (0.0000)
14306,detentor (0.0000),ecologia (0.0000),deparo (0.0000),evangélico (0.0000),desconhecia (0.0000)
14307,detentora (0.0000),ecoe (0.0000),revele (0.0000),evangélica (0.0000),semelhança (0.0000)
14308,detentores (0.0000),duda (0.0000),dependeria (0.0000),evangelismo (0.0000),descascaram (0.0000)
14309,saltava (0.0000),dum (0.0000),derivar (0.0000),européias (0.0000),descascado (0.0000)
14310,salta (0.0000),respirarei (0.0000),revelem (0.0000),eurocêntricos (0.0000),desbotaram (0.0000)
14311,determinantes (0.0000),dupla (0.0000),reverencial (0.0000),eulália (0.0000),desaprendido (0.0000)
14312,determinasse (0.0000),duplamente (0.0000),der (0.0000),eucalipto (0.0000),desapropriação (0.0000)
14313,detesto (0.0000),respirando (0.0000),depósito (0.0000),evitando (0.0000),desarmando (0.0000)
14314,deturpada (0.0000),duradoura (0.0000),depreciativo (0.0000),evitei (0.0000),senta (0.0000)
14315,detém (0.0000),duradouros (0.0000),revirava (0.0000),evito (0.0000),desastrada (0.0000)
14316,salivar (0.0000),respeitosos (0.0000),departamento (0.0000),exatidão (0.0000),desastradas (0.0000)
14317,materno (0.0000),respeitava (0.0000),dependentes (0.0000),excelente (0.0000),desatar (0.0000)
14318,deuses (0.0000),durinho (0.0000),dependente (0.0000),exaustão (0.0000),desatentos (0.0000)
14319,salitre (0.0000),duros (0.0000),revisado (0.0000),exausto (0.0000),desavisados (0.0000)
14320,devagarinho (0.0000),duráveis (0.0000),dependem (0.0000),exaustivas (0.0000),desbota (0.0000)
14321,devastada (0.0000),durável (0.0000),reviso (0.0000),exaustiva (0.0000),sensíveis (0.0000)
14322,devastadas (0.0000),durão (0.0000),dependam (0.0000),exausta (0.0000),sensual (0.0000)
14323,pesquisar (0.0000),respeitamos (0.0000),denotariam (0.0000),exato (0.0000),desbotam (0.0000)
14324,devastação (0.0000),dádivas (0.0000),denotaria (0.0000),examina (0.0000),desbotar (0.0000)
14325,pessimista (0.0000),respeitados (0.0000),ribeirinho (0.0000),evocar (0.0000),desbotava (0.0000)
14326,deveriam (0.0000),respeitadas (0.0000),demandar (0.0000),exalou (0.0000),descascadas (0.0000)
14327,desviar (0.0000),dócil (0.0000),demonstrado (0.0000),exalava (0.0000),desbotoou (0.0000)
14328,desvendo (0.0000),resolvido (0.0000),rigorosa (0.0000),exagero (0.0000),desbotou (0.0000)
14329,dessana (0.0000),ecletismo (0.0000),demográfico (0.0000),exagerado (0.0000),desbravar (0.0000)
14330,desvendando (0.0000),resolvem (0.0000),demográfica (0.0000),exacerbado (0.0000),descabido (0.0000)
14331,sambas (0.0000),resolve (0.0000),rija (0.0000),evoluir (0.0000),descalças (0.0000)
14332,sambar (0.0000),ecoante (0.0000),demandasse (0.0000),evolui (0.0000),senis (0.0000)
14333,samaúma (0.0000),ecoará (0.0000),rima (0.0000),etnicorracial (0.0000),semiárido (0.0000)
14334,salões (0.0000),ecobag (0.0000),ribeirinhos (0.0000),esvoaçavam (0.0000),descalçosa (0.0000)
14335,destacada (0.0000),desenhado (0.0000),delícias (0.0000),estrangeiros (0.0000),semiárida (0.0000)
14336,matutino (0.0000),rolou (0.0000),delxs (0.0000),esvoaçava (0.0000),descansando (0.0000)
14337,matutinas (0.0000),desenha (0.0000),delu (0.0000),estritamente (0.0000),semipreciosas (0.0000)
14338,destaco (0.0000),seguiam (0.0000),delles (0.0000),estresso (0.0000),semi (0.0000)
14339,pese (0.0000),curcuma (0.0000),delineados (0.0000),estressante (0.0000),sementinhas (0.0000)
14340,destaques (0.0000),seguiram (0.0000),delineador (0.0000),estrelato (0.0000),descascada (0.0000)
14341,matriz (0.0000),seguinte (0.0000),demonstrados (0.0000),estrelados (0.0000),densa (0.0000)
14342,destes (0.0000),seguimos (0.0000),rigores (0.0000),estreitos (0.0000),denotem (0.0000)
14343,salva (0.0000),seguido (0.0000),rigo (0.0000),estreito (0.0000),seres (0.0000)
14344,destinos (0.0000),curral (0.0000),rigidez (0.0000),estreitas (0.0000),dedicou (0.0000)
14345,destoam (0.0000),curriculares (0.0000),riem (0.0000),estreitam (0.0000),shirts (0.0000)
14346,destoante (0.0000),curro (0.0000),ridículo (0.0000),estreita (0.0000),defeito (0.0000)
14347,destranca (0.0000),seguidas (0.0000),ricardo (0.0000),estratégico (0.0000),deem (0.0000)
14348,saltos (0.0000),cursiva (0.0000),demonstrações (0.0000),estratégicas (0.0000),shoppings (0.0000)
14349,destroem (0.0000),cursivo (0.0000),demonstre (0.0000),estratégicamente (0.0000),shorts (0.0000)
14350,destruindo (0.0000),seguida (0.0000),demoram (0.0000),estratégica (0.0000),dedilharem (0.0000)
14351,destruir (0.0000),cursos (0.0000),demore (0.0000),estranhem (0.0000),siamesa (0.0000)
14352,destruição (0.0000),seguia (0.0000),demorei (0.0000),estranhas (0.0000),sergipe (0.0000)
14353,destruída (0.0000),curativos (0.0000),demorem (0.0000),estranharem (0.0000),siamesas (0.0000)
14354,destrói (0.0000),curte (0.0000),demoro (0.0000),estritos (0.0000),siameses (0.0000)
14355,pesos (0.0000),curtinho (0.0000),demorou (0.0000),estruturadas (0.0000),siamês (0.0000)
14356,matogrossense (0.0000),curtinhos (0.0000),dendê (0.0000),estruturados (0.0000),dedicadas (0.0000)
14357,desvendados (0.0000),sedenta (0.0000),ribeirão (0.0000),estéticos (0.0000),sibilantes (0.0000)
14358,denso (0.0000),curumim (0.0000),derme (0.0000),esverdeando (0.0000),siga (0.0000)
14359,densa (0.0000),curupira (0.0000),revelações (0.0000),esverdeados (0.0000),defendam (0.0000)
14360,esvaziada (0.0000),cururu (0.0000),desbotoou (0.0000),esverdeada (0.0000),shiitake (0.0000)
14361,sinuoso (0.0000),secretos (0.0000),desapego (0.0000),esvaziada (0.0000),defendemos (0.0000)
14362,sistema (0.0000),curvadas (0.0000),desarmando (0.0000),esvaindo (0.0000),she (0.0000)
14363,crioulo (0.0000),secretas (0.0000),desarma (0.0000),estúdio (0.0000),defenderam (0.0000)
14364,cristal (0.0000),curvam (0.0000),reumatismo (0.0000),estômago (0.0000),defendo (0.0000)
14365,milagroso (0.0000),curvar (0.0000),reunia (0.0000),estéril (0.0000),defendê (0.0000)
14366,cristalinos (0.0000),curvava (0.0000),desaprender (0.0000),estruturas (0.0000),defensiva (0.0000)
14367,cristalizado (0.0000),curavam (0.0000),desaprendendo (0.0000),estável (0.0000),defensor (0.0000)
14368,cristalizar (0.0000),curativas (0.0000),desapareciam (0.0000),estático (0.0000),sexual (0.0000)
14369,cristianismo (0.0000),decora (0.0000),desarruma (0.0000),estádio (0.0000),definam (0.0000)
14370,cristã (0.0000),cumprido (0.0000),desaparecer (0.0000),estudo (0.0000),sexta (0.0000)
14371,cristãs (0.0000),cultivados (0.0000),reunidos (0.0000),estudarem (0.0000),definhar (0.0000)
14372,perolado (0.0000),cultivam (0.0000),desaparece (0.0000),estudado (0.0000),severo (0.0000)
14373,sinuosos (0.0000),cultivamos (0.0000),desanimado (0.0000),estuda (0.0000),severino (0.0000)
14374,miguel (0.0000),seiva (0.0000),reunir (0.0000),espessura (0.0000),definidora (0.0000)
14375,sinuosa (0.0000),cultivavam (0.0000),desamarrado (0.0000),espertos (0.0000),definindo (0.0000)
14376,sobrenatural (0.0000),cultivos (0.0000),desarmar (0.0000),esperto (0.0000),decote (0.0000)
14377,cruciais (0.0000),segurou (0.0000),desarrumar (0.0000),equidade (0.0000),decorrer (0.0000)
14378,sintético (0.0000),seguras (0.0000),derramava (0.0000),erro (0.0000),decoração (0.0000)
14379,sintonia (0.0000),segundos (0.0000),retribui (0.0000),erram (0.0000),decentemente (0.0000)
14380,cruza (0.0000),seguirá (0.0000),desbotava (0.0000),erradas (0.0000),silvo (0.0000)
14381,cruzando (0.0000),cumpre (0.0000),desbotaram (0.0000),errada (0.0000),silvestre (0.0000)
14382,migração (0.0000),seguiremos (0.0000),desbotar (0.0000),eriçados (0.0000),silhuetas (0.0000)
14383,migraram (0.0000),cumprida (0.0000),desbotam (0.0000),eriçado (0.0000),silentes (0.0000)
14384,cruzava (0.0000),cumprimenta (0.0000),retraída (0.0000),ergueu (0.0000),dariam (0.0000)
14385,cruzeiro (0.0000),curar (0.0000),retraído (0.0000),ergueram (0.0000),silenciaram (0.0000)
14386,cruzou (0.0000),cumprimentava (0.0000),retrocesso (0.0000),erguer (0.0000),silencia (0.0000)
14387,sintam (0.0000),cumprimentavam (0.0000),desastrada (0.0000),erguendo (0.0000),davam (0.0000)
14388,crédito (0.0000),seguirei (0.0000),desbota (0.0000),ergue (0.0000),davi (0.0000)
14389,sinos (0.0000),cumprindo (0.0000),desavisados (0.0000),equivocada (0.0000),davina (0.0000)
14390,sistemas (0.0000),cupuaçu (0.0000),desatinos (0.0000),equipe (0.0000),debatendo (0.0000)
14391,crina (0.0000),cura (0.0000),retêm (0.0000),equipamentos (0.0000),significava (0.0000)
14392,crimes (0.0000),curadores (0.0000),desatar (0.0000),equilibravam (0.0000),debatida (0.0000)
14393,sisudo (0.0000),curam (0.0000),desastradas (0.0000),equilibrava (0.0000),decente (0.0000)
14394,crespa (0.0000),curandeira (0.0000),desalinho (0.0000),equilibrar (0.0000),decepcionar (0.0000)
14395,crespas (0.0000),curandeiras (0.0000),desalinhados (0.0000),erroneamente (0.0000),decoram (0.0000)
14396,sobram (0.0000),curandeiro (0.0000),desajuste (0.0000),erva (0.0000),decepção (0.0000)
14397,sobral (0.0000),curandeiros (0.0000),derrubar (0.0000),esbarra (0.0000),decidi (0.0000)
14398,cresça (0.0000),curando (0.0000),desabrochava (0.0000),escapada (0.0000),decidir (0.0000)
14399,cresçam (0.0000),curvavam (0.0000),desabrochando (0.0000),escasso (0.0000),decidirem (0.0000)
14400,sobradinho (0.0000),curve (0.0000),reveladoras (0.0000),escassas (0.0000),decido (0.0000)
14401,militante (0.0000),curvilíneo (0.0000),desabotoados (0.0000),escapou (0.0000),decifrando (0.0000)
14402,criadas (0.0000),dariam (0.0000),desabafar (0.0000),escapiava (0.0000),decifrarem (0.0000)
14403,soberania (0.0000),dancem (0.0000),derrubá (0.0000),escapavam (0.0000),decifrou (0.0000)
14404,criados (0.0000),dandara (0.0000),revelasse (0.0000),escapamento (0.0000),decisões (0.0000)
14405,sobem (0.0000),daniel (0.0000),reunião (0.0000),escapadas (0.0000),significam (0.0000)
14406,criamos (0.0000),danos (0.0000),revelassem (0.0000),escancarado (0.0000),declare (0.0000)
14407,criancinha (0.0000),savana (0.0000),derrotas (0.0000),esbarrava (0.0000),decomposição (0.0000)
14408,criancinhas (0.0000),dançamos (0.0000),derretida (0.0000),escaldar (0.0000),decora (0.0000)
14409,sobe (0.0000),dançaram (0.0000),derretem (0.0000),escalava (0.0000),decorados (0.0000)
14410,soavam (0.0000),dançava (0.0000),derrete (0.0000),escala (0.0000),definisse (0.0000)
14411,militando (0.0000),danço (0.0000),derramei (0.0000),esbranquiçado (0.0000),definitiva (0.0000)
14412,milhões (0.0000),dançou (0.0000),desabrochavam (0.0000),esboçado (0.0000),definiu (0.0000)
14413,slam (0.0000),satisfações (0.0000),revelado (0.0000),esbelta (0.0000),demonstrasse (0.0000)
14414,criativamente (0.0000),sarongue (0.0000),desafiaba (0.0000),esbarro (0.0000),delineado (0.0000)
14415,criativas (0.0000),darem (0.0000),desafiada (0.0000),equilibram (0.0000),delineador (0.0000)
14416,criatix (0.0000),sarjeta (0.0000),desafiador (0.0000),equestres (0.0000),delineados (0.0000)
14417,criatura (0.0000),cuscuz (0.0000),reveladas (0.0000),esclarece (0.0000),delineando (0.0000)
14418,criaturas (0.0000),sardinha (0.0000),desafiadoras (0.0000),enxuta (0.0000),delles (0.0000)
14419,skate (0.0000),debatendo (0.0000),revelada (0.0000),entretenimento (0.0000),delxs (0.0000)
14420,criavam (0.0000),debater (0.0000),desafiante (0.0000),entretanto (0.0000),serpenteiam (0.0000)
14421,singularidades (0.0000),debatida (0.0000),desafiavam (0.0000),entremear (0.0000),demandasse (0.0000)
14422,críticos (0.0000),decepção (0.0000),desafiem (0.0000),entremeando (0.0000),demarcação (0.0000)
14423,cubatão (0.0000),saquinho (0.0000),desafiou (0.0000),entrelinhas (0.0000),demográfica (0.0000)
14424,culminou (0.0000),sapucaí (0.0000),desaforo (0.0000),entrelaço (0.0000),demográfico (0.0000)
14425,culpe (0.0000),sapucaia (0.0000),desaforos (0.0000),entrelaçar (0.0000),serpenteavam (0.0000)
14426,culta (0.0000),decidiu (0.0000),desaguando (0.0000),entrelaçamento (0.0000),demonstrados (0.0000)
14427,mexiam (0.0000),decido (0.0000),desajeitada (0.0000),entrelaçados (0.0000),demonstrar (0.0000)
14428,simbolismos (0.0000),sapos (0.0000),desajeitadas (0.0000),entrei (0.0000),serpente (0.0000)
14429,mexia (0.0000),decifrou (0.0000),desgrenhada (0.0000),entregava (0.0000),serranas (0.0000)
14430,cultivados (0.0000),declare (0.0000),desgrudo (0.0000),entregar (0.0000),sermão (0.0000)
14431,mexeu (0.0000),danada (0.0000),remetiam (0.0000),entrecortada (0.0000),demonstrações (0.0000)
14432,mexeriam (0.0000),dan (0.0000),disciplinado (0.0000),entrava (0.0000),demonstre (0.0000)
14433,silvo (0.0000),damião (0.0000),repensar (0.0000),entrar (0.0000),demoram (0.0000)
14434,mexendo (0.0000),dali (0.0000),discriminadas (0.0000),entranhado (0.0000),demore (0.0000)
14435,cultivavam (0.0000),custo (0.0000),repentina (0.0000),entranhada (0.0000),demorem (0.0000)
14436,cultivos (0.0000),customizado (0.0000),repentistas (0.0000),entusiasma (0.0000),demoro (0.0000)
14437,culto (0.0000),customizados (0.0000),discos (0.0000),envelhecer (0.0000),demorou (0.0000)
14438,silhuetas (0.0000),customizar (0.0000),discordando (0.0000),envelhecidos (0.0000),sermos (0.0000)
14439,silentes (0.0000),customização (0.0000),disciplina (0.0000),envolva (0.0000),seringueiro (0.0000)
14440,cumplicidade (0.0000),cuícas (0.0000),discurso (0.0000),enxerga (0.0000),seringueiras (0.0000)
14441,cumpre (0.0000),cyberpunk (0.0000),discernimento (0.0000),envolvimento (0.0000),seringueira (0.0000)
14442,perpetua (0.0000),secado (0.0000),dirijo (0.0000),envolvido (0.0000),denotaria (0.0000)
14443,metálico (0.0000),cálculo (0.0000),repetidamente (0.0000),envolvidas (0.0000),denotasse (0.0000)
14444,cumprimentavam (0.0000),cálido (0.0000),diriam (0.0000),envolveu (0.0000),serrana (0.0000)
14445,cumprimento (0.0000),sebos (0.0000),diria (0.0000),envolventes (0.0000),deliciosamente (0.0000)
14446,cumprindo (0.0000),cânions (0.0000),diretor (0.0000),envolvendo (0.0000),setores (0.0000)
14447,metrópoles (0.0000),cânones (0.0000),discriminações (0.0000),envolto (0.0000),deixara (0.0000)
14448,curado (0.0000),cântaros (0.0000),repelir (0.0000),envenena (0.0000),setor (0.0000)
14449,curadores (0.0000),cânticos (0.0000),diretas (0.0000),envolta (0.0000),defumada (0.0000)
14450,curam (0.0000),célula (0.0000),disfarçada (0.0000),envergonhei (0.0000),defumação (0.0000)
14451,curandeira (0.0000),science (0.0000),disforia (0.0000),envergonhado (0.0000),defunto (0.0000)
14452,simbolizam (0.0000),cícero (0.0000),disfarçá (0.0000),envergonhada (0.0000),degradação (0.0000)
14453,simbolizando (0.0000),cíclica (0.0000),disfarçar (0.0000),envergonha (0.0000),degradê (0.0000)
14454,cubo (0.0000),saíra (0.0000),disfarçados (0.0000),envergada (0.0000),deitar (0.0000)
14455,simbologias (0.0000),cúmplice (0.0000),disfarçado (0.0000),envenenam (0.0000),sessões (0.0000)
14456,migrar (0.0000),cúmplices (0.0000),disfarçadas (0.0000),escassos (0.0000),deixada (0.0000)
14457,singela (0.0000),saída (0.0000),discuto (0.0000),esclarecimentos (0.0000),deixadas (0.0000)
14458,sincrética (0.0000),saíam (0.0000),discussão (0.0000),esperta (0.0000),deixado (0.0000)
14459,migalhas (0.0000),dados (0.0000),discutir (0.0000),esfria (0.0000),deixados (0.0000)
14460,sincretismo (0.0000),dai (0.0000),discutindo (0.0000),esparramado (0.0000),sessentão (0.0000)
14461,sinceramente (0.0000),daiane (0.0000),discutem (0.0000),espantar (0.0000),serviu (0.0000)
14462,simétricos (0.0000),cultivado (0.0000),discute (0.0000),espanta (0.0000),deixaremos (0.0000)
14463,simultânea (0.0000),culta (0.0000),discuta (0.0000),espanhol (0.0000),serraria (0.0000)
14464,cuidadora (0.0000),culpe (0.0000),discussões (0.0000),espalhou (0.0000),deixariam (0.0000)
14465,simplório (0.0000),crepitando (0.0000),repetindo (0.0000),espalhavam (0.0000),deixará (0.0000)
14466,migalha (0.0000),crateús (0.0000),direta (0.0000),espalharam (0.0000),servir (0.0000)
14467,simplificações (0.0000),sereia (0.0000),designers (0.0000),espalhado (0.0000),servindo (0.0000)
14468,cuidadosas (0.0000),cravada (0.0000),digitam (0.0000),espacinho (0.0000),servidor (0.0000)
14469,micro (0.0000),cravado (0.0000),representado (0.0000),esmeraldas (0.0000),servido (0.0000)
14470,mi (0.0000),cravando (0.0000),dignificar (0.0000),esmagada (0.0000),serviam (0.0000)
14471,cuidamos (0.0000),cravar (0.0000),representasse (0.0000),esmaga (0.0000),del (0.0000)
14472,simplificar (0.0000),cravejados (0.0000),dignifica (0.0000),esmaecidos (0.0000),delatam (0.0000)
14473,mg (0.0000),cravejando (0.0000),representassem (0.0000),esgueira (0.0000),deleite (0.0000)
14474,simplificada (0.0000),sequelas (0.0000),digitava (0.0000),esgravata (0.0000),delgada (0.0000)
14475,meço (0.0000),creme (0.0000),diga (0.0000),esgotá (0.0000),sertões (0.0000)
14476,cuidavam (0.0000),sequela (0.0000),dilema (0.0000),esgotado (0.0000),sertanejas (0.0000)
14477,similares (0.0000),cremoso (0.0000),representem (0.0000),esparsa (0.0000),serras (0.0000)
14478,cuidou (0.0000),crendices (0.0000),dificulte (0.0000),esparsas (0.0000),desconhecida (0.0000)
14479,similar (0.0000),crepitantes (0.0000),representá (0.0000),espartilho (0.0000),desconhecidos (0.0000)
14480,cujas (0.0000),cresçam (0.0000),reproduzindo (0.0000),especulativa (0.0000),discutindo (0.0000)
14481,simbólicos (0.0000),crepuscular (0.0000),reprodução (0.0000),esperavam (0.0000),deusa (0.0000)
14482,cujos (0.0000),crepúsculo (0.0000),repórter (0.0000),esperançosa (0.0000),devastação (0.0000)
14483,sobrava (0.0000),separo (0.0000),representada (0.0000),espelhos (0.0000),devastadora (0.0000)
14484,sobrenome (0.0000),crescemos (0.0000),diluída (0.0000),espelhava (0.0000),devastadas (0.0000)
14485,denotem (0.0000),separarei (0.0000),repetir (0.0000),espelhando (0.0000),devastada (0.0000)
14486,costumeiro (0.0000),crescera (0.0000),dinheirinho (0.0000),espelham (0.0000),devagarinho (0.0000)
14487,cosmogonia (0.0000),separar (0.0000),repicado (0.0000),especulações (0.0000),deuses (0.0000)
14488,cosmopolita (0.0000),cresciam (0.0000),replicar (0.0000),espectros (0.0000),sardento (0.0000)
14489,cosmopolitas (0.0000),separado (0.0000),diploma (0.0000),especialidade (0.0000),sapateiro (0.0000)
14490,cosmos (0.0000),separadas (0.0000),dinâmicas (0.0000),especificidade (0.0000),detém (0.0000)
14491,cosmovisão (0.0000),separa (0.0000),dinâmica (0.0000),especificação (0.0000),detesto (0.0000)
14492,cosméticos (0.0000),crespa (0.0000),dinossauro (0.0000),especificar (0.0000),sarjeta (0.0000)
14493,permitiam (0.0000),crespas (0.0000),dinamismo (0.0000),especiarias (0.0000),determinantes (0.0000)
14494,costeira (0.0000),craquelou (0.0000),diluído (0.0000),especiaria (0.0000),determinados (0.0000)
14495,costela (0.0000),craquelava (0.0000),diminuíam (0.0000),especialização (0.0000),sarongue (0.0000)
14496,sociologia (0.0000),craquelando (0.0000),movessem (0.0000),especialista (0.0000),devemos (0.0000)
14497,socioeconômicos (0.0000),craquelam (0.0000),repreender (0.0000),esgarçada (0.0000),dever (0.0000)
14498,socioeconômico (0.0000),costuro (0.0000),repreendeu (0.0000),esfrega (0.0000),saquinho (0.0000)
14499,minimalismo (0.0000),cotações (0.0000),represa (0.0000),escolar (0.0000),deviam (0.0000)
14500,socioeconômica (0.0000),cotidianamente (0.0000),diluíram (0.0000),esforçar (0.0000),devo (0.0000)
14501,crescidas (0.0000),cotidianas (0.0000),dispensa (0.0000),escreve (0.0000),devolvendo (0.0000)
14502,sociocultural (0.0000),seringueiras (0.0000),dispenso (0.0000),escreva (0.0000),devorada (0.0000)
14503,socialmente (0.0000),cotidianos (0.0000),displicente (0.0000),escravos (0.0000),devorando (0.0000)
14504,costurado (0.0000),seringueira (0.0000),renascidas (0.0000),escravidão (0.0000),devota (0.0000)
14505,sociabilidade (0.0000),sergipe (0.0000),dividi (0.0000),escovação (0.0000),devotada (0.0000)
14506,sobrou (0.0000),seres (0.0000),divertir (0.0000),escovas (0.0000),sapucaia (0.0000)
14507,costuraram (0.0000),serenos (0.0000),divertido (0.0000),escorrido (0.0000),dezoito (0.0000)
14508,costuras (0.0000),covinha (0.0000),divertida (0.0000),escondo (0.0000),sapeca (0.0000)
14509,costureiras (0.0000),covinhas (0.0000),diverte (0.0000),escondidos (0.0000),dialecto (0.0000)
14510,sobrinha (0.0000),coxas (0.0000),diversão (0.0000),escondidas (0.0000),sapatos (0.0000)
14511,costurou (0.0000),coxilha (0.0000),diversificado (0.0000),escondi (0.0000),dialetos (0.0000)
14512,miniatura (0.0000),coxinha (0.0000),dividido (0.0000),escondendo (0.0000),dialogar (0.0000)
14513,cotidianamente (0.0000),cozemos (0.0000),rende (0.0000),esconda (0.0000),satisfatórios (0.0000)
14514,cotidianas (0.0000),serenamente (0.0000),rendeiras (0.0000),escolheu (0.0000),detentores (0.0000)
14515,soe (0.0000),cozinham (0.0000),rendem (0.0000),escolheram (0.0000),detentora (0.0000)
14516,cortês (0.0000),cozinhando (0.0000),renderam (0.0000),escolaridade (0.0000),destruir (0.0000)
14517,sofia (0.0000),cozinharam (0.0000),divergências (0.0000),escolares (0.0000),destacada (0.0000)
14518,minimamente (0.0000),cozinheiras (0.0000),divergem (0.0000),escrevem (0.0000),saídas (0.0000)
14519,correrias (0.0000),cozinho (0.0000),dividida (0.0000),escreveram (0.0000),saída (0.0000)
14520,minuciosos (0.0000),craque (0.0000),dividindo (0.0000),escreveria (0.0000),saíam (0.0000)
14521,correto (0.0000),craquela (0.0000),disponíveis (0.0000),escurinho (0.0000),destaco (0.0000)
14522,corretora (0.0000),craquelada (0.0000),renascem (0.0000),esforçando (0.0000),destaques (0.0000)
14523,corretos (0.0000),craquelado (0.0000),remexia (0.0000),esforçada (0.0000),destemida (0.0000)
14524,correu (0.0000),craquelados (0.0000),remo (0.0000),esforce (0.0000),saía (0.0000)
14525,sofremos (0.0000),cresça (0.0000),diálogos (0.0000),esferográfica (0.0000),destinos (0.0000)
14526,sofrem (0.0000),sentiram (0.0000),remoto (0.0000),esferas (0.0000),destoam (0.0000)
14527,sofra (0.0000),culpado (0.0000),removi (0.0000),esfarrapada (0.0000),destoante (0.0000)
14528,corridos (0.0000),cuidadosas (0.0000),dizerem (0.0000),escutamos (0.0000),destranca (0.0000)
14529,minuciosas (0.0000),crédito (0.0000),dizendo (0.0000),escurecer (0.0000),destroem (0.0000)
14530,minuciosa (0.0000),semiárida (0.0000),divina (0.0000),escrevê (0.0000),destruindo (0.0000)
14531,corrigindo (0.0000),semipreciosas (0.0000),divulgação (0.0000),esculturas (0.0000),destruição (0.0000)
14532,corrigir (0.0000),críticos (0.0000),divorciado (0.0000),esculpo (0.0000),detentor (0.0000)
14533,corrijo (0.0000),cubatão (0.0000),divorciada (0.0000),esculpira (0.0000),destruída (0.0000)
14534,corriqueiro (0.0000),cuia (0.0000),divirto (0.0000),esculpia (0.0000),destrói (0.0000)
14535,sofisticados (0.0000),cuiabana (0.0000),divino (0.0000),escritura (0.0000),desvalorizado (0.0000)
14536,cortada (0.0000),cuiabano (0.0000),divindades (0.0000),escritos (0.0000),desvendada (0.0000)
14537,permitia (0.0000),cuiabanos (0.0000),divagante (0.0000),escritor (0.0000),savana (0.0000)
14538,sofisticadas (0.0000),semelhança (0.0000),ditongos (0.0000),hilda (0.0000),desvendo (0.0000)
14539,cortam (0.0000),semeia (0.0000),rendeu (0.0000),hilárias (0.0000),desviam (0.0000)
14540,cortando (0.0000),cuidadora (0.0000),disseram (0.0000),novamente (0.0000),desviar (0.0000)
14541,cortante (0.0000),semear (0.0000),renunciar (0.0000),manipulavam (0.0000),desvie (0.0000)
14542,cortar (0.0000),cuidadosos (0.0000),repaginado (0.0000),manipular (0.0000),desvincular (0.0000)
14543,ministério (0.0000),sentimos (0.0000),distancie (0.0000),manipula (0.0000),saudosa (0.0000)
14544,sofisticada (0.0000),cuidam (0.0000),dissonância (0.0000),manifestou (0.0000),detalhar (0.0000)
14545,cortei (0.0000),cuidamos (0.0000),dissipando (0.0000),manifeste (0.0000),saudades (0.0000)
14546,sobrevoando (0.0000),selo (0.0000),dissipam (0.0000),manifestações (0.0000),detalhista (0.0000)
14547,sobrevoam (0.0000),seleção (0.0000),reparação (0.0000),manifestação (0.0000),sapato (0.0000)
14548,sobrevoa (0.0000),cuidaram (0.0000),ditadura (0.0000),manifestavam (0.0000),santista (0.0000)
14549,craquelou (0.0000),cuidava (0.0000),disputam (0.0000),manifestava (0.0000),desconsiderar (0.0000)
14550,crato (0.0000),cuidavam (0.0000),reparo (0.0000),manifestar (0.0000),saltava (0.0000)
14551,permitisse (0.0000),seletivamente (0.0000),reparos (0.0000),manifestando (0.0000),diria (0.0000)
14552,cravam (0.0000),cuidou (0.0000),disposto (0.0000),manifestadas (0.0000),direções (0.0000)
14553,cravando (0.0000),cujas (0.0000),disposta (0.0000),manifestada (0.0000),direção (0.0000)
14554,cravaram (0.0000),cujos (0.0000),disposição (0.0000),manhoso (0.0000),diretor (0.0000)
14555,cravejada (0.0000),selecionado (0.0000),distintiva (0.0000),mangás (0.0000),diretas (0.0000)
14556,permitiu (0.0000),selecionadas (0.0000),distintivas (0.0000),mangá (0.0000),salta (0.0000)
14557,sobrevivendo (0.0000),cruéis (0.0000),distintivos (0.0000),manguezal (0.0000),direitinho (0.0000)
14558,sobreviva (0.0000),cruzou (0.0000),renovada (0.0000),mangabas (0.0000),diarista (0.0000)
14559,sobressaltos (0.0000),cruzasse (0.0000),distorcer (0.0000),manipulava (0.0000),salto (0.0000)
14560,cremes (0.0000),cruzaram (0.0000),distorcidas (0.0000),manipulação (0.0000),direi (0.0000)
14561,cremoso (0.0000),criamos (0.0000),distraído (0.0000),mera (0.0000),diploma (0.0000)
14562,mimava (0.0000),criancinha (0.0000),distribua (0.0000),maniçoba (0.0000),dinâmicas (0.0000)
14563,sobrepõem (0.0000),criancinhas (0.0000),distribuiu (0.0000),manutenção (0.0000),dinâmica (0.0000)
14564,sobrepõe (0.0000),criançada (0.0000),distribuídos (0.0000),manuss (0.0000),dinossauro (0.0000)
14565,crepitantes (0.0000),sentidas (0.0000),distrito (0.0000),manuseia (0.0000),diriam (0.0000)
14566,crepitar (0.0000),sentida (0.0000),renomada (0.0000),manuseando (0.0000),dirige (0.0000)
14567,crepúsculo (0.0000),sentavam (0.0000),distâncias (0.0000),manualmente (0.0000),dirigia (0.0000)
14568,crescem (0.0000),criativamente (0.0000),distópica (0.0000),mantê (0.0000),disciplina (0.0000)
14569,militar (0.0000),sentam (0.0000),rendia (0.0000),mantive (0.0000),disciplinado (0.0000)
14570,sobrepostos (0.0000),criatix (0.0000),ditado (0.0000),mantido (0.0000),discordando (0.0000)
14571,sobrepostas (0.0000),criavam (0.0000),ditados (0.0000),mantenha (0.0000),discos (0.0000)
14572,crescera (0.0000),criem (0.0000),diferenciava (0.0000),mantemos (0.0000),salpicavam (0.0000)
14573,cresceram (0.0000),crimes (0.0000),requinte (0.0000),mantem (0.0000),salpicava (0.0000)
14574,sobrepondo (0.0000),crina (0.0000),diferenciados (0.0000),mantas (0.0000),salpicar (0.0000)
14575,sobrepeso (0.0000),crioulo (0.0000),despontando (0.0000),manta (0.0000),discriminações (0.0000)
14576,sobrenomes (0.0000),cristalinas (0.0000),respostas (0.0000),mansamente (0.0000),discrição (0.0000)
14577,crateús (0.0000),cristalinos (0.0000),despretensiosas (0.0000),manquejo (0.0000),discursos (0.0000)
14578,craquelava (0.0000),cristalizado (0.0000),despretensiosamente (0.0000),manquejar (0.0000),salpica (0.0000)
14579,coube (0.0000),cristalizar (0.0000),despretensiosa (0.0000),manjericão (0.0000),discuta (0.0000)
14580,mineirinho (0.0000),cristianismo (0.0000),despreocupada (0.0000),manezinha (0.0000),discute (0.0000)
14581,couberam (0.0000),cristã (0.0000),desprende (0.0000),manejavam (0.0000),discutem (0.0000)
14582,coubesse (0.0000),cristão (0.0000),despojados (0.0000),manejado (0.0000),dinheirinho (0.0000)
14583,country (0.0000),crocante (0.0000),despretensão (0.0000),maneja (0.0000),diminuírem (0.0000)
14584,sobrevivências (0.0000),sensualidade (0.0000),despojadas (0.0000),maldita (0.0000),diminuíam (0.0000)
14585,sobrevivia (0.0000),cruciais (0.0000),despintar (0.0000),maldade (0.0000),samaúma (0.0000)
14586,minguava (0.0000),sensual (0.0000),despigmentados (0.0000),malaguetas (0.0000),santas (0.0000)
14587,covinhas (0.0000),cruzando (0.0000),despigmentado (0.0000),malagueta (0.0000),dicotomia (0.0000)
14588,coxas (0.0000),decomposição (0.0000),despertar (0.0000),mala (0.0000),didi (0.0000)
14589,coxear (0.0000),decorada (0.0000),despercebido (0.0000),majoritariamente (0.0000),santarém (0.0000)
14590,minguar (0.0000),desencontros (0.0000),despretensiosos (0.0000),magérrimas (0.0000),diferencia (0.0000)
14591,coxilhas (0.0000),rugosidade (0.0000),resposta (0.0000),magrinho (0.0000),diferenciados (0.0000)
14592,coxinha (0.0000),desaparecer (0.0000),destranca (0.0000),magricela (0.0000),santa (0.0000)
14593,cozemos (0.0000),desapareciam (0.0000),respeitaram (0.0000),magras (0.0000),diferenciava (0.0000)
14594,cozida (0.0000),ruidosas (0.0000),destoam (0.0000),maduros (0.0000),sangrar (0.0000)
14595,sobreviverão (0.0000),desaprendendo (0.0000),destinos (0.0000),madureira (0.0000),sanfona (0.0000)
14596,sobreviventes (0.0000),desaprendido (0.0000),destemida (0.0000),madeireiros (0.0000),samurais (0.0000)
14597,mingau (0.0000),desapropriação (0.0000),destaques (0.0000),madeireiras (0.0000),samurai (0.0000)
14598,cozinhava (0.0000),desarmando (0.0000),destaque (0.0000),madeiras (0.0000),dificulte (0.0000)
14599,mineração (0.0000),desarmar (0.0000),destaco (0.0000),macramê (0.0000),difusa (0.0000)
14600,cozinheiras (0.0000),desarrumar (0.0000),respeitosos (0.0000),macios (0.0000),salões (0.0000)
14601,mineirês (0.0000),desastrada (0.0000),desproporcionalmente (0.0000),maldormidas (0.0000),diminuía (0.0000)
14602,permitiram (0.0000),desastradas (0.0000),respeitável (0.0000),males (0.0000),digitam (0.0000)
14603,craquela (0.0000),desatentos (0.0000),destacada (0.0000),maleáveis (0.0000),digitava (0.0000)
14604,craquelada (0.0000),desatinos (0.0000),respirasse (0.0000),manco (0.0000),salão (0.0000)
14605,craquelado (0.0000),rugindo (0.0000),respiravam (0.0000),maneirismos (0.0000),salário (0.0000)
14606,craquelados (0.0000),desaparecem (0.0000),responderei (0.0000),mando (0.0000),dignificam (0.0000)
14607,permitiremos (0.0000),rugido (0.0000),desrespeitados (0.0000),mandiocas (0.0000),dilema (0.0000)
14608,perpetuam (0.0000),ruge (0.0000),despercebida (0.0000),mandarim (0.0000),dilemas (0.0000)
14609,curandeiro (0.0000),rudimentares (0.0000),despenteia (0.0000),mandalas (0.0000),diluída (0.0000)
14610,curando (0.0000),desbravando (0.0000),ressaca (0.0000),mandacarus (0.0000),diluído (0.0000)
14611,definirem (0.0000),desbravar (0.0000),deslavada (0.0000),manda (0.0000),diluíram (0.0000)
14612,defensora (0.0000),descabida (0.0000),deslizes (0.0000),manchado (0.0000),diminui (0.0000)
14613,meros (0.0000),descabido (0.0000),deslizam (0.0000),malha (0.0000),diminuindo (0.0000)
14614,definam (0.0000),descabidos (0.0000),desligado (0.0000),manchadas (0.0000),saltos (0.0000)
14615,seres (0.0000),descalças (0.0000),desleixada (0.0000),manaus (0.0000),diminutivos (0.0000)
14616,serenos (0.0000),descalçosa (0.0000),deslavado (0.0000),man (0.0000),saíra (0.0000)
14617,defini (0.0000),descalçá (0.0000),deslavadas (0.0000),mamão (0.0000),sc (0.0000)
14618,mergulhos (0.0000),descansam (0.0000),desistiu (0.0000),mamãe (0.0000),sci (0.0000)
14619,mergulhava (0.0000),descansando (0.0000),despedidas (0.0000),mama (0.0000),desenrola (0.0000)
14620,serenas (0.0000),desaparecendo (0.0000),ressonante (0.0000),maloca (0.0000),desenvolvida (0.0000)
14621,serenamente (0.0000),desaparece (0.0000),desinformação (0.0000),manuêla (0.0000),desenvolvi (0.0000)
14622,definidora (0.0000),decorado (0.0000),desilusões (0.0000),maquiada (0.0000),desenvolveu (0.0000)
14623,definindo (0.0000),russa (0.0000),desigualdades (0.0000),maquiagens (0.0000),desenvolver (0.0000)
14624,sereia (0.0000),derrotas (0.0000),desigual (0.0000),matriarcas (0.0000),desenvolvendo (0.0000)
14625,definiria (0.0000),derrubada (0.0000),designs (0.0000),melhore (0.0000),seguirá (0.0000)
14626,curar (0.0000),derrubando (0.0000),ressignificadas (0.0000),melanina (0.0000),seguram (0.0000)
14627,definisse (0.0000),derrubar (0.0000),deslumbrantes (0.0000),melancólica (0.0000),dessana (0.0000)
14628,definitiva (0.0000),derrubá (0.0000),desmanchado (0.0000),meia (0.0000),desenharam (0.0000)
14629,personifica (0.0000),desabotoados (0.0000),desmanchados (0.0000),megaprojetos (0.0000),segurando (0.0000)
14630,sequelas (0.0000),desabrocha (0.0000),desmanchando (0.0000),meditação (0.0000),desenham (0.0000)
14631,sequela (0.0000),desabrochada (0.0000),ressignificada (0.0000),medido (0.0000),desenhados (0.0000)
14632,septum (0.0000),desabrocham (0.0000),desmantelado (0.0000),medidas (0.0000),desenha (0.0000)
14633,defumada (0.0000),desabrochando (0.0000),ressequido (0.0000),medicinal (0.0000),desengonçados (0.0000)
14634,defumação (0.0000),desabrochava (0.0000),ressequida (0.0000),medicina (0.0000),desenvolvidas (0.0000)
14635,mergulhada (0.0000),desabrochavam (0.0000),ressecamento (0.0000),mede (0.0000),desenvolvido (0.0000)
14636,degradação (0.0000),desafiaba (0.0000),desmedida (0.0000),mecher (0.0000),desenvolvimento (0.0000)
14637,degradê (0.0000),ruru (0.0000),desmintam (0.0000),mbyá (0.0000),seguiremos (0.0000)
14638,personificada (0.0000),desana (0.0000),desmistifica (0.0000),maçã (0.0000),desespero (0.0000)
14639,deixada (0.0000),ruptura (0.0000),desmistificar (0.0000),maus (0.0000),desestruturado (0.0000)
14640,defensor (0.0000),rupestres (0.0000),desnecessário (0.0000),matéria (0.0000),desestruturados (0.0000)
14641,defensiva (0.0000),rupestre (0.0000),desordem (0.0000),matutino (0.0000),desfaziam (0.0000)
14642,defendê (0.0000),desafiante (0.0000),desorganizado (0.0000),melo (0.0000),desfeita (0.0000)
14643,defendida (0.0000),desafiava (0.0000),destoante (0.0000),melódica (0.0000),desfeitos (0.0000)
14644,decorada (0.0000),desafiavam (0.0000),resolvido (0.0000),melódicas (0.0000),seguirei (0.0000)
14645,decoradas (0.0000),desafie (0.0000),diferencia (0.0000),mendigar (0.0000),desfiadas (0.0000)
14646,serraria (0.0000),desaforos (0.0000),devolver (0.0000),mentir (0.0000),desfiados (0.0000)
14647,decorados (0.0000),desaguando (0.0000),devoto (0.0000),mentalidade (0.0000),desfilava (0.0000)
14648,decoram (0.0000),desajeitadas (0.0000),devotada (0.0000),mental (0.0000),desfrutando (0.0000)
14649,decorações (0.0000),desajuste (0.0000),devota (0.0000),mensais (0.0000),seguiram (0.0000)
14650,decorrer (0.0000),desalinhado (0.0000),reservou (0.0000),mensagem (0.0000),seguintes (0.0000)
14651,serranas (0.0000),desalinhados (0.0000),resgata (0.0000),meninos (0.0000),desencontros (0.0000)
14652,serrana (0.0000),rr (0.0000),resgatadas (0.0000),menininha (0.0000),desempenhasse (0.0000)
14653,dedicadas (0.0000),descartados (0.0000),devolvendo (0.0000),mencione (0.0000),desempenhar (0.0000)
14654,serpenteiam (0.0000),descascando (0.0000),dezessete (0.0000),melódico (0.0000),seis (0.0000)
14655,dedicando (0.0000),ronco (0.0000),resgatam (0.0000),mencionar (0.0000),seletivamente (0.0000)
14656,dedicava (0.0000),rosáceo (0.0000),devia (0.0000),mencionados (0.0000),desconstrução (0.0000)
14657,serpenteavam (0.0000),rostos (0.0000),deveriam (0.0000),mencionadas (0.0000),descontrair (0.0000)
14658,dedicou (0.0000),roseiras (0.0000),deveria (0.0000),mencionada (0.0000),selecionados (0.0000)
14659,dedilhar (0.0000),rosas (0.0000),dever (0.0000),memorável (0.0000),selecionado (0.0000)
14660,dedilharem (0.0000),descontrolada (0.0000),resgatei (0.0000),membros (0.0000),descosturados (0.0000)
14661,serpenteando (0.0000),descrevam (0.0000),devoção (0.0000),membro (0.0000),descreva (0.0000)
14662,pregos (0.0000),descreve (0.0000),dezoito (0.0000),matriz (0.0000),descrevam (0.0000)
14663,deem (0.0000),roraimense (0.0000),resolvida (0.0000),matizadas (0.0000),descrevem (0.0000)
14664,sermos (0.0000),descreverem (0.0000),reservado (0.0000),maquinário (0.0000),descrevendo (0.0000)
14665,defendam (0.0000),descrevia (0.0000),didáticos (0.0000),matinais (0.0000),descreverem (0.0000)
14666,seringueiro (0.0000),roni (0.0000),dicção (0.0000),mariana (0.0000),descrevia (0.0000)
14667,seringueiras (0.0000),rondando (0.0000),dicotomia (0.0000),marginalizados (0.0000),sela (0.0000)
14668,defendemos (0.0000),ronda (0.0000),resenha (0.0000),margem (0.0000),seiva (0.0000)
14669,seringueira (0.0000),descubro (0.0000),diarista (0.0000),marcos (0.0000),seio (0.0000)
14670,defenderam (0.0000),descascar (0.0000),reservadas (0.0000),marciais (0.0000),desempenha (0.0000)
14671,deixadas (0.0000),descuido (0.0000),reservados (0.0000),marceneiro (0.0000),segurou (0.0000)
14672,deixados (0.0000),desculpa (0.0000),reservo (0.0000),marcasse (0.0000),descubro (0.0000)
14673,separe (0.0000),desculpar (0.0000),diamante (0.0000),marcara (0.0000),descuidada (0.0000)
14674,personificadas (0.0000),desculpas (0.0000),dialogar (0.0000),marcadores (0.0000),descuidado (0.0000)
14675,mentalidade (0.0000),desdobra (0.0000),dialogam (0.0000),maravilhosos (0.0000),descuidar (0.0000)
14676,mental (0.0000),desdobrar (0.0000),dialoga (0.0000),maravilhoso (0.0000),descuido (0.0000)
14677,sentidas (0.0000),desdém (0.0000),dialetos (0.0000),maravilhas (0.0000),desculpa (0.0000)
14678,demandar (0.0000),deseja (0.0000),reservar (0.0000),maravilhar (0.0000),segurei (0.0000)
14679,mensais (0.0000),desembaraçando (0.0000),resgato (0.0000),maravilha (0.0000),desdobra (0.0000)
14680,demarcação (0.0000),desempenadeira (0.0000),residente (0.0000),maratona (0.0000),desdobrar (0.0000)
14681,demográfica (0.0000),desempenha (0.0000),devastadora (0.0000),marajoara (0.0000),desdém (0.0000)
14682,perspicazes (0.0000),desempenhar (0.0000),desvendados (0.0000),maracujá (0.0000),deseja (0.0000)
14683,sentida (0.0000),desempenhasse (0.0000),desvincular (0.0000),mariazinha (0.0000),desejar (0.0000)
14684,demonstrado (0.0000),desconheço (0.0000),desvie (0.0000),marinha (0.0000),desembaraçando (0.0000)
14685,demonstrados (0.0000),desconhecimento (0.0000),desviar (0.0000),marinhas (0.0000),seguimos (0.0000)
14686,sentiam (0.0000),rotulada (0.0000),desviam (0.0000),mastiga (0.0000),seguido (0.0000)
14687,demonstrasse (0.0000),desconhecida (0.0000),desvendo (0.0000),maternos (0.0000),desgrenhada (0.0000)
14688,sentavam (0.0000),descascaram (0.0000),desvendando (0.0000),materno (0.0000),despigmentados (0.0000)
14689,sentam (0.0000),desce (0.0000),desvendado (0.0000),matemática (0.0000),desmistifica (0.0000)
14690,demonstrações (0.0000),descem (0.0000),residindo (0.0000),matam (0.0000),desmistificar (0.0000)
14691,demonstre (0.0000),roídas (0.0000),desvendada (0.0000),mastigação (0.0000),desnecessário (0.0000)
14692,demore (0.0000),descendo (0.0000),desvalorizado (0.0000),mastigaram (0.0000),desnecessários (0.0000)
14693,demorem (0.0000),roçando (0.0000),resolvem (0.0000),mastigando (0.0000),desordem (0.0000)
14694,demoro (0.0000),descer (0.0000),resolver (0.0000),massas (0.0000),desorganizado (0.0000)
14695,demorou (0.0000),desciam (0.0000),resolvesse (0.0000),marketing (0.0000),despedida (0.0000)
14696,senta (0.0000),roçados (0.0000),resolvi (0.0000),masculinidades (0.0000),despedidas (0.0000)
14697,sensíveis (0.0000),descobertos (0.0000),desânimo (0.0000),marujada (0.0000),despeito (0.0000)
14698,denotaria (0.0000),roçadeira (0.0000),detalhar (0.0000),maru (0.0000),secretos (0.0000)
14699,denotariam (0.0000),roxos (0.0000),resolvam (0.0000),martinho (0.0000),despenteia (0.0000)
14700,menores (0.0000),descobrirem (0.0000),resolva (0.0000),marreta (0.0000),despercebidas (0.0000)
14701,sensualidade (0.0000),roxas (0.0000),detalhista (0.0000),marra (0.0000),despertar (0.0000)
14702,delu (0.0000),roupagens (0.0000),resistiam (0.0000),maroto (0.0000),despigmentado (0.0000)
14703,delineando (0.0000),roubávamos (0.0000),resista (0.0000),macieira (0.0000),despintar (0.0000)
14704,deixamos (0.0000),descombinados (0.0000),determinantes (0.0000),machucar (0.0000),desmedida (0.0000)
14705,delineados (0.0000),roubei (0.0000),determinasse (0.0000),machucam (0.0000),secretas (0.0000)
14706,separação (0.0000),descompromisso (0.0000),resina (0.0000),levantando (0.0000),despojados (0.0000)
14707,separarei (0.0000),roubar (0.0000),detesto (0.0000),liderança (0.0000),desprende (0.0000)
14708,deixara (0.0000),roubam (0.0000),resignação (0.0000),lidava (0.0000),despreocupada (0.0000)
14709,merecemos (0.0000),desconfiada (0.0000),resignado (0.0000),libélula (0.0000),despretensiosamente (0.0000)
14710,deixaremos (0.0000),roubadas (0.0000),deusa (0.0000),libertos (0.0000),secado (0.0000)
14711,deixariam (0.0000),desconfiados (0.0000),resignada (0.0000),libertam (0.0000),despretensiosos (0.0000)
14712,deixará (0.0000),rouba (0.0000),devagarinho (0.0000),libertadora (0.0000),despretensão (0.0000)
14713,separar (0.0000),rotular (0.0000),resido (0.0000),liberando (0.0000),desprezo (0.0000)
14714,separando (0.0000),desconhecia (0.0000),realçado (0.0000),liberal (0.0000),desproporcionalmente (0.0000)
14715,deixe (0.0000),derrota (0.0000),equestres (0.0000),liberais (0.0000),desrespeitada (0.0000)
14716,separados (0.0000),derretido (0.0000),equidade (0.0000),liberada (0.0000),desrespeito (0.0000)
14717,separado (0.0000),derretida (0.0000),felpuda (0.0000),lianas (0.0000),desrespeitoso (0.0000)
14718,mercearia (0.0000),defumação (0.0000),fenotípica (0.0000),li (0.0000),sebos (0.0000)
14719,delatam (0.0000),salve (0.0000),feminista (0.0000),lexe (0.0000),desmintam (0.0000)
14720,deleite (0.0000),definia (0.0000),proferi (0.0000),levem (0.0000),desmatar (0.0000)
14721,delgada (0.0000),definiam (0.0000),feminilidades (0.0000),levavam (0.0000),desgrenhado (0.0000)
14722,deliberado (0.0000),salva (0.0000),professores (0.0000),levaria (0.0000),desistiu (0.0000)
14723,mercados (0.0000),salteado (0.0000),profissionais (0.0000),levara (0.0000),desgrenhados (0.0000)
14724,separadas (0.0000),saltava (0.0000),felizes (0.0000),lides (0.0000),desgrudo (0.0000)
14725,mercado (0.0000),salta (0.0000),feriados (0.0000),ligado (0.0000),seguidas (0.0000)
14726,senão (0.0000),definirem (0.0000),profissional (0.0000),ligados (0.0000),seguida (0.0000)
14727,sentiram (0.0000),definiria (0.0000),profissionalismo (0.0000),limitante (0.0000),seguiam (0.0000)
14728,sentimos (0.0000),salpicou (0.0000),profissionalizada (0.0000),lin (0.0000),seguia (0.0000)
14729,deliciosamente (0.0000),definiu (0.0000),profissionalmente (0.0000),limão (0.0000),segui (0.0000)
14730,mentora (0.0000),salpicar (0.0000),profissões (0.0000),limpos (0.0000),sedosa (0.0000)
14731,sentidos (0.0000),defumada (0.0000),feirinhas (0.0000),limpar (0.0000),desilusões (0.0000)
14732,delineado (0.0000),defunto (0.0000),fera (0.0000),limonada (0.0000),desinformação (0.0000)
14733,decora (0.0000),deixá (0.0000),produzida (0.0000),limite (0.0000),sedentária (0.0000)
14734,decomposição (0.0000),degradação (0.0000),feirante (0.0000),limitação (0.0000),desistem (0.0000)
14735,declare (0.0000),deitar (0.0000),fervilhava (0.0000),limitam (0.0000),desistimos (0.0000)
14736,meticuloso (0.0000),salpica (0.0000),festejo (0.0000),ligando (0.0000),sedenta (0.0000)
14737,significar (0.0000),deixada (0.0000),procurei (0.0000),limitadores (0.0000),deslavada (0.0000)
14738,metia (0.0000),deixadas (0.0000),fervoroso (0.0000),limitadoras (0.0000),desmatamento (0.0000)
14739,significam (0.0000),deixados (0.0000),fervorosa (0.0000),limitador (0.0000),deslavadas (0.0000)
14740,metalúrgica (0.0000),salitre (0.0000),produtiva (0.0000),lilás (0.0000),deslavado (0.0000)
14741,perpetuando (0.0000),deixamos (0.0000),fervo (0.0000),liguei (0.0000),desleixada (0.0000)
14742,siga (0.0000),salientes (0.0000),produtivo (0.0000),ligue (0.0000),desligado (0.0000)
14743,curve (0.0000),salientar (0.0000),produtores (0.0000),ligações (0.0000),deslizando (0.0000)
14744,curvilínea (0.0000),deixaremos (0.0000),fervente (0.0000),levantou (0.0000),secular (0.0000)
14745,curvilíneo (0.0000),deixariam (0.0000),fervendo (0.0000),levantados (0.0000),deslizes (0.0000)
14746,cuscuz (0.0000),saibam (0.0000),ferve (0.0000),lindos (0.0000),desloca (0.0000)
14747,custo (0.0000),salário (0.0000),ferrão (0.0000),levanta (0.0000),deslocado (0.0000)
14748,customiza (0.0000),definam (0.0000),ferreira (0.0000),legítima (0.0000),deslumbrantes (0.0000)
14749,perpetuação (0.0000),samaúma (0.0000),produtora (0.0000),legumes (0.0000),desmanchado (0.0000)
14750,siamesas (0.0000),sambar (0.0000),profusão (0.0000),legendas (0.0000),desmanchar (0.0000)
14751,customizados (0.0000),decorados (0.0000),feio (0.0000),legais (0.0000),secretária (0.0000)
14752,customizar (0.0000),decoram (0.0000),pretx (0.0000),leciono (0.0000),desmatada (0.0000)
14753,customização (0.0000),sapateiro (0.0000),favorito (0.0000),leblon (0.0000),escapada (0.0000)
14754,cut (0.0000),decorações (0.0000),projetando (0.0000),leave (0.0000),retorcido (0.0000)
14755,cuícas (0.0000),santuário (0.0000),fazenda (0.0000),lavrou (0.0000),quilômetro (0.0000)
14756,metade (0.0000),santista (0.0000),projeto (0.0000),lavras (0.0000),fluiu (0.0000)
14757,mestres (0.0000),dedicadas (0.0000),faxineira (0.0000),lavavam (0.0000),flutuo (0.0000)
14758,cânions (0.0000),dedicava (0.0000),faxina (0.0000),lavaram (0.0000),flutuava (0.0000)
14759,cânones (0.0000),santarém (0.0000),favoritos (0.0000),lavanda (0.0000),flutuar (0.0000)
14760,cântaros (0.0000),santana (0.0000),favoritas (0.0000),lavam (0.0000),flutuante (0.0000)
14761,cânticos (0.0000),dedicou (0.0000),projetado (0.0000),lavadeiras (0.0000),flutuando (0.0000)
14762,mestras (0.0000),dedilhar (0.0000),favorita (0.0000),lavadeira (0.0000),flutua (0.0000)
14763,mestra (0.0000),dedilharem (0.0000),favor (0.0000),lavadas (0.0000),fluir (0.0000)
14764,meticulosidade (0.0000),sangrar (0.0000),favelas (0.0000),lavada (0.0000),folheavam (0.0000)
14765,metido (0.0000),sanfona (0.0000),favela (0.0000),lei (0.0000),recorrente (0.0000)
14766,she (0.0000),deem (0.0000),prol (0.0000),leitora (0.0000),recorro (0.0000)
14767,significava (0.0000),defeito (0.0000),fatos (0.0000),leitos (0.0000),recriam (0.0000)
14768,curativas (0.0000),samurais (0.0000),projetam (0.0000),lençol (0.0000),recriar (0.0000)
14769,curativos (0.0000),defendam (0.0000),projeta (0.0000),levam (0.0000),fluentemente (0.0000)
14770,curavam (0.0000),samurai (0.0000),programadora (0.0000),levado (0.0000),recuar (0.0000)
14771,curcuma (0.0000),defendemos (0.0000),febres (0.0000),levada (0.0000),fluvial (0.0000)
14772,silenciá (0.0000),sambas (0.0000),feed (0.0000),leu (0.0000),recordações (0.0000)
14773,curiosas (0.0000),defenderam (0.0000),federal (0.0000),letí (0.0000),fluído (0.0000)
14774,silenciou (0.0000),defendida (0.0000),fechados (0.0000),lerdo (0.0000),flúor (0.0000)
14775,silenciosamente (0.0000),defendo (0.0000),fechado (0.0000),lençóis (0.0000),focado (0.0000)
14776,silenciaram (0.0000),defendê (0.0000),fechadas (0.0000),lentes (0.0000),recordação (0.0000)
14777,metros (0.0000),defensor (0.0000),programação (0.0000),lembrada (0.0000),recordando (0.0000)
14778,curriculares (0.0000),saiba (0.0000),progredindo (0.0000),lente (0.0000),recordada (0.0000)
14779,metropolitana (0.0000),del (0.0000),fazerem (0.0000),lentas (0.0000),fofocas (0.0000)
14780,cursando (0.0000),ruídos (0.0000),faísca (0.0000),lenhador (0.0000),fogem (0.0000)
14781,cursiva (0.0000),régua (0.0000),façam (0.0000),lendário (0.0000),recontadas (0.0000)
14782,cursivo (0.0000),saberes (0.0000),faça (0.0000),lembrei (0.0000),recontada (0.0000)
14783,meto (0.0000),denotem (0.0000),fazê (0.0000),lembrasse (0.0000),reconstrói (0.0000)
14784,cursos (0.0000),densa (0.0000),progressistas (0.0000),lembramos (0.0000),folclore (0.0000)
14785,silenciar (0.0000),densas (0.0000),progressiva (0.0000),lindalva (0.0000),folclórica (0.0000)
14786,silenciados (0.0000),denso (0.0000),festejos (0.0000),line (0.0000),folclóricas (0.0000)
14787,curte (0.0000),denta (0.0000),procurar (0.0000),machucada (0.0000),folgado (0.0000)
14788,curtinho (0.0000),dentinhos (0.0000),festival (0.0000),lui (0.0000),recuaram (0.0000)
14789,curtinhos (0.0000),dentição (0.0000),primeiras (0.0000),lutona (0.0000),florzinha (0.0000)
14790,silencia (0.0000),rítmica (0.0000),fincados (0.0000),lutemos (0.0000),florir (0.0000)
14791,silas (0.0000),rígido (0.0000),fincado (0.0000),lutem (0.0000),redefine (0.0000)
14792,curumim (0.0000),rícino (0.0000),primas (0.0000),lutavam (0.0000),fiéis (0.0000)
14793,curupira (0.0000),rês (0.0000),financeiros (0.0000),lutaremos (0.0000),flacidez (0.0000)
14794,cururu (0.0000),dependam (0.0000),financeiras (0.0000),lutarem (0.0000),flamboyant (0.0000)
14795,cênicas (0.0000),régia (0.0000),financeira (0.0000),lutarei (0.0000),flamengo (0.0000)
14796,cíclica (0.0000),deliberado (0.0000),finalizando (0.0000),lutador (0.0000),flanela (0.0000)
14797,declarações (0.0000),dependentes (0.0000),fininhas (0.0000),lutado (0.0000),flauta (0.0000)
14798,mesmx (0.0000),rã (0.0000),finalizam (0.0000),lustrosos (0.0000),flautas (0.0000)
14799,serviu (0.0000),dependerão (0.0000),finalizadores (0.0000),lustroso (0.0000),flecha (0.0000)
14800,servir (0.0000),dependesse (0.0000),finalizada (0.0000),luninha (0.0000),flechas (0.0000)
14801,darem (0.0000),depósito (0.0000),finaliza (0.0000),lundu (0.0000),flexibilidade (0.0000)
14802,dariam (0.0000),rzo (0.0000),finais (0.0000),lunares (0.0000),flexível (0.0000)
14803,servido (0.0000),derivados (0.0000),primo (0.0000),luminosa (0.0000),redemoinhos (0.0000)
14804,perseveram (0.0000),derme (0.0000),finge (0.0000),lumes (0.0000),redefinição (0.0000)
14805,mesclou (0.0000),derrama (0.0000),preá (0.0000),lulu (0.0000),florada (0.0000)
14806,debatendo (0.0000),derramado (0.0000),festividades (0.0000),luzia (0.0000),redatora (0.0000)
14807,debatida (0.0000),derramava (0.0000),firmar (0.0000),lxs (0.0000),floripa (0.0000)
14808,sertões (0.0000),derramei (0.0000),firulas (0.0000),lâmpada (0.0000),floreios (0.0000)
14809,decentemente (0.0000),derrete (0.0000),firula (0.0000),macaco (0.0000),recônditos (0.0000)
14810,decepcionar (0.0000),denotasse (0.0000),prevalecem (0.0000),macho (0.0000),recíproco (0.0000)
14811,decepção (0.0000),denotariam (0.0000),previsibilidade (0.0000),machadinha (0.0000),florescente (0.0000)
14812,sertanejos (0.0000),sabiam (0.0000),previstos (0.0000),macena (0.0000),recusassem (0.0000)
14813,decide (0.0000),sabiá (0.0000),preza (0.0000),macaxeira (0.0000),florescerem (0.0000)
14814,decidi (0.0000),deliberados (0.0000),firmando (0.0000),macapá (0.0000),recuperação (0.0000)
14815,decidida (0.0000),saiam (0.0000),prezo (0.0000),macacão (0.0000),florestais (0.0000)
14816,decidir (0.0000),delicadamente (0.0000),fiquem (0.0000),macacos (0.0000),floresça (0.0000)
14817,decidirem (0.0000),sagradas (0.0000),fique (0.0000),lótus (0.0000),floresçam (0.0000)
14818,decidiu (0.0000),safras (0.0000),prezam (0.0000),lâmpadas (0.0000),recuperar (0.0000)
14819,decido (0.0000),deliciosamente (0.0000),preze (0.0000),lógica (0.0000),floridas (0.0000)
14820,decifrando (0.0000),deliciosos (0.0000),finíssimo (0.0000),lóbulos (0.0000),recuavam (0.0000)
14821,persisti (0.0000),delineador (0.0000),finura (0.0000),lívia (0.0000),florindo (0.0000)
14822,decifrarem (0.0000),delineados (0.0000),primorosa (0.0000),límpido (0.0000),reconstruindo (0.0000)
14823,decifrou (0.0000),delles (0.0000),filtros (0.0000),límpida (0.0000),reconheço (0.0000)
14824,persistia (0.0000),sacola (0.0000),filtro (0.0000),líder (0.0000),fixos (0.0000)
14825,mesas (0.0000),delxs (0.0000),ficado (0.0000),lê (0.0000),fortaleçam (0.0000)
14826,serviços (0.0000),delícias (0.0000),ficção (0.0000),luito (0.0000),forçado (0.0000)
14827,dançou (0.0000),saco (0.0000),privilegiado (0.0000),lucrativo (0.0000),recifes (0.0000)
14828,sexualidade (0.0000),demandar (0.0000),ficavam (0.0000),linear (0.0000),fortíssima (0.0000)
14829,sessões (0.0000),demandasse (0.0000),privilegiando (0.0000),luciana (0.0000),fortunas (0.0000)
14830,sextas (0.0000),demarcação (0.0000),ficaram (0.0000),livrarias (0.0000),reclamando (0.0000)
14831,círculos (0.0000),demográfico (0.0000),privilégios (0.0000),livrar (0.0000),reclamar (0.0000)
14832,cítricas (0.0000),saci (0.0000),problemática (0.0000),litros (0.0000),fortaleça (0.0000)
14833,cítrico (0.0000),sacada (0.0000),filtrado (0.0000),litorâneo (0.0000),fonemas (0.0000)
14834,código (0.0000),sabão (0.0000),processar (0.0000),literários (0.0000),reclamação (0.0000)
14835,códigos (0.0000),saborosas (0.0000),fiado (0.0000),literalmente (0.0000),fortalecimento (0.0000)
14836,persa (0.0000),demonstrasse (0.0000),fiada (0.0000),listrada (0.0000),fortalecido (0.0000)
14837,cútis (0.0000),saborosa (0.0000),fi (0.0000),lista (0.0000),fortalecida (0.0000)
14838,dado (0.0000),saboreando (0.0000),procuram (0.0000),lisinha (0.0000),recolher (0.0000)
14839,dados (0.0000),demoram (0.0000),fevereiro (0.0000),lisas (0.0000),recolhida (0.0000)
14840,dai (0.0000),dendê (0.0000),fidelidade (0.0000),lis (0.0000),forçavam (0.0000)
14841,daiane (0.0000),repetir (0.0000),privações (0.0000),lirismo (0.0000),forçou (0.0000)
14842,dali (0.0000),repetindo (0.0000),figa (0.0000),lira (0.0000),fosco (0.0000)
14843,damião (0.0000),fulni (0.0000),privado (0.0000),linguísticas (0.0000),fotografias (0.0000)
14844,damos (0.0000),falho (0.0000),privacidade (0.0000),linguística (0.0000),fotografo (0.0000)
14845,dan (0.0000),quiserem (0.0000),figurino (0.0000),linguiça (0.0000),fotógrafa (0.0000)
14846,sexismo (0.0000),falarei (0.0000),prioridades (0.0000),linguagens (0.0000),fraco (0.0000)
14847,dancem (0.0000),falarem (0.0000),prioridade (0.0000),lixando (0.0000),fragmentadas (0.0000)
14848,dandara (0.0000),falariam (0.0000),princípios (0.0000),lição (0.0000),fragmentado (0.0000)
14849,persegue (0.0000),falas (0.0000),principais (0.0000),lições (0.0000),fragmentos (0.0000)
14850,daniel (0.0000),falasse (0.0000),filigrana (0.0000),longevidade (0.0000),receptivo (0.0000)
14851,danos (0.0000),quiquin (0.0000),filme (0.0000),lucho (0.0000),fragrâncias (0.0000)
14852,perseguiu (0.0000),quiquim (0.0000),filmes (0.0000),louros (0.0000),fraldas (0.0000)
14853,dançamos (0.0000),falcões (0.0000),filosofia (0.0000),louro (0.0000),francos (0.0000)
14854,severa (0.0000),falecida (0.0000),filosóficas (0.0000),loucura (0.0000),franjas (0.0000)
14855,setores (0.0000),quipás (0.0000),filosófico (0.0000),lotadas (0.0000),franzida (0.0000)
14856,setor (0.0000),quintais (0.0000),princesas (0.0000),lotada (0.0000),franzina (0.0000)
14857,distintivas (0.0000),falhando (0.0000),fator (0.0000),longilíneas (0.0000),recolhidas (0.0000)
14858,marinhas (0.0000),quinho (0.0000),prolonga (0.0000),londres (0.0000),recomeço (0.0000)
14859,distintivos (0.0000),falamos (0.0000),fatia (0.0000),localidade (0.0000),fornecidas (0.0000)
14860,escassos (0.0000),falsas (0.0000),exótica (0.0000),loja (0.0000),reconforta (0.0000)
14861,escapadas (0.0000),falsidade (0.0000),prosperaram (0.0000),loiros (0.0000),reconheçam (0.0000)
14862,ressoante (0.0000),falsos (0.0000),fabricados (0.0000),loiro (0.0000),fontes (0.0000)
14863,escapamento (0.0000),quimonos (0.0000),fabricada (0.0000),loirinhos (0.0000),fonéticas (0.0000)
14864,ressoam (0.0000),faltam (0.0000),exóticos (0.0000),loiras (0.0000),forasteiros (0.0000)
14865,escaparem (0.0000),quimono (0.0000),exótico (0.0000),loira (0.0000),forcei (0.0000)
14866,malas (0.0000),faltantes (0.0000),exóticas (0.0000),loft (0.0000),reconhecível (0.0000)
14867,escapavam (0.0000),faltar (0.0000),prosperidade (0.0000),mentora (0.0000),reconhecia (0.0000)
14868,escapiava (0.0000),faltou (0.0000),facetas (0.0000),merecemos (0.0000),forjar (0.0000)
14869,ressignifico (0.0000),falésias (0.0000),prosperidades (0.0000),lau (0.0000),forjou (0.0000)
14870,malaguetas (0.0000),quim (0.0000),extrovertido (0.0000),máximo (0.0000),reconhecesse (0.0000)
14871,escassas (0.0000),quilômetro (0.0000),extroversão (0.0000),mágoas (0.0000),reconhecendo (0.0000)
14872,ressignificação (0.0000),quilombolas (0.0000),extremos (0.0000),mágicas (0.0000),formadas (0.0000)
14873,escasso (0.0000),falange (0.0000),extremamente (0.0000),mágica (0.0000),reconhecem (0.0000)
14874,esclarece (0.0000),falada (0.0000),extrema (0.0000),má (0.0000),formados (0.0000)
14875,restou (0.0000),extrato (0.0000),prosa (0.0000),mutuamente (0.0000),reconectar (0.0000)
14876,esclarecimentos (0.0000),fabricadas (0.0000),fachada (0.0000),mutação (0.0000),fornecem (0.0000)
14877,ressignificar (0.0000),extravagância (0.0000),falange (0.0000),mutantes (0.0000),formalidades (0.0000)
14878,plantamos (0.0000),extraída (0.0000),proporcionava (0.0000),musiquinha (0.0000),formalizados (0.0000)
14879,escolares (0.0000),extraídas (0.0000),pronúncia (0.0000),museus (0.0000),reconciliar (0.0000)
14880,escolas (0.0000),extraído (0.0000),pronúncias (0.0000),museu (0.0000),recompõe (0.0000)
14881,ressignificando (0.0000),extraídos (0.0000),faladora (0.0000),musculação (0.0000),formaram (0.0000)
14882,ressignificado (0.0000),rachava (0.0000),falador (0.0000),murmúrio (0.0000),recompensas (0.0000)
14883,escolheram (0.0000),rachar (0.0000),falado (0.0000),murmurou (0.0000),formatos (0.0000)
14884,escolheu (0.0000),rachadura (0.0000),proporcionam (0.0000),murmure (0.0000),formaturas (0.0000)
14885,ressignificadas (0.0000),rachadinho (0.0000),fagulho (0.0000),murmuravam (0.0000),formava (0.0000)
14886,ressignificada (0.0000),exótica (0.0000),propósito (0.0000),murmurava (0.0000),recompensadora (0.0000)
14887,ressignifica (0.0000),exóticas (0.0000),fagulha (0.0000),murmurar (0.0000),recompensado (0.0000)
14888,majoritariamente (0.0000),exóticos (0.0000),proporcionavam (0.0000),máscara (0.0000),formei (0.0000)
14889,maldade (0.0000),fabricada (0.0000),proporcionou (0.0000),média (0.0000),formigas (0.0000)
14890,ressonante (0.0000),fabricados (0.0000),proporção (0.0000),mereço (0.0000),formosa (0.0000)
14891,maldita (0.0000),químicas (0.0000),propositalmente (0.0000),médias (0.0000),fizer (0.0000)
14892,ressonância (0.0000),fabricação (0.0000),propriamente (0.0000),nagôs (0.0000),redescobrindo (0.0000)
14893,erra (0.0000),faca (0.0000),protagonismo (0.0000),nacionalidades (0.0000),escapamento (0.0000)
14894,errada (0.0000),faces (0.0000),protegeu (0.0000),nacionalidade (0.0000),reforço (0.0000)
14895,mamona (0.0000),rabos (0.0000),extravagância (0.0000),nacionais (0.0000),reformada (0.0000)
14896,maloca (0.0000),rabiscam (0.0000),exprimem (0.0000),músico (0.0000),reformado (0.0000)
14897,errados (0.0000),facilita (0.0000),provocam (0.0000),músculo (0.0000),reformas (0.0000)
14898,malha (0.0000),facilitam (0.0000),provocava (0.0000),móvel (0.0000),reforçando (0.0000)
14899,restava (0.0000),facilitar (0.0000),extensos (0.0000),móveis (0.0000),reforçaria (0.0000)
14900,restaurar (0.0000),rabisca (0.0000),extenso (0.0000),mítico (0.0000),feio (0.0000)
14901,erroneamente (0.0000),rabinhos (0.0000),expõe (0.0000),míticas (0.0000),refresca (0.0000)
14902,erros (0.0000),rabeca (0.0000),exprimir (0.0000),mística (0.0000),ferreira (0.0000)
14903,malfeito (0.0000),fagulho (0.0000),provou (0.0000),mínimos (0.0000),feed (0.0000)
14904,esbarra (0.0000),faixas (0.0000),extravagante (0.0000),mínima (0.0000),refrescante (0.0000)
14905,esbarrava (0.0000),familiarizadas (0.0000),prováveis (0.0000),mídias (0.0000),fechados (0.0000)
14906,esbarro (0.0000),quilombola (0.0000),expressá (0.0000),métodos (0.0000),fechado (0.0000)
14907,esbelta (0.0000),faminta (0.0000),expressos (0.0000),médios (0.0000),fecha (0.0000)
14908,maleável (0.0000),quebrou (0.0000),provérbios (0.0000),médica (0.0000),febre (0.0000)
14909,esboçado (0.0000),quentinha (0.0000),expressividade (0.0000),murmura (0.0000),felina (0.0000)
14910,esboçar (0.0000),queixe (0.0000),expressiva (0.0000),mureta (0.0000),felino (0.0000)
14911,males (0.0000),queiram (0.0000),extenuante (0.0000),murchar (0.0000),felpuda (0.0000)
14912,maldosos (0.0000),faxina (0.0000),extenuantes (0.0000),mura (0.0000),feltro (0.0000)
14913,maldormidas (0.0000),queira (0.0000),provoca (0.0000),movimentação (0.0000),reflito (0.0000)
14914,escala (0.0000),queimá (0.0000),exterioridade (0.0000),movimentavam (0.0000),feminilidades (0.0000)
14915,escalava (0.0000),queimação (0.0000),exteriormente (0.0000),movimentando (0.0000),reflitam (0.0000)
14916,escalda (0.0000),queimam (0.0000),proveito (0.0000),movimentam (0.0000),reflita (0.0000)
14917,resta (0.0000),queimadura (0.0000),externamente (0.0000),movimentado (0.0000),fendas (0.0000)
14918,escaldantes (0.0000),queimados (0.0000),provei (0.0000),movido (0.0000),fenotípica (0.0000)
14919,escaldar (0.0000),fazerem (0.0000),provedor (0.0000),movendo (0.0000),reflexivas (0.0000)
14920,ressequida (0.0000),queimadas (0.0000),provações (0.0000),movediças (0.0000),fera (0.0000)
14921,ressecados (0.0000),fazê (0.0000),extra (0.0000),mova (0.0000),fere (0.0000)
14922,ressecado (0.0000),faísca (0.0000),extracurriculares (0.0000),mouse (0.0000),feriados (0.0000)
14923,respiração (0.0000),faminto (0.0000),provar (0.0000),motos (0.0000),ferido (0.0000)
14924,esculpe (0.0000),febre (0.0000),extraordinário (0.0000),motorista (0.0000),feroz (0.0000)
14925,esculpia (0.0000),febres (0.0000),extrapolo (0.0000),motores (0.0000),reflexiva (0.0000)
14926,respirava (0.0000),fecha (0.0000),protestantismo (0.0000),motoca (0.0000),faísca (0.0000)
14927,respirasse (0.0000),quebrei (0.0000),extrativista (0.0000),moto (0.0000),refresco (0.0000)
14928,respirarei (0.0000),fechadas (0.0000),pronunciá (0.0000),motivou (0.0000),fazê (0.0000)
14929,esculpira (0.0000),quebre (0.0000),falante (0.0000),mostro (0.0000),fato (0.0000)
14930,esculpo (0.0000),quebram (0.0000),prolongada (0.0000),movimente (0.0000),farpados (0.0000)
14931,escultura (0.0000),quebradiços (0.0000),fanático (0.0000),moça (0.0000),farroupilha (0.0000)
14932,respeitá (0.0000),feio (0.0000),prometiam (0.0000),moças (0.0000),fartas (0.0000)
14933,platinadas (0.0000),quebradeiras (0.0000),prometo (0.0000),multidões (0.0000),regras (0.0000)
14934,magnético (0.0000),feirante (0.0000),fariam (0.0000),munição (0.0000),registro (0.0000)
14935,escurecia (0.0000),feirinhas (0.0000),faria (0.0000),mundão (0.0000),farturas (0.0000)
14936,escuridão (0.0000),quartzo (0.0000),promissor (0.0000),munduruku (0.0000),registrando (0.0000)
14937,magnética (0.0000),favelas (0.0000),faraônica (0.0000),multiplicavam (0.0000),fascinada (0.0000)
14938,respeitosas (0.0000),favela (0.0000),fanática (0.0000),multiplicam (0.0000),fascinam (0.0000)
14939,respeitem (0.0000),fatos (0.0000),farol (0.0000),multinacional (0.0000),fascinantes (0.0000)
14940,respeite (0.0000),querendo (0.0000),fantástico (0.0000),multifacetadas (0.0000),fascinava (0.0000)
14941,escutamos (0.0000),famosas (0.0000),fantástica (0.0000),multidimensionalidade (0.0000),fascinou (0.0000)
14942,escutavam (0.0000),quilombo (0.0000),fantasy (0.0000),moía (0.0000),fascínio (0.0000)
14943,respeitaram (0.0000),quilates (0.0000),fantasmagóricas (0.0000),multicoloridas (0.0000),fases (0.0000)
14944,esferas (0.0000),fanatismos (0.0000),fantasma (0.0000),mulherzinha (0.0000),fator (0.0000)
14945,esferográfica (0.0000),fandangos (0.0000),fantasia (0.0000),mugido (0.0000),faziam (0.0000)
14946,esforce (0.0000),quietudamente (0.0000),farofa (0.0000),mudou (0.0000),registradas (0.0000)
14947,esforcei (0.0000),fantasma (0.0000),prometia (0.0000),mudo (0.0000),registra (0.0000)
14948,esforçada (0.0000),fantástico (0.0000),pronunciavam (0.0000),mudinhas (0.0000),regionalismo (0.0000)
14949,plausível (0.0000),quiet (0.0000),fascinam (0.0000),mudaram (0.0000),regionalidade (0.0000)
14950,esforçando (0.0000),faraônica (0.0000),fase (0.0000),namorada (0.0000),favelas (0.0000)
14951,respiravam (0.0000),questionou (0.0000),fascínio (0.0000),narra (0.0000),favor (0.0000)
14952,escritura (0.0000),faria (0.0000),fascinou (0.0000),narrando (0.0000),favoritas (0.0000)
14953,escondi (0.0000),farinha (0.0000),prolongado (0.0000),nervosamente (0.0000),favoritos (0.0000)
14954,escritos (0.0000),farinhenta (0.0000),fascinaram (0.0000),nipônicas (0.0000),faxina (0.0000)
14955,ressaltando (0.0000),questionava (0.0000),fascinantes (0.0000),nipônica (0.0000),faxineira (0.0000)
14956,planície (0.0000),questionam (0.0000),fascinada (0.0000),nicoletta (0.0000),regava (0.0000)
14957,escondidas (0.0000),fartas (0.0000),farpados (0.0000),nico (0.0000),fazendeiro (0.0000)
14958,resquícios (0.0000),questionados (0.0000),farturas (0.0000),nica (0.0000),fazendeiros (0.0000)
14959,escondidos (0.0000),questionador (0.0000),prolongados (0.0000),nic (0.0000),regado (0.0000)
14960,escondê (0.0000),quesito (0.0000),farto (0.0000),nhoque (0.0000),refletivos (0.0000)
14961,respostas (0.0000),queridos (0.0000),prometem (0.0000),nheengatu (0.0000),ferrenha (0.0000)
14962,responsável (0.0000),queridinhas (0.0000),prometendo (0.0000),nhe (0.0000),fixadas (0.0000)
14963,escorrido (0.0000),fascinaram (0.0000),farroupilha (0.0000),nhandeva (0.0000),finamente (0.0000)
14964,magérrimas (0.0000),fascinava (0.0000),fandangos (0.0000),nhanderu (0.0000),reduzidos (0.0000)
14965,escovados (0.0000),queriam (0.0000),fandango (0.0000),nhambiquarã (0.0000),fincado (0.0000)
14966,escovas (0.0000),fases (0.0000),fanatismos (0.0000),nhamandu (0.0000),reencontrei (0.0000)
14967,escovação (0.0000),fatia (0.0000),pronunciada (0.0000),neve (0.0000),financeiros (0.0000)
14968,escravidão (0.0000),extratos (0.0000),falho (0.0000),neutra (0.0000),financeiras (0.0000)
14969,escravizados (0.0000),extrativistas (0.0000),falhas (0.0000),nestas (0.0000),financeira (0.0000)
14970,plataformas (0.0000),encontramos (0.0000),falhando (0.0000),nessas (0.0000),finalizam (0.0000)
14971,respondi (0.0000),existiu (0.0000),falem (0.0000),nirvana (0.0000),ferve (0.0000)
14972,magrinho (0.0000),rasgo (0.0000),pronuncia (0.0000),nisso (0.0000),finalizadores (0.0000)
14973,magricela (0.0000),rasgadas (0.0000),faleceu (0.0000),nobre (0.0000),finalizada (0.0000)
14974,responderei (0.0000),exigia (0.0000),falcões (0.0000),notas (0.0000),reerguer (0.0000)
14975,escreveria (0.0000),exigiam (0.0000),famílias (0.0000),notável (0.0000),refeição (0.0000)
14976,escrevê (0.0000),exigida (0.0000),pronunciado (0.0000),notáveis (0.0000),refere (0.0000)
14977,resplendor (0.0000),exija (0.0000),pronunciados (0.0000),noturnas (0.0000),referindo (0.0000)
14978,escritas (0.0000),existentes (0.0000),falatório (0.0000),noticiário (0.0000),finge (0.0000)
14979,escrito (0.0000),existi (0.0000),pronunciando (0.0000),notei (0.0000),fininha (0.0000)
14980,escritor (0.0000),existia (0.0000),falas (0.0000),notebook (0.0000),reduzi (0.0000)
14981,escritoras (0.0000),existimos (0.0000),falariam (0.0000),note (0.0000),finíssimo (0.0000)
14982,mamãe (0.0000),raps (0.0000),prontos (0.0000),nostalgia (0.0000),reducionistas (0.0000)
14983,mancha (0.0000),existiram (0.0000),falsas (0.0000),nobres (0.0000),fique (0.0000)
14984,distintos (0.0000),existisse (0.0000),falsidade (0.0000),nortistas (0.0000),fiquem (0.0000)
14985,retomada (0.0000),rapina (0.0000),falsos (0.0000),noroeste (0.0000),firmando (0.0000)
14986,retorcidos (0.0000),rasgou (0.0000),faltam (0.0000),normalidade (0.0000),firmar (0.0000)
14987,retorcido (0.0000),rapidinho (0.0000),faltando (0.0000),nomeado (0.0000),redondos (0.0000)
14988,entrada (0.0000),existências (0.0000),faltar (0.0000),nomeada (0.0000),redondezas (0.0000)
14989,entradas (0.0000),expande (0.0000),faltou (0.0000),nocivas (0.0000),redonda (0.0000)
14990,retorcidas (0.0000),expandindo (0.0000),falésias (0.0000),nobreza (0.0000),firmo (0.0000)
14991,pitanga (0.0000),rapidez (0.0000),prontas (0.0000),nervosismo (0.0000),firula (0.0000)
14992,entranhas (0.0000),expansão (0.0000),pronominal (0.0000),nerd (0.0000),fitas (0.0000)
14993,mangais (0.0000),rapazinho (0.0000),familiarizada (0.0000),narrativo (0.0000),fivela (0.0000)
14994,retorcida (0.0000),rapaziada (0.0000),familiarizado (0.0000),neno (0.0000),fixa (0.0000)
14995,entreaberto (0.0000),rapadura (0.0000),promover (0.0000),navego (0.0000),filtro (0.0000)
14996,entreabertos (0.0000),rap (0.0000),promovendo (0.0000),navegação (0.0000),filtrado (0.0000)
14997,entrecortada (0.0000),experientes (0.0000),famoso (0.0000),navegavam (0.0000),filtrada (0.0000)
14998,entrecortados (0.0000),raoni (0.0000),promove (0.0000),navegava (0.0000),refletidos (0.0000)
14999,entregar (0.0000),experimentais (0.0000),pretão (0.0000),navegado (0.0000),fervendo (0.0000)
15000,erguendo (0.0000),exibiam (0.0000),pretura (0.0000),nativos (0.0000),ferviam (0.0000)
15001,entregas (0.0000),exerço (0.0000),expresse (0.0000),nativista (0.0000),fervilhava (0.0000)
15002,retirantes (0.0000),extrativista (0.0000),preconceituosas (0.0000),nativas (0.0000),fervor (0.0000)
15003,mangabas (0.0000),rastas (0.0000),friso (0.0000),natação (0.0000),fervoroso (0.0000)
15004,entregue (0.0000),reafirmação (0.0000),precoce (0.0000),natalinas (0.0000),refletisse (0.0000)
15005,mangaba (0.0000),evocavam (0.0000),friorenta (0.0000),nata (0.0000),festejo (0.0000)
15006,pixel (0.0000),evolui (0.0000),preconcebida (0.0000),nascimentos (0.0000),festejos (0.0000)
15007,retinta (0.0000),evolução (0.0000),preconceituosa (0.0000),nascidos (0.0000),festiva (0.0000)
15008,entrelaçado (0.0000),reafirmando (0.0000),frevo (0.0000),nasceres (0.0000),festividades (0.0000)
15009,reticulado (0.0000),raíssa (0.0000),fresquinhos (0.0000),nascerem (0.0000),fevereiro (0.0000)
15010,entrelaçamento (0.0000),exalou (0.0000),frito (0.0000),narravam (0.0000),fi (0.0000)
15011,entrelaçando (0.0000),examina (0.0000),fresquinho (0.0000),narrava (0.0000),fiado (0.0000)
15012,entrelaçar (0.0000),exata (0.0000),frescuras (0.0000),naveguei (0.0000),refletiram (0.0000)
15013,manezinha (0.0000),rastros (0.0000),frescura (0.0000),navigando (0.0000),ficado (0.0000)
15014,mango (0.0000),exaustiva (0.0000),frescos (0.0000),navio (0.0000),filtra (0.0000)
15015,entoar (0.0000),exaustivo (0.0000),preconceituosos (0.0000),nega (0.0000),ficavam (0.0000)
15016,entoadas (0.0000),excelente (0.0000),frescas (0.0000),negociação (0.0000),fico (0.0000)
15017,entidades (0.0000),excessivos (0.0000),frita (0.0000),negociava (0.0000),fictício (0.0000)
15018,reunia (0.0000),raspadinho (0.0000),frizz (0.0000),negociada (0.0000),figa (0.0000)
15019,reumatismo (0.0000),rasqueado (0.0000),predefinidos (0.0000),nego (0.0000),figueira (0.0000)
15020,manhosa (0.0000),exceção (0.0000),frustra (0.0000),negligenciada (0.0000),refiram (0.0000)
15021,entalhada (0.0000),exclamações (0.0000),frustrações (0.0000),negativos (0.0000),refira (0.0000)
15022,entalhadas (0.0000),raspava (0.0000),frustração (0.0000),negar (0.0000),figurativos (0.0000)
15023,entalhado (0.0000),exclusão (0.0000),frustrar (0.0000),necessários (0.0000),referirem (0.0000)
15024,retêm (0.0000),executa (0.0000),frustrante (0.0000),navios (0.0000),filhote (0.0000)
15025,manha (0.0000),executada (0.0000),frustrado (0.0000),necessidades (0.0000),filigrana (0.0000)
15026,entardeceres (0.0000),executados (0.0000),frustrada (0.0000),necessariamente (0.0000),filme (0.0000)
15027,ente (0.0000),executando (0.0000),precisavam (0.0000),nebulosos (0.0000),filmes (0.0000)
15028,entediada (0.0000),exemplar (0.0000),frondosa (0.0000),nebulosa (0.0000),filosófico (0.0000)
15029,entediado (0.0000),raspar (0.0000),frouxa (0.0000),neblina (0.0000),franzindo (0.0000)
15030,retribui (0.0000),raspando (0.0000),precise (0.0000),nação (0.0000),fraquinho (0.0000)
15031,piscinas (0.0000),exercer (0.0000),precisei (0.0000),nazaré (0.0000),receio (0.0000)
15032,manguezal (0.0000),experimentação (0.0000),fronte (0.0000),mostre (0.0000),germânica (0.0000)
15033,entendesse (0.0000),range (0.0000),frontal (0.0000),mostrassem (0.0000),ralinho (0.0000)
15034,retratavam (0.0000),ramificada (0.0000),precisem (0.0000),mostrasse (0.0000),gesticulo (0.0000)
15035,entendi (0.0000),extenuante (0.0000),predefinidas (0.0000),milagres (0.0000),gesticular (0.0000)
15036,entendiam (0.0000),raimundão (0.0000),frequento (0.0000),minucioso (0.0000),ralou (0.0000)
15037,entendido (0.0000),raimundo (0.0000),pretinhos (0.0000),minuciosas (0.0000),gestações (0.0000)
15038,entendidos (0.0000),raiar (0.0000),predominantes (0.0000),minuciosa (0.0000),gerânio (0.0000)
15039,piso (0.0000),raiadas (0.0000),franzina (0.0000),minorias (0.0000),germinar (0.0000)
15040,retratava (0.0000),rafia (0.0000),franze (0.0000),ministério (0.0000),radicais (0.0000)
15041,enterradas (0.0000),expressas (0.0000),predominante (0.0000),minimalistas (0.0000),gerente (0.0000)
15042,enterrados (0.0000),rafael (0.0000),frango (0.0000),minimalismo (0.0000),gerencio (0.0000)
15043,enterram (0.0000),expressavam (0.0000),francos (0.0000),miniaturas (0.0000),gerenciando (0.0000)
15044,enterros (0.0000),rafa (0.0000),predominantemente (0.0000),miniatura (0.0000),ramen (0.0000)
15045,entrelaço (0.0000),radiante (0.0000),francamente (0.0000),minguava (0.0000),ramificada (0.0000)
15046,entrelinhas (0.0000),racista (0.0000),franzir (0.0000),mingau (0.0000),gerar (0.0000)
15047,manejavam (0.0000),exprimem (0.0000),franca (0.0000),mineração (0.0000),ralar (0.0000)
15048,envolveu (0.0000),extensos (0.0000),predominava (0.0000),militares (0.0000),gibis (0.0000)
15049,planeja (0.0000),extenuantes (0.0000),fragrâncias (0.0000),militando (0.0000),ralando (0.0000)
15050,resultaria (0.0000),ramen (0.0000),preenche (0.0000),milhões (0.0000),gigantes (0.0000)
15051,planejado (0.0000),racializado (0.0000),preenchem (0.0000),milhão (0.0000),gigantescas (0.0000)
15052,envolvimento (0.0000),exterioridade (0.0000),fragmento (0.0000),milenares (0.0000),ralado (0.0000)
15053,envolvo (0.0000),exteriormente (0.0000),franzindo (0.0000),minuciosos (0.0000),gira (0.0000)
15054,resultantes (0.0000),externa (0.0000),fraqueza (0.0000),minuto (0.0000),girar (0.0000)
15055,enxadas (0.0000),externo (0.0000),frequentes (0.0000),minutos (0.0000),raimundão (0.0000)
15056,mandacarus (0.0000),extinta (0.0000),prediletos (0.0000),misericórdia (0.0000),giz (0.0000)
15057,resultante (0.0000),extra (0.0000),predileta (0.0000),mitologia (0.0000),glacial (0.0000)
15058,enxuta (0.0000),extrai (0.0000),frequentei (0.0000),miséria (0.0000),glamouroso (0.0000)
15059,enérgico (0.0000),extraordinária (0.0000),frequentar (0.0000),misteriosos (0.0000),glitter (0.0000)
15060,episódio (0.0000),extraordinárias (0.0000),frequentamos (0.0000),mista (0.0000),global (0.0000)
15061,resultando (0.0000),racializadas (0.0000),frequentam (0.0000),missô (0.0000),gogh (0.0000)
15062,equestres (0.0000),extrapolo (0.0000),frequenta (0.0000),missão (0.0000),goiabas (0.0000)
15063,equidade (0.0000),extrativismo (0.0000),frenesi (0.0000),missoshiru (0.0000),goiabeira (0.0000)
15064,equilibrada (0.0000),rainha (0.0000),fraquinho (0.0000),miscigenações (0.0000),gera (0.0000)
15065,equilibrado (0.0000),raios (0.0000),freguês (0.0000),minério (0.0000),rangendo (0.0000)
15066,manda (0.0000),exportação (0.0000),freelancer (0.0000),miscigenado (0.0000),ranhuras (0.0000)
15067,plano (0.0000),raiva (0.0000),freelance (0.0000),miscigenadas (0.0000),generalizante (0.0000)
15068,manchando (0.0000),explicada (0.0000),fraterno (0.0000),miscigenada (0.0000),gaúchos (0.0000)
15069,equilibro (0.0000),explicam (0.0000),frases (0.0000),mirim (0.0000),gel (0.0000)
15070,resultam (0.0000),explicando (0.0000),predileção (0.0000),minúsculos (0.0000),rasgou (0.0000)
15071,equipamentos (0.0000),ramalho (0.0000),precisava (0.0000),minúsculo (0.0000),geladas (0.0000)
15072,equipe (0.0000),explicassem (0.0000),precisasse (0.0000),minúcia (0.0000),geladinho (0.0000)
15073,equivocada (0.0000),explicação (0.0000),precisaria (0.0000),milenar (0.0000),gem (0.0000)
15074,resultados (0.0000),explicações (0.0000),fusca (0.0000),migraram (0.0000),rasgo (0.0000)
15075,restrita (0.0000),explicitamente (0.0000),futuristas (0.0000),mitológico (0.0000),gemer (0.0000)
15076,envolvi (0.0000),explico (0.0000),futurismo (0.0000),migrar (0.0000),geminadas (0.0000)
15077,resultou (0.0000),explicá (0.0000),praticando (0.0000),meto (0.0000),genealogia (0.0000)
15078,manejaram (0.0000),explique (0.0000),futevôlei (0.0000),metido (0.0000),generalidade (0.0000)
15079,mandiocas (0.0000),explodam (0.0000),futebol (0.0000),meticulosidade (0.0000),generalista (0.0000)
15080,manejar (0.0000),explodia (0.0000),praticante (0.0000),metia (0.0000),generalizadas (0.0000)
15081,entremear (0.0000),explodindo (0.0000),furiosos (0.0000),metalúrgica (0.0000),generalizado (0.0000)
15082,entretenimento (0.0000),explodir (0.0000),fuçar (0.0000),mestres (0.0000),raros (0.0000)
15083,manejado (0.0000),explorada (0.0000),praticantes (0.0000),mestras (0.0000),raoni (0.0000)
15084,entusiasma (0.0000),exploram (0.0000),furar (0.0000),mestra (0.0000),rarefeito (0.0000)
15085,maneja (0.0000),ralar (0.0000),furacão (0.0000),mesmx (0.0000),generalizem (0.0000)
15086,entusiasta (0.0000),ralando (0.0000),fura (0.0000),mesclavam (0.0000),raras (0.0000)
15087,resumidas (0.0000),explorava (0.0000),pratico (0.0000),mesclava (0.0000),raps (0.0000)
15088,envelhece (0.0000),exploração (0.0000),funerais (0.0000),mesclam (0.0000),gentes (0.0000)
15089,envelhecer (0.0000),explosiva (0.0000),futuros (0.0000),mescladas (0.0000),rapina (0.0000)
15090,envelheceu (0.0000),explosivo (0.0000),fábrica (0.0000),mesas (0.0000),genuinamente (0.0000)
15091,envelhecidos (0.0000),explosivos (0.0000),precisando (0.0000),meros (0.0000),rapidamente (0.0000)
15092,envenena (0.0000),ralado (0.0000),praqueles (0.0000),mergulhava (0.0000),rapazinho (0.0000)
15093,envenenam (0.0000),explícitas (0.0000),gabi (0.0000),mergulhada (0.0000),genérico (0.0000)
15094,maneirismos (0.0000),explícitos (0.0000),gaba (0.0000),metro (0.0000),rapazes (0.0000)
15095,envergonha (0.0000),quarentão (0.0000),prancha (0.0000),metropolitana (0.0000),genético (0.0000)
15096,envergonhada (0.0000),felina (0.0000),fórmula (0.0000),metros (0.0000),geografias (0.0000)
15097,envergonham (0.0000),felino (0.0000),praquelas (0.0000),mexo (0.0000),rapadura (0.0000)
15098,envergonhe (0.0000),fortalecer (0.0000),praquele (0.0000),migalhas (0.0000),radicalmente (0.0000)
15099,envergonhei (0.0000),formalidade (0.0000),físicamente (0.0000),migalha (0.0000),gole (0.0000)
15100,planalto (0.0000),prosperidade (0.0000),praticamente (0.0000),midi (0.0000),recebidos (0.0000)
15101,enviesados (0.0000),formaram (0.0000),prateadas (0.0000),micro (0.0000),quisesse (0.0000)
15102,envolta (0.0000),prosperaram (0.0000),prateado (0.0000),mi (0.0000),grilhões (0.0000)
15103,envolva (0.0000),formatos (0.0000),praticada (0.0000),mg (0.0000),grilagem (0.0000)
15104,resumia (0.0000),formavam (0.0000),férias (0.0000),meço (0.0000),grifes (0.0000)
15105,resumem (0.0000),proporção (0.0000),fã (0.0000),mexicanas (0.0000),grife (0.0000)
15106,planas (0.0000),formosa (0.0000),fátima (0.0000),metrópole (0.0000),gremista (0.0000)
15107,esforçar (0.0000),formulários (0.0000),prato (0.0000),mexiam (0.0000),graú (0.0000)
15108,respeitamos (0.0000),forrós (0.0000),fundiu (0.0000),mexeriam (0.0000),química (0.0000)
15109,esforços (0.0000),fortalece (0.0000),fundiram (0.0000),mexerem (0.0000),golpes (0.0000)
15110,estereotipado (0.0000),fortalecemos (0.0000),fugiam (0.0000),mexendo (0.0000),gravam (0.0000)
15111,estarmos (0.0000),fortalecendo (0.0000),fumegante (0.0000),metálico (0.0000),rabeca (0.0000)
15112,represento (0.0000),fortaleceram (0.0000),preciosa (0.0000),metáfora (0.0000),rabisca (0.0000)
15113,representem (0.0000),protegemos (0.0000),fumando (0.0000),metrópoles (0.0000),graus (0.0000)
15114,estaturas (0.0000),proporcionavam (0.0000),fumado (0.0000),mitológica (0.0000),grau (0.0000)
15115,estatística (0.0000),fortaleça (0.0000),fuma (0.0000),mitológicos (0.0000),rabiscadas (0.0000)
15116,estende (0.0000),fortaleçam (0.0000),fugir (0.0000),mostarda (0.0000),grilos (0.0000)
15117,estendem (0.0000),pronúncias (0.0000),fugia (0.0000),monocromático (0.0000),gringo (0.0000)
15118,estendendo (0.0000),pronunciavam (0.0000),prazer (0.0000),moralismos (0.0000),grisalha (0.0000)
15119,estender (0.0000),fortíssima (0.0000),fugazes (0.0000),moradora (0.0000),grisalhar (0.0000)
15120,límpida (0.0000),pronunciando (0.0000),fuga (0.0000),morador (0.0000),quiquin (0.0000)
15121,estendiam (0.0000),forçado (0.0000),fubá (0.0000),moradias (0.0000),gritaram (0.0000)
15122,estendidos (0.0000),forçam (0.0000),fu (0.0000),moradia (0.0000),gritava (0.0000)
15123,estereotipadas (0.0000),pronunciados (0.0000),frágeis (0.0000),moquecas (0.0000),quiquim (0.0000)
15124,representativos (0.0000),forçaram (0.0000),frutíferas (0.0000),monótono (0.0000),gritos (0.0000)
15125,esfrega (0.0000),pronunciada (0.0000),fumegantes (0.0000),monótona (0.0000),quipás (0.0000)
15126,representativo (0.0000),forçavam (0.0000),precedeu (0.0000),monólito (0.0000),grossense (0.0000)
15127,estereotipações (0.0000),protagonismo (0.0000),funciona (0.0000),monumental (0.0000),grossenses (0.0000)
15128,representativas (0.0000),protegeram (0.0000),precede (0.0000),montes (0.0000),grosseria (0.0000)
15129,representativa (0.0000),quarentona (0.0000),praças (0.0000),montar (0.0000),quindim (0.0000)
15130,representassem (0.0000),proteções (0.0000),funcionam (0.0000),montanhosa (0.0000),quimonos (0.0000)
15131,líder (0.0000),provedor (0.0000),funcionando (0.0000),montados (0.0000),quim (0.0000)
15132,representasse (0.0000),fluiu (0.0000),funcionário (0.0000),montado (0.0000),grudadas (0.0000)
15133,representante (0.0000),flutua (0.0000),funcionários (0.0000),monstro (0.0000),granola (0.0000)
15134,esticavam (0.0000),flutuando (0.0000),praça (0.0000),monotonia (0.0000),grandiosidade (0.0000)
15135,estilizadas (0.0000),flutuasse (0.0000),prazos (0.0000),moram (0.0000),grandeza (0.0000)
15136,estilizados (0.0000),flutuava (0.0000),fundamentalmente (0.0000),morango (0.0000),rachavam (0.0000)
15137,representadas (0.0000),flutuo (0.0000),fundas (0.0000),morava (0.0000),gonçalves (0.0000)
15138,representada (0.0000),fluxo (0.0000),prazo (0.0000),morrerem (0.0000),racionar (0.0000)
15139,estarei (0.0000),provações (0.0000),prazeroso (0.0000),mosquitos (0.0000),gordo (0.0000)
15140,límpido (0.0000),fluíam (0.0000),prazeres (0.0000),mosqueiro (0.0000),gordurinhas (0.0000)
15141,podcasts (0.0000),fluída (0.0000),fundindo (0.0000),mortos (0.0000),racialmente (0.0000)
15142,representou (0.0000),flúor (0.0000),preencher (0.0000),mortes (0.0000),racializado (0.0000)
15143,esquema (0.0000),provar (0.0000),preenchida (0.0000),morta (0.0000),gostado (0.0000)
15144,reservas (0.0000),protestos (0.0000),fragilidades (0.0000),morro (0.0000),gostam (0.0000)
15145,esquentando (0.0000),protegerei (0.0000),preparação (0.0000),morrido (0.0000),gostando (0.0000)
15146,esquentava (0.0000),focarei (0.0000),preocuparem (0.0000),morre (0.0000),racializadas (0.0000)
15147,reservados (0.0000),fofo (0.0000),fluíam (0.0000),mordaz (0.0000),gostasse (0.0000)
15148,reservadas (0.0000),protestar (0.0000),preocupo (0.0000),morna (0.0000),goste (0.0000)
15149,esqueçam (0.0000),fogueiras (0.0000),preparada (0.0000),moreninhos (0.0000),gostei (0.0000)
15150,esqueço (0.0000),proteja (0.0000),preparado (0.0000),more (0.0000),gostinho (0.0000)
15151,poca (0.0000),folhagens (0.0000),fluvial (0.0000),mordidas (0.0000),gostou (0.0000)
15152,esquisitices (0.0000),protegidos (0.0000),flutuasse (0.0000),mordida (0.0000),rabiscam (0.0000)
15153,lógica (0.0000),fonemas (0.0000),foca (0.0000),morder (0.0000),gracejar (0.0000)
15154,esquivar (0.0000),protegido (0.0000),flutuar (0.0000),morde (0.0000),gracinhas (0.0000)
15155,resende (0.0000),foquei (0.0000),flutuante (0.0000),monolítica (0.0000),graciosa (0.0000)
15156,requinte (0.0000),forasteiros (0.0000),fluiu (0.0000),monocromática (0.0000),rachadinho (0.0000)
15157,estabanado (0.0000),forcei (0.0000),prescinde (0.0000),mitos (0.0000),graduada (0.0000)
15158,requer (0.0000),forjou (0.0000),presenciais (0.0000),monocromia (0.0000),gradual (0.0000)
15159,lóbulos (0.0000),prontos (0.0000),presenciamos (0.0000),modernizar (0.0000),gradualmente (0.0000)
15160,lóbulo (0.0000),prontidão (0.0000),flúor (0.0000),modernizados (0.0000),graduação (0.0000)
15161,estabelecidas (0.0000),fotografias (0.0000),focado (0.0000),modernista (0.0000),grafiteira (0.0000)
15162,estabelecidos (0.0000),fronteira (0.0000),folgado (0.0000),moderninha (0.0000),grafiteiro (0.0000)
15163,repórter (0.0000),progredindo (0.0000),fogem (0.0000),modernidades (0.0000),rabiscos (0.0000)
15164,estados (0.0000),programadora (0.0000),folga (0.0000),modernices (0.0000),grama (0.0000)
15165,estadual (0.0000),profusão (0.0000),folclóricas (0.0000),moderação (0.0000),grampo (0.0000)
15166,estalos (0.0000),fresquinhos (0.0000),folclórica (0.0000),moderado (0.0000),grana (0.0000)
15167,reproduzindo (0.0000),frestas (0.0000),folclore (0.0000),modelos (0.0000),raspadinho (0.0000)
15168,reproduzem (0.0000),frevo (0.0000),prendiam (0.0000),modelo (0.0000),gaúchas (0.0000)
15169,representá (0.0000),proferi (0.0000),prenunciando (0.0000),modelar (0.0000),raspando (0.0000)
15170,estilosa (0.0000),profano (0.0000),fofocas (0.0000),modelando (0.0000),fulni (0.0000)
15171,lê (0.0000),proeminentes (0.0000),preocupado (0.0000),modelado (0.0000),fumegantes (0.0000)
15172,represa (0.0000),frita (0.0000),fofoca (0.0000),modelada (0.0000),realçavam (0.0000)
15173,repletos (0.0000),frito (0.0000),fofo (0.0000),mochi (0.0000),fumando (0.0000)
15174,estressante (0.0000),frondosa (0.0000),fofa (0.0000),mobília (0.0000),fumado (0.0000)
15175,estresse (0.0000),fronte (0.0000),preocupa (0.0000),mobilidade (0.0000),reapropria (0.0000)
15176,estresso (0.0000),frustra (0.0000),focarei (0.0000),modernização (0.0000),fulniô (0.0000)
15177,estrias (0.0000),fotográfica (0.0000),preocupada (0.0000),modestos (0.0000),fugir (0.0000)
15178,estritamente (0.0000),frustrado (0.0000),presenciei (0.0000),modificação (0.0000),gay (0.0000)
15179,estritos (0.0000),frustrar (0.0000),presenteadas (0.0000),molduras (0.0000),fugindo (0.0000)
15180,estrondo (0.0000),produzem (0.0000),presenteado (0.0000),molhou (0.0000),fugiam (0.0000)
15181,estruturados (0.0000),produz (0.0000),flamengo (0.0000),molhar (0.0000),fugazes (0.0000)
15182,estruturas (0.0000),produtores (0.0000),prestativo (0.0000),molhando (0.0000),fuga (0.0000)
15183,estuda (0.0000),frutíferas (0.0000),presume (0.0000),molhado (0.0000),fubá (0.0000)
15184,estudado (0.0000),frágeis (0.0000),prete (0.0000),moleques (0.0000),fu (0.0000)
15185,podão (0.0000),fu (0.0000),pretende (0.0000),molecada (0.0000),realçam (0.0000)
15186,luva (0.0000),produtora (0.0000),flash (0.0000),moldá (0.0000),realçados (0.0000)
15187,poeirenta (0.0000),fuga (0.0000),flanela (0.0000),moldo (0.0000),funcionário (0.0000)
15188,estudar (0.0000),fugia (0.0000),flamboyant (0.0000),modula (0.0000),funcionários (0.0000)
15189,estudarem (0.0000),fugiam (0.0000),presentear (0.0000),moldam (0.0000),fundamentalmente (0.0000)
15190,estudei (0.0000),produtivo (0.0000),fiéis (0.0000),moldados (0.0000),fundiam (0.0000)
15191,estudiosa (0.0000),progressiva (0.0000),pretensiosa (0.0000),moldadas (0.0000),fundiram (0.0000)
15192,estudos (0.0000),projeta (0.0000),pretensão (0.0000),moitas (0.0000),fundiu (0.0000)
15193,estádio (0.0000),projetado (0.0000),pretensões (0.0000),moinhos (0.0000),realizem (0.0000)
15194,estável (0.0000),projetam (0.0000),fiz (0.0000),moeda (0.0000),realizações (0.0000)
15195,estéril (0.0000),fraca (0.0000),pretinho (0.0000),modulando (0.0000),funções (0.0000)
15196,repetidamente (0.0000),prontamente (0.0000),prestar (0.0000),lava (0.0000),fura (0.0000)
15197,estético (0.0000),fracos (0.0000),presta (0.0000),latinos (0.0000),furacão (0.0000)
15198,estéticos (0.0000),promovendo (0.0000),pressões (0.0000),hip (0.0000),furar (0.0000)
15199,estúdio (0.0000),fragilidades (0.0000),floreios (0.0000),incomoda (0.0000),furiosa (0.0000)
15200,esvaindo (0.0000),fragmentadas (0.0000),pressionaram (0.0000),incluído (0.0000),furiosas (0.0000)
15201,estrelato (0.0000),fragmentado (0.0000),pressionado (0.0000),inclusivos (0.0000),furioso (0.0000)
15202,estrelados (0.0000),fragmento (0.0000),presilhas (0.0000),inclusivas (0.0000),reaproveitadas (0.0000)
15203,estima (0.0000),fragmentos (0.0000),presilha (0.0000),incluir (0.0000),frágeis (0.0000)
15204,podiam (0.0000),fragrâncias (0.0000),preservou (0.0000),inclui (0.0000),reaproveitados (0.0000)
15205,estimula (0.0000),fraldas (0.0000),florescerem (0.0000),inclinação (0.0000),recantos (0.0000)
15206,estio (0.0000),francamente (0.0000),floresciam (0.0000),inclinado (0.0000),freelance (0.0000)
15207,léu (0.0000),prometiam (0.0000),florianópolis (0.0000),inclina (0.0000),freelancer (0.0000)
15208,léo (0.0000),franjas (0.0000),florido (0.0000),incidente (0.0000),freguês (0.0000)
15209,lâmpadas (0.0000),franzida (0.0000),floridos (0.0000),inchados (0.0000),frenesi (0.0000)
15210,estrangeira (0.0000),franzindo (0.0000),florindo (0.0000),incessantes (0.0000),recebida (0.0000)
15211,lâmpada (0.0000),franzir (0.0000),floripa (0.0000),incertos (0.0000),recebi (0.0000)
15212,estrangulava (0.0000),prometendo (0.0000),florir (0.0000),incertezas (0.0000),recebeu (0.0000)
15213,estranham (0.0000),fraterno (0.0000),prendia (0.0000),incertas (0.0000),frequentam (0.0000)
15214,lágrima (0.0000),prometem (0.0000),folgados (0.0000),incerta (0.0000),frequentamos (0.0000)
15215,estranharem (0.0000),prolongamento (0.0000),preenchidas (0.0000),incentivou (0.0000),frequentei (0.0000)
15216,poderei (0.0000),freguês (0.0000),preferido (0.0000),incentivaram (0.0000),recatadas (0.0000)
15217,estranhem (0.0000),frenética (0.0000),preferida (0.0000),incoerência (0.0000),recatada (0.0000)
15218,repousavam (0.0000),prolongado (0.0000),fortaleçam (0.0000),incomodada (0.0000),recarrego (0.0000)
15219,poderes (0.0000),prolonga (0.0000),preferidas (0.0000),inserida (0.0000),recarga (0.0000)
15220,estranhos (0.0000),projetando (0.0000),fortalecimento (0.0000),incomode (0.0000),fresquinhos (0.0000)
15221,repousando (0.0000),frequentei (0.0000),fortalecido (0.0000),incríveis (0.0000),reaproveitamento (0.0000)
15222,estratégica (0.0000),provei (0.0000),fortalecida (0.0000),incorreto (0.0000),recado (0.0000)
15223,poderosas (0.0000),provenientes (0.0000),preferidos (0.0000),incorporar (0.0000),friorenta (0.0000)
15224,estratégicas (0.0000),provoca (0.0000),fortuna (0.0000),incorpora (0.0000),frisar (0.0000)
15225,estratégico (0.0000),filtra (0.0000),fortalecemos (0.0000),inconveniente (0.0000),friso (0.0000)
15226,repousam (0.0000),pátria (0.0000),preferimos (0.0000),incontida (0.0000),frito (0.0000)
15227,estreita (0.0000),fictício (0.0000),preferirem (0.0000),inconstante (0.0000),frizz (0.0000)
15228,lxs (0.0000),pátio (0.0000),forrós (0.0000),incomum (0.0000),frontal (0.0000)
15229,luíza (0.0000),fidelidade (0.0000),forno (0.0000),incompreensível (0.0000),fronte (0.0000)
15230,poderosos (0.0000),figa (0.0000),fornecidas (0.0000),incompreensão (0.0000),fronteira (0.0000)
15231,poderá (0.0000),figueira (0.0000),preferi (0.0000),incompleto (0.0000),frouxa (0.0000)
15232,esqueleto (0.0000),pálpebra (0.0000),fortunas (0.0000),incompleteness (0.0000),frustra (0.0000)
15233,esquecê (0.0000),figurativos (0.0000),prenderem (0.0000),incompleta (0.0000),frustrada (0.0000)
15234,esquecimentos (0.0000),pyau (0.0000),fotografias (0.0000),incompatíveis (0.0000),frustrante (0.0000)
15235,macramê (0.0000),filhote (0.0000),fracos (0.0000),incomparável (0.0000),frustração (0.0000)
15236,macias (0.0000),filigrana (0.0000),preenchido (0.0000),incomparáveis (0.0000),fusca (0.0000)
15237,especialização (0.0000),puxaram (0.0000),preenchidos (0.0000),incomodo (0.0000),futevôlei (0.0000)
15238,resolvam (0.0000),filosóficas (0.0000),fotógrafa (0.0000),incentivando (0.0000),futuristas (0.0000)
15239,plurais (0.0000),filtrada (0.0000),fotográfica (0.0000),incentivados (0.0000),garoto (0.0000)
15240,resolva (0.0000),fininha (0.0000),fotografo (0.0000),incensário (0.0000),garanta (0.0000)
15241,resistências (0.0000),filtrado (0.0000),fotografia (0.0000),incalculável (0.0000),raíssa (0.0000)
15242,machucar (0.0000),puxar (0.0000),fortíssima (0.0000),imprimindo (0.0000),garantidas (0.0000)
15243,especificidade (0.0000),puxando (0.0000),fosco (0.0000),imprevisíveis (0.0000),garantido (0.0000)
15244,resisto (0.0000),puxado (0.0000),forçavam (0.0000),imprevisibilidade (0.0000),garantindo (0.0000)
15245,espectros (0.0000),puxadas (0.0000),preestabelecidos (0.0000),impressos (0.0000),razoável (0.0000)
15246,especulativa (0.0000),purus (0.0000),forçar (0.0000),impressionantes (0.0000),garantisse (0.0000)
15247,especulações (0.0000),finalizada (0.0000),forçam (0.0000),impressionante (0.0000),razoavelmente (0.0000)
15248,resistiu (0.0000),finalizadores (0.0000),prefeitura (0.0000),impressionam (0.0000),garimpados (0.0000)
15249,resistirem (0.0000),finalizam (0.0000),fornecem (0.0000),impressiona (0.0000),garimpando (0.0000)
15250,resistiram (0.0000),finalizando (0.0000),formulários (0.0000),impregnando (0.0000),garimpar (0.0000)
15251,resistimos (0.0000),purificação (0.0000),preferências (0.0000),impregnados (0.0000),garimpeiros (0.0000)
15252,espelham (0.0000),finamente (0.0000),fonéticas (0.0000),imprecisão (0.0000),garimpos (0.0000)
15253,espelhando (0.0000),pureza (0.0000),forjou (0.0000),imprecisos (0.0000),rasteira (0.0000)
15254,espelhava (0.0000),pétalas (0.0000),forjar (0.0000),impreciso (0.0000),rasqueado (0.0000)
15255,resistido (0.0000),pêssego (0.0000),forjadas (0.0000),imprecisas (0.0000),ganzás (0.0000)
15256,espelhos (0.0000),pós (0.0000),forcei (0.0000),imprecisa (0.0000),garrafa (0.0000)
15257,resistiam (0.0000),põe (0.0000),prenda (0.0000),impotência (0.0000),garras (0.0000)
15258,machucam (0.0000),felpuda (0.0000),foquei (0.0000),impotente (0.0000),garça (0.0000)
15259,machucados (0.0000),feltro (0.0000),prendas (0.0000),improvisadas (0.0000),raspão (0.0000)
15260,resistia (0.0000),quantidade (0.0000),formosa (0.0000),improvisar (0.0000),gastaram (0.0000)
15261,resista (0.0000),feminilidades (0.0000),prendedor (0.0000),impulsionando (0.0000),raspava (0.0000)
15262,resina (0.0000),quaisquer (0.0000),fonemas (0.0000),in (0.0000),raspar (0.0000)
15263,plumas (0.0000),fenda (0.0000),fone (0.0000),inaudível (0.0000),gastronomia (0.0000)
15264,resolvesse (0.0000),fenotípica (0.0000),prendedores (0.0000),inato (0.0000),gata (0.0000)
15265,plural (0.0000),fere (0.0000),folheavam (0.0000),inalcançável (0.0000),gatas (0.0000)
15266,madeiras (0.0000),ferido (0.0000),folhagens (0.0000),inadequada (0.0000),gato (0.0000)
15267,maestria (0.0000),feroz (0.0000),prejudica (0.0000),inacessíveis (0.0000),gatos (0.0000)
15268,esgarçada (0.0000),ferreira (0.0000),formada (0.0000),inaceitável (0.0000),gaveta (0.0000)
15269,esgarçadas (0.0000),ferrão (0.0000),formadas (0.0000),inacabados (0.0000),gavião (0.0000)
15270,esgotada (0.0000),fertilidade (0.0000),formado (0.0000),imóveis (0.0000),ganância (0.0000)
15271,esgotado (0.0000),ferve (0.0000),formados (0.0000),impulsionar (0.0000),ganhos (0.0000)
15272,esgotá (0.0000),fervendo (0.0000),formais (0.0000),imã (0.0000),realizando (0.0000)
15273,esgravata (0.0000),fervente (0.0000),formalidade (0.0000),imune (0.0000),gaita (0.0000)
15274,esgueira (0.0000),ferviam (0.0000),formalidades (0.0000),impõem (0.0000),futuros (0.0000)
15275,esmaecidos (0.0000),fervo (0.0000),formalizados (0.0000),impurezas (0.0000),fuçar (0.0000)
15276,madureira (0.0000),quadril (0.0000),preguiçoso (0.0000),impulsivamente (0.0000),realizam (0.0000)
15277,esmagada (0.0000),festejo (0.0000),formaram (0.0000),impulsiva (0.0000),realizados (0.0000)
15278,espacinho (0.0000),festejos (0.0000),preguiçosas (0.0000),impulsionou (0.0000),fã (0.0000)
15279,espada (0.0000),festiva (0.0000),preguiçosa (0.0000),inculto (0.0000),realizado (0.0000)
15280,resolvido (0.0000),quadrada (0.0000),formaturas (0.0000),incutidas (0.0000),férias (0.0000)
15281,espalhado (0.0000),festival (0.0000),pregando (0.0000),incutiram (0.0000),realiza (0.0000)
15282,resolvida (0.0000),quadra (0.0000),preferível (0.0000),influenciados (0.0000),realista (0.0000)
15283,espalhafatosa (0.0000),fiado (0.0000),formei (0.0000),iniciante (0.0000),fêmea (0.0000)
15284,resolvi (0.0000),públicas (0.0000),expressem (0.0000),ingrediente (0.0000),físicamente (0.0000)
15285,espalhando (0.0000),fincada (0.0000),práticos (0.0000),inglaterra (0.0000),gaba (0.0000)
15286,madrepérola (0.0000),fininhas (0.0000),equilibrada (0.0000),ingestão (0.0000),gabriel (0.0000)
15287,espalhou (0.0000),flui (0.0000),esparsas (0.0000),ingenuidade (0.0000),gabriela (0.0000)
15288,madeireiros (0.0000),florescia (0.0000),especialidade (0.0000),infortúnios (0.0000),reais (0.0000)
15289,espantar (0.0000),pude (0.0000),rachar (0.0000),infortúnio (0.0000),ganho (0.0000)
15290,madeireiras (0.0000),publicamente (0.0000),rachavam (0.0000),informações (0.0000),galhos (0.0000)
15291,esparramado (0.0000),psicodélico (0.0000),raciais (0.0000),informação (0.0000),galinha (0.0000)
15292,esparsa (0.0000),florada (0.0000),racial (0.0000),informativa (0.0000),galinhada (0.0000)
15293,esparsas (0.0000),próspero (0.0000),espartilho (0.0000),informar (0.0000),galinhas (0.0000)
15294,esperançosa (0.0000),práticos (0.0000),racializadas (0.0000),informado (0.0000),galo (0.0000)
15295,resignado (0.0000),proximidades (0.0000),especialização (0.0000),informada (0.0000),galpão (0.0000)
15296,esquecimento (0.0000),provérbios (0.0000),racializado (0.0000),informa (0.0000),galpões (0.0000)
15297,resgatam (0.0000),florescem (0.0000),espanto (0.0000),influenciou (0.0000),galã (0.0000)
15298,esportiva (0.0000),florescendo (0.0000),espantar (0.0000),influenciariam (0.0000),reafirmo (0.0000)
15299,esportivas (0.0000),florescente (0.0000),espanta (0.0000),influenciaria (0.0000),reafirmando (0.0000)
15300,esporádica (0.0000),provável (0.0000),espanhol (0.0000),iniciativas (0.0000),ganhar (0.0000)
15301,esporádicas (0.0000),floresceu (0.0000),espalhavam (0.0000),iniciação (0.0000),ganhava (0.0000)
15302,esporádicos (0.0000),floresciam (0.0000),especialista (0.0000),inigualáveis (0.0000),ganhavam (0.0000)
15303,resgata (0.0000),pupunha (0.0000),rachando (0.0000),inscrevem (0.0000),ganhei (0.0000)
15304,esposo (0.0000),florestais (0.0000),espalhando (0.0000),inseparáveis (0.0000),farinhenta (0.0000)
15305,pneuzinhos (0.0000),florestas (0.0000),rachados (0.0000),inseguro (0.0000),fariam (0.0000)
15306,espreguiço (0.0000),floresça (0.0000),rabiscadas (0.0000),inseguras (0.0000),faria (0.0000)
15307,espreita (0.0000),floresçam (0.0000),esperados (0.0000),insegurança (0.0000),espécie (0.0000)
15308,espreitando (0.0000),provou (0.0000),rabiscado (0.0000),inscrição (0.0000),resistia (0.0000)
15309,macacos (0.0000),floridas (0.0000),rabiscados (0.0000),inscrevera (0.0000),esquecendo (0.0000)
15310,espreme (0.0000),provocava (0.0000),espelhava (0.0000),inscrever (0.0000),resistiam (0.0000)
15311,espremendo (0.0000),florindo (0.0000),rachadinho (0.0000),inquietos (0.0000),espíritos (0.0000)
15312,espremida (0.0000),floripa (0.0000),especulações (0.0000),inimiga (0.0000),resistido (0.0000)
15313,espremido (0.0000),florir (0.0000),especiaria (0.0000),inquietações (0.0000),espírita (0.0000)
15314,espécie (0.0000),florzinha (0.0000),especulativa (0.0000),inquestionáveis (0.0000),espremido (0.0000)
15315,espírita (0.0000),provocam (0.0000),espectros (0.0000),inovadora (0.0000),estabanado (0.0000)
15316,reservou (0.0000),fluentemente (0.0000),especificidade (0.0000),inorganizável (0.0000),espremendo (0.0000)
15317,espíritos (0.0000),flechas (0.0000),especificação (0.0000),injusto (0.0000),espreitava (0.0000)
15318,macaco (0.0000),flecha (0.0000),especificamente (0.0000),injusta (0.0000),espreitando (0.0000)
15319,esquecemos (0.0000),flautas (0.0000),especiarias (0.0000),inimigo (0.0000),espreita (0.0000)
15320,esquecendo (0.0000),flauta (0.0000),espalharam (0.0000),influenciar (0.0000),espreguiço (0.0000)
15321,reservo (0.0000),punhos (0.0000),racialmente (0.0000),influenciadora (0.0000),espreguiçavam (0.0000)
15322,esqueci (0.0000),punho (0.0000),estabanado (0.0000),incêndios (0.0000),resista (0.0000)
15323,esquecidas (0.0000),finura (0.0000),esforçam (0.0000),influenciado (0.0000),esquecidas (0.0000)
15324,esquecido (0.0000),finíssimas (0.0000),rafia (0.0000),indivíduos (0.0000),esquecido (0.0000)
15325,resgatadas (0.0000),finíssimo (0.0000),esfria (0.0000),individualmente (0.0000),esquecimento (0.0000)
15326,espontâneas (0.0000),fique (0.0000),esfrega (0.0000),individualizada (0.0000),esquecimentos (0.0000)
15327,machucada (0.0000),firmar (0.0000),esforços (0.0000),individualidades (0.0000),esquecê (0.0000)
15328,resgatar (0.0000),punha (0.0000),raiadas (0.0000),indistinta (0.0000),esquema (0.0000)
15329,machuca (0.0000),pulsação (0.0000),esforçando (0.0000),indissociável (0.0000),esquenta (0.0000)
15330,esperem (0.0000),pulsava (0.0000),esforçado (0.0000),indireta (0.0000),esquentando (0.0000)
15331,macho (0.0000),pulsar (0.0000),esgotada (0.0000),indiquem (0.0000),esquentar (0.0000)
15332,machistas (0.0000),firmo (0.0000),esforçada (0.0000),indicar (0.0000),resina (0.0000)
15333,pneu (0.0000),pulmõs (0.0000),esforça (0.0000),indicam (0.0000),resignado (0.0000)
15334,machadinha (0.0000),fita (0.0000),esforcei (0.0000),indicadores (0.0000),resido (0.0000)
15335,espertos (0.0000),fitas (0.0000),esforce (0.0000),indicada (0.0000),esquisitices (0.0000)
15336,espessas (0.0000),fixa (0.0000),esferográfica (0.0000),indelicados (0.0000),esquisito (0.0000)
15337,macena (0.0000),fixadas (0.0000),esferas (0.0000),indelicadas (0.0000),esquivar (0.0000)
15338,espessura (0.0000),fixo (0.0000),esgarçadas (0.0000),indefinido (0.0000),residindo (0.0000)
15339,residente (0.0000),fixos (0.0000),esgotado (0.0000),indecifráveis (0.0000),esposo (0.0000)
15340,espetáculo (0.0000),pulam (0.0000),espalhafatosa (0.0000),incômodo (0.0000),resistimos (0.0000)
15341,espingarda (0.0000),fizemos (0.0000),esmagada (0.0000),inefáveis (0.0000),esporádicos (0.0000)
15342,espinha (0.0000),fizer (0.0000),espalhados (0.0000),inefável (0.0000),espirituais (0.0000)
15343,espinhaço (0.0000),pudéssemos (0.0000),racionar (0.0000),inegociáveis (0.0000),resolvi (0.0000)
15344,espinho (0.0000),flacidez (0.0000),racista (0.0000),infiltrar (0.0000),espessas (0.0000)
15345,pneus (0.0000),pudessem (0.0000),espada (0.0000),influenciadas (0.0000),resolvesse (0.0000)
15346,espinhoso (0.0000),pudesse (0.0000),espacinho (0.0000),influenciada (0.0000),resolver (0.0000)
15347,espiral (0.0000),flash (0.0000),esmeraldas (0.0000),influencia (0.0000),espessura (0.0000)
15348,espirituais (0.0000),evocar (0.0000),esmaga (0.0000),inflexíveis (0.0000),espetado (0.0000)
15349,macaxeira (0.0000),evocando (0.0000),rafael (0.0000),inflexão (0.0000),espetados (0.0000)
15350,espiritualidades (0.0000),evocam (0.0000),esmaecidos (0.0000),infinitos (0.0000),espingarda (0.0000)
15351,espiritualmente (0.0000),envelhece (0.0000),esmaecido (0.0000),infinidade (0.0000),espinha (0.0000)
15352,espirituosa (0.0000),entrelaça (0.0000),radicais (0.0000),infiltrando (0.0000),espinhaço (0.0000)
15353,espirituosos (0.0000),entrelaçado (0.0000),radicalmente (0.0000),inequívoco (0.0000),espinho (0.0000)
15354,resgatei (0.0000),entrelaçamento (0.0000),rafa (0.0000),inexplorados (0.0000),resolvem (0.0000)
15355,resgate (0.0000),entrelaçando (0.0000),esgravata (0.0000),inexistente (0.0000),espinhoso (0.0000)
15356,ensolarada (0.0000),entrelaçar (0.0000),rabiscada (0.0000),inevitável (0.0000),resolve (0.0000)
15357,reunirá (0.0000),rejeição (0.0000),rabisca (0.0000),inevitáveis (0.0000),resolvam (0.0000)
15358,ensine (0.0000),entrelaço (0.0000),esperançosa (0.0000),inevitavelmente (0.0000),esporádicas (0.0000)
15359,ecoará (0.0000),entremeadas (0.0000),espremido (0.0000),inesperadamente (0.0000),espiritualidades (0.0000)
15360,dádivas (0.0000),entremeando (0.0000),esquecendo (0.0000),inerentemente (0.0000),espiritualmente (0.0000)
15361,década (0.0000),entremear (0.0000),esquecemos (0.0000),imposto (0.0000),espirituosa (0.0000)
15362,rosadas (0.0000),entretenimento (0.0000),quilos (0.0000),impossíveis (0.0000),espirituosos (0.0000)
15363,rosada (0.0000),entusiasta (0.0000),quilômetro (0.0000),impossibilitando (0.0000),esplendor (0.0000)
15364,pinhais (0.0000),reivindicações (0.0000),espírita (0.0000),híbrida (0.0000),resolva (0.0000)
15365,echarpe (0.0000),envelheceu (0.0000),quimono (0.0000),ibirama (0.0000),espontânea (0.0000)
15366,ecletismo (0.0000),entrego (0.0000),espremida (0.0000),iaô (0.0000),espontâneas (0.0000)
15367,roraima (0.0000),reivindicar (0.0000),esqueci (0.0000),iaó (0.0000),resistirem (0.0000)
15368,ronronando (0.0000),envenena (0.0000),espremendo (0.0000),iaí (0.0000),esporte (0.0000)
15369,maravilhar (0.0000),envenenam (0.0000),espreme (0.0000),iauará (0.0000),esportes (0.0000)
15370,roni (0.0000),envergada (0.0000),espreitava (0.0000),iauaretê (0.0000),esportiva (0.0000)
15371,maratona (0.0000),reivindicando (0.0000),quimonos (0.0000),ias (0.0000),esportivas (0.0000)
15372,rondônia (0.0000),envergonham (0.0000),quindim (0.0000),iaru (0.0000),esporádica (0.0000)
15373,ronda (0.0000),envergonhe (0.0000),espreguiço (0.0000),iarinha (0.0000),resgato (0.0000)
15374,roca (0.0000),envergonhei (0.0000),quilombos (0.0000),iaraí (0.0000),estabeleceram (0.0000)
15375,marajoara (0.0000),enviesados (0.0000),quilombolas (0.0000),iaraçu (0.0000),repreendeu (0.0000)
15376,ecobag (0.0000),envolta (0.0000),rabeca (0.0000),iaras (0.0000),estrangeiro (0.0000)
15377,ecoe (0.0000),envolto (0.0000),esquentava (0.0000),iaporã (0.0000),estratégica (0.0000)
15378,pinheiro (0.0000),reinvenção (0.0000),quiabo (0.0000),ialorixás (0.0000),representativas (0.0000)
15379,ecológicas (0.0000),reinventou (0.0000),esquisito (0.0000),iaiá (0.0000),estranhem (0.0000)
15380,ecológico (0.0000),entregue (0.0000),esquisitices (0.0000),iaia (0.0000),estranhas (0.0000)
15381,economia (0.0000),relacionar (0.0000),quiet (0.0000),hídrica (0.0000),estrangulava (0.0000)
15382,economizar (0.0000),refletiriam (0.0000),quieta (0.0000),ibirapitanga (0.0000),estrangeiros (0.0000)
15383,econômica (0.0000),relembrando (0.0000),quieto (0.0000),ibirapuera (0.0000),representavam (0.0000)
15384,econômicas (0.0000),entendiam (0.0000),esquentar (0.0000),ibiá (0.0000),estabeleceu (0.0000)
15385,econômico (0.0000),entendido (0.0000),quilinhos (0.0000),identificações (0.0000),representações (0.0000)
15386,ronco (0.0000),entendidos (0.0000),esquentando (0.0000),idosos (0.0000),estoicismo (0.0000)
15387,ecos (0.0000),relevantes (0.0000),esquenta (0.0000),idoso (0.0000),estivador (0.0000)
15388,rosas (0.0000),enterradas (0.0000),esquema (0.0000),idosa (0.0000),estio (0.0000)
15389,durão (0.0000),enterrados (0.0000),esqueleto (0.0000),ido (0.0000),estimula (0.0000)
15390,durável (0.0000),enterram (0.0000),quietão (0.0000),ideológicos (0.0000),represento (0.0000)
15391,duráveis (0.0000),enterros (0.0000),quilates (0.0000),identitária (0.0000),estratégicamente (0.0000)
15392,dove (0.0000),entes (0.0000),espreguiçavam (0.0000),identifique (0.0000),estratégicas (0.0000)
15393,pilha (0.0000),entidades (0.0000),quinho (0.0000),identificação (0.0000),estreita (0.0000)
15394,rouba (0.0000),entoadas (0.0000),esporádicos (0.0000),ica (0.0000),estreitam (0.0000)
15395,pilão (0.0000),entoar (0.0000),espessa (0.0000),identificava (0.0000),estreito (0.0000)
15396,dramas (0.0000),relembrar (0.0000),quitutes (0.0000),identificasse (0.0000),representasse (0.0000)
15397,marcadores (0.0000),relembra (0.0000),quê (0.0000),identificar (0.0000),representado (0.0000)
15398,dre (0.0000),entregas (0.0000),espetado (0.0000),idealista (0.0000),estrelados (0.0000)
15399,dreadlocks (0.0000),releitura (0.0000),espessura (0.0000),idas (0.0000),representadas (0.0000)
15400,driblar (0.0000),relaxamentos (0.0000),espessos (0.0000),idades (0.0000),estressante (0.0000)
15401,pimentel (0.0000),relatórios (0.0000),química (0.0000),icoaraci (0.0000),estresse (0.0000)
15402,rotular (0.0000),entrando (0.0000),espertos (0.0000),híbrido (0.0000),estresso (0.0000)
15403,duda (0.0000),entranhado (0.0000),esporádicas (0.0000),hãe (0.0000),estrias (0.0000)
15404,pincelada (0.0000),entranhas (0.0000),esperto (0.0000),igarapé (0.0000),estritamente (0.0000)
15405,rotulada (0.0000),entrar (0.0000),esperta (0.0000),hã (0.0000),estruturadas (0.0000)
15406,dupla (0.0000),entreaberto (0.0000),químicas (0.0000),honram (0.0000),estruturado (0.0000)
15407,duplamente (0.0000),entreabertos (0.0000),esperem (0.0000),honrada (0.0000),represa (0.0000)
15408,duque (0.0000),entrecortada (0.0000),esperava (0.0000),honorário (0.0000),representou (0.0000)
15409,rotinas (0.0000),entrecortados (0.0000),esperar (0.0000),homogêneo (0.0000),reproduzem (0.0000)
15410,pincéis (0.0000),relato (0.0000),quisesse (0.0000),homogênea (0.0000),estilizadas (0.0000)
15411,duradouras (0.0000),relativa (0.0000),quiserem (0.0000),homogeneização (0.0000),estender (0.0000)
15412,duradouro (0.0000),envolvente (0.0000),quis (0.0000),homogeneidade (0.0000),estabelecida (0.0000)
15413,duradouros (0.0000),envolventes (0.0000),espinhoso (0.0000),homofobia (0.0000),estabelecidas (0.0000)
15414,durar (0.0000),envolveu (0.0000),quinze (0.0000),homeopáticas (0.0000),resgatei (0.0000)
15415,duras (0.0000),escaparem (0.0000),espiritualidades (0.0000),homenageiam (0.0000),estabilidade (0.0000)
15416,rosáceo (0.0000),esbelta (0.0000),espiritualizada (0.0000),homenageia (0.0000),resgate (0.0000)
15417,durmo (0.0000),esboçavam (0.0000),quintais (0.0000),holográfico (0.0000),estadual (0.0000)
15418,durou (0.0000),escalar (0.0000),espirituosos (0.0000),históricos (0.0000),resgatadas (0.0000)
15419,ecossistema (0.0000),reggae (0.0000),esplendor (0.0000),históricas (0.0000),estarmos (0.0000)
15420,edição (0.0000),escalda (0.0000),espontaneidade (0.0000),hipotético (0.0000),estará (0.0000)
15421,edredom (0.0000),regava (0.0000),espontânea (0.0000),hipotética (0.0000),reservas (0.0000)
15422,pins (0.0000),escaldantes (0.0000),espontâneas (0.0000),hipnotizava (0.0000),reservar (0.0000)
15423,roer (0.0000),escaldar (0.0000),espontâneos (0.0000),honramos (0.0000),estatística (0.0000)
15424,elogio (0.0000),regados (0.0000),esportiva (0.0000),honrando (0.0000),reservadas (0.0000)
15425,eloquente (0.0000),escancarado (0.0000),esportivas (0.0000),honrava (0.0000),estendendo (0.0000)
15426,eloquentes (0.0000),escapada (0.0000),esporádica (0.0000),hospitaleiro (0.0000),estendia (0.0000)
15427,elus (0.0000),escapamento (0.0000),esfarrapada (0.0000),hábitos (0.0000),esticavam (0.0000)
15428,elza (0.0000),regada (0.0000),raiar (0.0000),hábilmente (0.0000),estendiam (0.0000)
15429,pajé (0.0000),refúgiagens (0.0000),escutavam (0.0000),hummm (0.0000),estendidos (0.0000)
15430,elétrica (0.0000),reinventar (0.0000),escalar (0.0000),humaniza (0.0000),resenha (0.0000)
15431,rodeava (0.0000),refugio (0.0000),realeza (0.0000),hour (0.0000),estereotipadas (0.0000)
15432,ema (0.0000),escassa (0.0000),escaldar (0.0000),hostilidade (0.0000),estereotipado (0.0000)
15433,manuêla (0.0000),refresco (0.0000),escaldantes (0.0000),hostil (0.0000),estereotipados (0.0000)
15434,manuê (0.0000),escasso (0.0000),realismo (0.0000),hospitaleiras (0.0000),resende (0.0000)
15435,emanada (0.0000),escassos (0.0000),escalda (0.0000),honravam (0.0000),estereotipações (0.0000)
15436,rodados (0.0000),esclarecimentos (0.0000),escalava (0.0000),hospitaleira (0.0000),estereotipia (0.0000)
15437,emanando (0.0000),refrescar (0.0000),escala (0.0000),hospital (0.0000),requinte (0.0000)
15438,manutenção (0.0000),escolar (0.0000),escapa (0.0000),horário (0.0000),esteticamente (0.0000)
15439,manuss (0.0000),refrescante (0.0000),esbranquiçado (0.0000),horizontais (0.0000),reprodução (0.0000)
15440,rockabilly (0.0000),reforço (0.0000),esbranquiçada (0.0000),hop (0.0000),estiagens (0.0000)
15441,emanação (0.0000),reforçam (0.0000),esboçavam (0.0000),honro (0.0000),esticam (0.0000)
15442,emancipação (0.0000),refletivos (0.0000),realista (0.0000),honrem (0.0000),resolvida (0.0000)
15443,rochosas (0.0000),refletissem (0.0000),esboçar (0.0000),igapó (0.0000),esperem (0.0000)
15444,embaiava (0.0000),erroneamente (0.0000),esboçam (0.0000),ignorada (0.0000),resolvido (0.0000)
15445,rochas (0.0000),erram (0.0000),escancarado (0.0000),impossibilidade (0.0000),escreveram (0.0000)
15446,embalada (0.0000),regionalidade (0.0000),escapada (0.0000),imerso (0.0000),escritura (0.0000)
15447,embaladas (0.0000),registra (0.0000),rasqueado (0.0000),impede (0.0000),ressoa (0.0000)
15448,manuseava (0.0000),envolvidas (0.0000),razoavelmente (0.0000),impecáveis (0.0000),ressoam (0.0000)
15449,embalando (0.0000),reinventando (0.0000),escolares (0.0000),impassível (0.0000),escritor (0.0000)
15450,rojão (0.0000),reinventa (0.0000),escolar (0.0000),impassibilidade (0.0000),escrito (0.0000)
15451,rolando (0.0000),enxadas (0.0000),rasteira (0.0000),imparável (0.0000),ressoante (0.0000)
15452,eduarda (0.0000),reinterpretando (0.0000),rasteiras (0.0000),impagável (0.0000),escrevem (0.0000)
15453,eli (0.0000),enxuta (0.0000),esclarece (0.0000),impactos (0.0000),esperava (0.0000)
15454,educacional (0.0000),enérgica (0.0000),rasteirinha (0.0000),impacto (0.0000),escreve (0.0000)
15455,educadas (0.0000),enérgico (0.0000),escassas (0.0000),impacta (0.0000),escreva (0.0000)
15456,educado (0.0000),episódio (0.0000),escapadas (0.0000),imitava (0.0000),resta (0.0000)
15457,educador (0.0000),equilibram (0.0000),escapou (0.0000),imitar (0.0000),restam (0.0000)
15458,educadora (0.0000),equilibravam (0.0000),escapiava (0.0000),imitando (0.0000),escovação (0.0000)
15459,roncando (0.0000),equilibro (0.0000),raça (0.0000),imitam (0.0000),escovados (0.0000)
15460,efeito (0.0000),rei (0.0000),raíssa (0.0000),imigrou (0.0000),ressignifico (0.0000)
15461,pinho (0.0000),equipamentos (0.0000),escaparem (0.0000),imigração (0.0000),esculpe (0.0000)
15462,efervescência (0.0000),equitativo (0.0000),reais (0.0000),imigraram (0.0000),esculpia (0.0000)
15463,maquinário (0.0000),equivocada (0.0000),esboçado (0.0000),imigrante (0.0000),ressignificação (0.0000)
15464,maquiagens (0.0000),regularidade (0.0000),realiza (0.0000),impedem (0.0000),ressignificar (0.0000)
15465,pinhão (0.0000),ereto (0.0000),esbelta (0.0000),impedir (0.0000),ressignificando (0.0000)
15466,efêmera (0.0000),ergue (0.0000),realizações (0.0000),impelida (0.0000),ressignificado (0.0000)
15467,efêmeras (0.0000),erguendo (0.0000),realizam (0.0000),implícita (0.0000),ressignificada (0.0000)
15468,ei (0.0000),erguer (0.0000),realizando (0.0000),impositiva (0.0000),esculpira (0.0000)
15469,romper (0.0000),ergueram (0.0000),realizar (0.0000),importou (0.0000),ressignifica (0.0000)
15470,rompe (0.0000),ergueu (0.0000),realizava (0.0000),importar (0.0000),ressequido (0.0000)
15471,maquiada (0.0000),registro (0.0000),realização (0.0000),importam (0.0000),esculpo (0.0000)
15472,pinima (0.0000),eriçado (0.0000),equipe (0.0000),imponentes (0.0000),ressecamento (0.0000)
15473,elegantes (0.0000),eriçados (0.0000),realizem (0.0000),impondo (0.0000),ressecados (0.0000)
15474,rolou (0.0000),erradas (0.0000),esbarro (0.0000),implícitos (0.0000),escurecer (0.0000)
15475,roll (0.0000),entendia (0.0000),equilibro (0.0000),implica (0.0000),escurecia (0.0000)
15476,eletrizante (0.0000),entendesse (0.0000),equilibravam (0.0000),impera (0.0000),escurinho (0.0000)
15477,eletrônicas (0.0000),entenderia (0.0000),equilibrava (0.0000),implacable (0.0000),restante (0.0000)
15478,eletrônicos (0.0000),renovação (0.0000),realizou (0.0000),impiedosos (0.0000),restaurar (0.0000)
15479,eleva (0.0000),reparação (0.0000),realçada (0.0000),impiedoso (0.0000),restava (0.0000)
15480,elevado (0.0000),enfeitiado (0.0000),equilibrado (0.0000),impeça (0.0000),reticulado (0.0000)
15481,doutor (0.0000),enfeito (0.0000),erguendo (0.0000),impetuosa (0.0000),retorcida (0.0000)
15482,dourava (0.0000),enfermidade (0.0000),erguer (0.0000),impessoal (0.0000),escaparem (0.0000)
15483,roubadas (0.0000),enfermidades (0.0000),ergueram (0.0000),imperceptivelmente (0.0000),escapava (0.0000)
15484,marginalizadas (0.0000),enfermos (0.0000),ergueu (0.0000),imersão (0.0000),retomada (0.0000)
15485,marginalizada (0.0000),reparar (0.0000),eriçado (0.0000),imersa (0.0000),escapiava (0.0000)
15486,dividido (0.0000),reparando (0.0000),eriçados (0.0000),ignore (0.0000),escassa (0.0000)
15487,dividindo (0.0000),enfraqueceram (0.0000),erra (0.0000),imensamente (0.0000),escassas (0.0000)
15488,divina (0.0000),repaginado (0.0000),errada (0.0000),ilustram (0.0000),reto (0.0000)
15489,divindade (0.0000),enfrentamos (0.0000),erradas (0.0000),ilustradorx (0.0000),escasso (0.0000)
15490,divindades (0.0000),renovo (0.0000),erram (0.0000),ilustradora (0.0000),escassos (0.0000)
15491,ruivas (0.0000),enfrentava (0.0000),errar (0.0000),iluminação (0.0000),esclarece (0.0000)
15492,divisa (0.0000),renovam (0.0000),erro (0.0000),iluminados (0.0000),esclarecimentos (0.0000)
15493,divorciada (0.0000),engolido (0.0000),erros (0.0000),iluminado (0.0000),retirantes (0.0000)
15494,divorciado (0.0000),enfrentá (0.0000),realizado (0.0000),ilha (0.0000),escolares (0.0000)
15495,margem (0.0000),enfurecido (0.0000),realizada (0.0000),ilegal (0.0000),retangular (0.0000)
15496,ruiva (0.0000),renovada (0.0000),esbarra (0.0000),ilegais (0.0000),restou (0.0000)
15497,ruins (0.0000),renova (0.0000),esbarrava (0.0000),ile (0.0000),escolheram (0.0000)
15498,margaridas (0.0000),renomada (0.0000),escolaridade (0.0000),iguaçu (0.0000),resumindo (0.0000)
15499,ruidosas (0.0000),engano (0.0000),raspão (0.0000),iguarassu (0.0000),resumia (0.0000)
15500,dizerem (0.0000),engatinhando (0.0000),raimundão (0.0000),iguaracy (0.0000),resultou (0.0000)
15501,dizeres (0.0000),rendo (0.0000),escritório (0.0000),igualzinho (0.0000),esconda (0.0000)
15502,rugosidade (0.0000),engessadas (0.0000),rangendo (0.0000),igualar (0.0000),resultantes (0.0000)
15503,diálogos (0.0000),englobe (0.0000),ranhuras (0.0000),igrejinha (0.0000),resultante (0.0000)
15504,rugindo (0.0000),engole (0.0000),rapadura (0.0000),igrejas (0.0000),escondendo (0.0000)
15505,rugido (0.0000),engolem (0.0000),rapaz (0.0000),ilustrando (0.0000),resultam (0.0000)
15506,ruge (0.0000),engoli (0.0000),rapazes (0.0000),ilustrativa (0.0000),escondidos (0.0000)
15507,diários (0.0000),enfeitar (0.0000),rapaziada (0.0000),ilustrativos (0.0000),restrições (0.0000)
15508,mares (0.0000),enfeitando (0.0000),rapazinho (0.0000),imaginemos (0.0000),escondê (0.0000)
15509,rudimentares (0.0000),enfeitam (0.0000),ramo (0.0000),imemoriais (0.0000),restrita (0.0000)
15510,doa (0.0000),enfeitados (0.0000),escritos (0.0000),imediato (0.0000),restringir (0.0000)
15511,dobradas (0.0000),repetida (0.0000),escritoras (0.0000),imbaúba (0.0000),ressecado (0.0000)
15512,dividi (0.0000),repentistas (0.0000),escritor (0.0000),imbatível (0.0000),ressecada (0.0000)
15513,marginalizados (0.0000),encontraram (0.0000),escritas (0.0000),imaginários (0.0000),ressaltando (0.0000)
15514,dobro (0.0000),encontrarei (0.0000),rapidamente (0.0000),imaginário (0.0000),especificidade (0.0000)
15515,marginalizam (0.0000),encontrará (0.0000),escrevê (0.0000),imaginou (0.0000),espantar (0.0000)
15516,distinção (0.0000),repentinas (0.0000),range (0.0000),imaginação (0.0000),espanto (0.0000)
15517,distorcer (0.0000),repentina (0.0000),ramificada (0.0000),ima (0.0000),esparramado (0.0000)
15518,distorcidas (0.0000),repelir (0.0000),raspar (0.0000),imaginavam (0.0000),esparsa (0.0000)
15519,distraído (0.0000),encorpado (0.0000),escurecia (0.0000),imaginativa (0.0000),esparsas (0.0000)
15520,distribua (0.0000),encostada (0.0000),escutamos (0.0000),imaginaria (0.0000),espartilho (0.0000)
15521,distribuiu (0.0000),encostado (0.0000),escutam (0.0000),imaginando (0.0000),respirarei (0.0000)
15522,distribuídos (0.0000),encostas (0.0000),rainha (0.0000),imaginado (0.0000),respirando (0.0000)
15523,distrito (0.0000),encravada (0.0000),raio (0.0000),imagina (0.0000),especialidade (0.0000)
15524,picos (0.0000),encurvada (0.0000),escurinho (0.0000),imaculado (0.0000),especialista (0.0000)
15525,distâncias (0.0000),encurvado (0.0000),ralado (0.0000),insere (0.0000),especialização (0.0000)
15526,distópica (0.0000),endereçamento (0.0000),escurecer (0.0000),inseridas (0.0000),especiaria (0.0000)
15527,russos (0.0000),endireitar (0.0000),ramen (0.0000),latim (0.0000),respeitá (0.0000)
15528,ditado (0.0000),endurecida (0.0000),ralando (0.0000),jequié (0.0000),especificar (0.0000)
15529,ditadura (0.0000),endurecidas (0.0000),ralar (0.0000),jegue (0.0000),respeitosos (0.0000)
15530,dito (0.0000),repassados (0.0000),ralinho (0.0000),jazz (0.0000),espalharam (0.0000)
15531,mariana (0.0000),repassadas (0.0000),ralo (0.0000),jatobá (0.0000),espectros (0.0000)
15532,divagante (0.0000),energiza (0.0000),ralou (0.0000),jateada (0.0000),especulativa (0.0000)
15533,divergem (0.0000),energizam (0.0000),ramalho (0.0000),jaspe (0.0000),especulações (0.0000)
15534,divergências (0.0000),enfatiza (0.0000),escreveram (0.0000),jari (0.0000),respeitosas (0.0000)
15535,russa (0.0000),enfeitada (0.0000),rapidez (0.0000),jardins (0.0000),respeitem (0.0000)
15536,ruru (0.0000),enfeitadas (0.0000),escrevem (0.0000),jaquetas (0.0000),espelhando (0.0000)
15537,ruptura (0.0000),enfeitado (0.0000),escolho (0.0000),jaqueira (0.0000),respeitava (0.0000)
15538,rupestres (0.0000),engolida (0.0000),escondi (0.0000),japão (0.0000),espelhos (0.0000)
15539,diversificado (0.0000),engolindo (0.0000),rarear (0.0000),japonês (0.0000),esperado (0.0000)
15540,rupestre (0.0000),entenderem (0.0000),escondendo (0.0000),japoneses (0.0000),esperados (0.0000)
15541,rumos (0.0000),remendos (0.0000),rarefeito (0.0000),japonesas (0.0000),respeitaram (0.0000)
15542,ruivos (0.0000),removi (0.0000),raros (0.0000),japonesa (0.0000),respeitamos (0.0000)
15543,dobras (0.0000),ensinada (0.0000),esconda (0.0000),janto (0.0000),respeitados (0.0000)
15544,dobrou (0.0000),remo (0.0000),rasgada (0.0000),jantar (0.0000),esperançoso (0.0000)
15545,roubam (0.0000),ensinam (0.0000),escreve (0.0000),jantamos (0.0000),espanhol (0.0000)
15546,dominar (0.0000),ensinamento (0.0000),rasgados (0.0000),jequitinhonha (0.0000),respirava (0.0000)
15547,roçados (0.0000),ensinamentos (0.0000),rasgo (0.0000),jericoacoara (0.0000),escutava (0.0000)
15548,marcasse (0.0000),remexia (0.0000),raspadinho (0.0000),inserido (0.0000),esgravata (0.0000)
15549,roçado (0.0000),ensinara (0.0000),escolheram (0.0000),jian (0.0000),ressaca (0.0000)
15550,domingão (0.0000),remetiam (0.0000),escolher (0.0000),julgue (0.0000),resquícios (0.0000)
15551,pigmentos (0.0000),ensinavam (0.0000),escolhendo (0.0000),julgador (0.0000),esfarrapada (0.0000)
15552,dominical (0.0000),ensine (0.0000),raras (0.0000),julgadas (0.0000),esforcei (0.0000)
15553,dominou (0.0000),remetendo (0.0000),raps (0.0000),julgada (0.0000),esforçando (0.0000)
15554,marcaram (0.0000),ensolarada (0.0000),rapina (0.0000),julga (0.0000),respostas (0.0000)
15555,roçadeira (0.0000),remendadas (0.0000),escondidas (0.0000),jujuba (0.0000),resposta (0.0000)
15556,domável (0.0000),engolir (0.0000),escondidos (0.0000),ju (0.0000),esfrega (0.0000)
15557,doméstico (0.0000),ensurdecedor (0.0000),escondo (0.0000),joões (0.0000),esfria (0.0000)
15558,domínio (0.0000),entalhada (0.0000),escorrendo (0.0000),josé (0.0000),esgarçada (0.0000)
15559,marcara (0.0000),entalhadas (0.0000),rapidinho (0.0000),jornalista (0.0000),esgarçadas (0.0000)
15560,dono (0.0000),entalhado (0.0000),escorrido (0.0000),jornalismo (0.0000),esgota (0.0000)
15561,donos (0.0000),remendada (0.0000),escova (0.0000),jornal (0.0000),esgotada (0.0000)
15562,dons (0.0000),entardeceres (0.0000),escovados (0.0000),joguei (0.0000),esgotá (0.0000)
15563,roxas (0.0000),relíquia (0.0000),escovas (0.0000),jogou (0.0000),esgueira (0.0000)
15564,roxa (0.0000),entediada (0.0000),escovação (0.0000),jogavam (0.0000),espalhando (0.0000)
15565,roupagens (0.0000),entendam (0.0000),escravidão (0.0000),jogava (0.0000),responsável (0.0000)
15566,pilar (0.0000),reluzindo (0.0000),escravizados (0.0000),jivaro (0.0000),responsabilidades (0.0000)
15567,dorso (0.0000),entendemos (0.0000),escravos (0.0000),jangadas (0.0000),esmaecidos (0.0000)
15568,dorzinha (0.0000),reluzente (0.0000),escreva (0.0000),jangada (0.0000),esmaga (0.0000)
15569,pilares (0.0000),entenderam (0.0000),questionou (0.0000),janelas (0.0000),respondo (0.0000)
15570,doses (0.0000),enrugava (0.0000),estabeleceram (0.0000),jandira (0.0000),respondi (0.0000)
15571,roubei (0.0000),enrugando (0.0000),próspero (0.0000),iás (0.0000),esmeraldas (0.0000)
15572,roubavam (0.0000),removida (0.0000),pálida (0.0000),izaías (0.0000),espacinho (0.0000)
15573,roubar (0.0000),remédios (0.0000),exemplar (0.0000),iza (0.0000),responderei (0.0000)
15574,dominei (0.0000),engoliu (0.0000),executando (0.0000),ixe (0.0000),responder (0.0000)
15575,dominante (0.0000),engrossa (0.0000),executada (0.0000),ivinhema (0.0000),resplendor (0.0000)
15576,rudimentar (0.0000),engrossando (0.0000),exclusão (0.0000),itália (0.0000),espalhado (0.0000)
15577,domina (0.0000),renderam (0.0000),exclusivos (0.0000),itá (0.0000),espalhafatosa (0.0000)
15578,doceira (0.0000),rendem (0.0000),exclusivas (0.0000),itens (0.0000),respiravam (0.0000)
15579,rudeza (0.0000),enigmáticos (0.0000),exclamações (0.0000),itaquê (0.0000),estruturas (0.0000)
15580,documentos (0.0000),enobrece (0.0000),exerce (0.0000),itamar (0.0000),estudado (0.0000)
15581,documentário (0.0000),rendeiras (0.0000),exceções (0.0000),itaituba (0.0000),faraônica (0.0000)
15582,piedade (0.0000),rende (0.0000),pálido (0.0000),isoladas (0.0000),extenuantes (0.0000)
15583,marcos (0.0000),enquadra (0.0000),excessos (0.0000),isento (0.0000),extracurriculares (0.0000)
15584,doente (0.0000),renascimento (0.0000),excesso (0.0000),isenta (0.0000),relatórios (0.0000)
15585,doença (0.0000),enquadrava (0.0000),excessivo (0.0000),iscas (0.0000),extinta (0.0000)
15586,doenças (0.0000),renascer (0.0000),excessivas (0.0000),isa (0.0000),externamente (0.0000)
15587,dogmas (0.0000),renascendo (0.0000),página (0.0000),irônicas (0.0000),exteriormente (0.0000)
15588,dogmática (0.0000),enraíza (0.0000),exercer (0.0000),iça (0.0000),exterioridade (0.0000)
15589,rudes (0.0000),renascem (0.0000),excessiva (0.0000),jaboticabeira (0.0000),extensões (0.0000)
15590,pife (0.0000),enriquecendo (0.0000),puxar (0.0000),jabuti (0.0000),relacionar (0.0000)
15591,dolorosas (0.0000),enriquecer (0.0000),exigisse (0.0000),jaguar (0.0000),extensos (0.0000)
15592,rpg (0.0000),enriqueceu (0.0000),exigiria (0.0000),jandi (0.0000),extensas (0.0000)
15593,dolorosos (0.0000),enriqueciam (0.0000),exigindo (0.0000),janaúba (0.0000),expõe (0.0000)
15594,dom (0.0000),enriquecida (0.0000),puxam (0.0000),janaína (0.0000),exprimir (0.0000)
15595,doma (0.0000),enriquecido (0.0000),exigiam (0.0000),jan (0.0000),exprimem (0.0000)
15596,domada (0.0000),enriquecimento (0.0000),puxando (0.0000),jambeiro (0.0000),relaxado (0.0000)
15597,domado (0.0000),enroladas (0.0000),exibir (0.0000),jaguatirica (0.0000),extraordinária (0.0000)
15598,domados (0.0000),enrolado (0.0000),exercia (0.0000),jaguara (0.0000),extraordinárias (0.0000)
15599,domando (0.0000),enrolam (0.0000),puxaram (0.0000),jaguapira (0.0000),extrativismo (0.0000)
15600,roídas (0.0000),enrolo (0.0000),puxei (0.0000),jabuticaba (0.0000),extrativistas (0.0000)
15601,domestei (0.0000),escondi (0.0000),puxo (0.0000),jade (0.0000),extrato (0.0000)
15602,domesticada (0.0000),escondidas (0.0000),puxou (0.0000),jacó (0.0000),extratos (0.0000)
15603,pigmento (0.0000),evitei (0.0000),exerço (0.0000),jackson (0.0000),extravagantes (0.0000)
15604,domestico (0.0000),esteticamente (0.0000),exercícios (0.0000),jaciara (0.0000),extravagância (0.0000)
15605,embalaram (0.0000),estaturas (0.0000),excessivamente (0.0000),jaci (0.0000),extravagâncias (0.0000)
15606,manuseando (0.0000),estatística (0.0000),excelência (0.0000),jacaré (0.0000),extraída (0.0000)
15607,ensinavam (0.0000),reclamar (0.0000),estabeleceu (0.0000),jabuticabas (0.0000),extraídas (0.0000)
15608,manipula (0.0000),estendem (0.0000),evocando (0.0000),juliana (0.0000),extraído (0.0000)
15609,enfiar (0.0000),estender (0.0000),evoluir (0.0000),julinho (0.0000),extraídos (0.0000)
15610,enfoque (0.0000),estendia (0.0000),evoluindo (0.0000),junino (0.0000),extrema (0.0000)
15611,enfraqueceram (0.0000),estendidos (0.0000),evolui (0.0000),kim (0.0000),extremo (0.0000)
15612,enfraquecido (0.0000),recifes (0.0000),pêssego (0.0000),lama (0.0000),extremos (0.0000)
15613,manipulava (0.0000),reciclagem (0.0000),pós (0.0000),laje (0.0000),extroversão (0.0000)
15614,manipular (0.0000),estereotipados (0.0000),evocar (0.0000),lagoas (0.0000),expressá (0.0000)
15615,rezava (0.0000),estereotipações (0.0000),pôsteres (0.0000),lago (0.0000),expressos (0.0000)
15616,manipulando (0.0000),estereotipia (0.0000),exacerbado (0.0000),ladeiras (0.0000),releitura (0.0000)
15617,rezar (0.0000),reciclado (0.0000),pública (0.0000),labuto (0.0000),remendos (0.0000)
15618,rezando (0.0000),esticam (0.0000),evito (0.0000),labutado (0.0000),explicado (0.0000)
15619,enfrentava (0.0000),estará (0.0000),evitei (0.0000),labret (0.0000),explicam (0.0000)
15620,rezamos (0.0000),esticavam (0.0000),evite (0.0000),labrador (0.0000),remexia (0.0000)
15621,manipulam (0.0000),reciclada (0.0000),públicas (0.0000),laboriosa (0.0000),explicassem (0.0000)
15622,enfurecido (0.0000),recheada (0.0000),público (0.0000),labirintos (0.0000),explicação (0.0000)
15623,embaralhada (0.0000),estilizados (0.0000),pétalas (0.0000),labial (0.0000),remetendo (0.0000)
15624,maninha (0.0000),receptivos (0.0000),exagerado (0.0000),kênia (0.0000),explicitamente (0.0000)
15625,engajado (0.0000),estiloso (0.0000),páscoa (0.0000),kã (0.0000),explico (0.0000)
15626,engajar (0.0000),estima (0.0000),exatidão (0.0000),ká (0.0000),explode (0.0000)
15627,manifestou (0.0000),estio (0.0000),exaustão (0.0000),kung (0.0000),explodindo (0.0000)
15628,enganadora (0.0000),estivador (0.0000),exausto (0.0000),kuluene (0.0000),explodir (0.0000)
15629,engane (0.0000),recebo (0.0000),exaustivo (0.0000),lambendo (0.0000),remetam (0.0000)
15630,manifesto (0.0000),estrangeira (0.0000),exaustivas (0.0000),lamenta (0.0000),explorada (0.0000)
15631,engatinha (0.0000),estrangeiro (0.0000),exausta (0.0000),lamento (0.0000),explorado (0.0000)
15632,manifeste (0.0000),estrangeiros (0.0000),pátria (0.0000),lara (0.0000),remendadas (0.0000)
15633,revolucionária (0.0000),reclamava (0.0000),pão (0.0000),late (0.0000),relembrando (0.0000)
15634,manifestações (0.0000),estarei (0.0000),exagero (0.0000),lascar (0.0000),explorava (0.0000)
15635,engessados (0.0000),refletiria (0.0000),pérola (0.0000),lascada (0.0000),exploração (0.0000)
15636,englobar (0.0000),esquisito (0.0000),pérolas (0.0000),larguei (0.0000),relíquia (0.0000)
15637,enfermos (0.0000),espíritos (0.0000),exalou (0.0000),largamente (0.0000),reluzindo (0.0000)
15638,enfermidades (0.0000),esquecemos (0.0000),exalava (0.0000),largado (0.0000),explícitas (0.0000)
15639,enfermidade (0.0000),esqueci (0.0000),péssimo (0.0000),laranjeira (0.0000),expondo (0.0000)
15640,manipulação (0.0000),esquecidas (0.0000),exageros (0.0000),laquê (0.0000),expor (0.0000)
15641,encorpado (0.0000),esquecimento (0.0000),exija (0.0000),lamentos (0.0000),exporta (0.0000)
15642,manquejar (0.0000),esquecimentos (0.0000),exista (0.0000),lançavam (0.0000),exportação (0.0000)
15643,encostado (0.0000),esquecê (0.0000),puxado (0.0000),lançam (0.0000),exposto (0.0000)
15644,encostas (0.0000),esqueleto (0.0000),explodir (0.0000),lançado (0.0000),expressada (0.0000)
15645,encravada (0.0000),esquenta (0.0000),exploro (0.0000),lança (0.0000),relho (0.0000)
15646,manqueio (0.0000),reconhecem (0.0000),explorava (0.0000),lanternas (0.0000),expressas (0.0000)
15647,encurvado (0.0000),esquentava (0.0000),pudores (0.0000),lamparina (0.0000),expresse (0.0000)
15648,manoel (0.0000),esqueçam (0.0000),explorando (0.0000),lamentoso (0.0000),relato (0.0000)
15649,endireitar (0.0000),esqueço (0.0000),explorado (0.0000),krenak (0.0000),exótica (0.0000)
15650,endurece (0.0000),esquivar (0.0000),explorada (0.0000),kiko (0.0000),estudam (0.0000)
15651,endurecida (0.0000),estanques (0.0000),explodindo (0.0000),juninos (0.0000),falsas (0.0000)
15652,endurecidas (0.0000),recompõe (0.0000),explosivo (0.0000),kika (0.0000),faltar (0.0000)
15653,endurecidos (0.0000),recompensar (0.0000),explodia (0.0000),jê (0.0000),faltantes (0.0000)
15654,endurecimento (0.0000),recompensadora (0.0000),explode (0.0000),jão (0.0000),faltando (0.0000)
15655,riachos (0.0000),recompensado (0.0000),explodam (0.0000),jânio (0.0000),reinterpretando (0.0000)
15656,energiza (0.0000),recompensa (0.0000),explique (0.0000),juçara (0.0000),falsos (0.0000)
15657,mano (0.0000),recomendou (0.0000),explicá (0.0000),juão (0.0000),falsidade (0.0000)
15658,enfatiza (0.0000),recolhidos (0.0000),explico (0.0000),jurê (0.0000),reinterprete (0.0000)
15659,enfatizar (0.0000),estalos (0.0000),explosiva (0.0000),juruá (0.0000),exótico (0.0000)
15660,enfeitado (0.0000),recolhidas (0.0000),explosivos (0.0000),juru (0.0000),falho (0.0000)
15661,enfeitados (0.0000),recolhida (0.0000),puxadas (0.0000),juremir (0.0000),falhas (0.0000)
15662,piranhas (0.0000),recolher (0.0000),pudim (0.0000),juremas (0.0000),falha (0.0000)
15663,enfeitar (0.0000),reclamação (0.0000),psicodélica (0.0000),jurandizinho (0.0000),falem (0.0000)
15664,enfeitava (0.0000),estampavam (0.0000),psicodélico (0.0000),jura (0.0000),falecido (0.0000)
15665,enfeitavam (0.0000),estrangulava (0.0000),expressada (0.0000),juquinha (0.0000),faleceu (0.0000)
15666,enfeite (0.0000),recebidos (0.0000),publicações (0.0000),juntavam (0.0000),faltou (0.0000)
15667,enfeitiado (0.0000),estranham (0.0000),publicidade (0.0000),juntar (0.0000),reinava (0.0000)
15668,englobe (0.0000),evaporava (0.0000),pude (0.0000),juntando (0.0000),reina (0.0000)
15669,engolem (0.0000),reaproveitadas (0.0000),exportação (0.0000),juntamente (0.0000),reimaginadas (0.0000)
15670,engolfou (0.0000),esvoaçantes (0.0000),explícita (0.0000),jô (0.0000),familiarizados (0.0000)
15671,pisa (0.0000),reaprendendo (0.0000),exporta (0.0000),júlia (0.0000),faminta (0.0000)
15672,enriqueciam (0.0000),etiquetas (0.0000),expor (0.0000),júlio (0.0000),faminto (0.0000)
15673,enriquecida (0.0000),realçam (0.0000),expondo (0.0000),kasato (0.0000),famosas (0.0000)
15674,revelem (0.0000),etnicorracial (0.0000),explícitos (0.0000),khadija (0.0000),fanatismos (0.0000)
15675,enriquecimento (0.0000),eucalipto (0.0000),explícito (0.0000),kenzo (0.0000),fandangos (0.0000)
15676,enrola (0.0000),eulália (0.0000),explícitas (0.0000),kenji (0.0000),fantasia (0.0000)
15677,enroladas (0.0000),eurocêntricos (0.0000),pulam (0.0000),ken (0.0000),fantasmagóricas (0.0000)
15678,manicure (0.0000),realçados (0.0000),explicassem (0.0000),keiko (0.0000),fantasy (0.0000)
15679,enrolam (0.0000),realçado (0.0000),explicando (0.0000),kayapó (0.0000),fantástica (0.0000)
15680,enrolação (0.0000),realçada (0.0000),pura (0.0000),katu (0.0000),fantásticas (0.0000)
15681,enrolo (0.0000),realizou (0.0000),expectativa (0.0000),kariri (0.0000),fantástico (0.0000)
15682,pisam (0.0000),evaristo (0.0000),punhos (0.0000),kadiwéu (0.0000),fanática (0.0000)
15683,revelação (0.0000),recebida (0.0000),expansivo (0.0000),karajá (0.0000),fale (0.0000)
15684,enrugamento (0.0000),evasê (0.0000),expansiva (0.0000),karai (0.0000),reinventando (0.0000)
15685,enrugando (0.0000),realizem (0.0000),expandir (0.0000),kalunga (0.0000),falatório (0.0000)
15686,enrugavam (0.0000),realizava (0.0000),expande (0.0000),kalapalo (0.0000),fagulha (0.0000)
15687,revelasse (0.0000),evidenciada (0.0000),puramente (0.0000),kaio (0.0000),exóticos (0.0000)
15688,ensinada (0.0000),evidenciadas (0.0000),explicado (0.0000),kaingang (0.0000),fabricada (0.0000)
15689,ensinadas (0.0000),realizando (0.0000),existiu (0.0000),kaiapó (0.0000),relacionamento (0.0000)
15690,ensinados (0.0000),realizam (0.0000),existissem (0.0000),irônica (0.0000),fabricados (0.0000)
15691,ensinam (0.0000),evidenciariam (0.0000),existisse (0.0000),irão (0.0000),fabricação (0.0000)
15692,ensinamento (0.0000),realizados (0.0000),purificação (0.0000),irrita (0.0000),relacionado (0.0000)
15693,revelariam (0.0000),realismo (0.0000),existiam (0.0000),integração (0.0000),relacionadas (0.0000)
15694,piscina (0.0000),realeza (0.0000),puxada (0.0000),interações (0.0000),fachada (0.0000)
15695,revelado (0.0000),evitadas (0.0000),punho (0.0000),interação (0.0000),relacionada (0.0000)
15696,ensinara (0.0000),reafirmo (0.0000),expediente (0.0000),interagiu (0.0000),rejeição (0.0000)
15697,reveladas (0.0000),esvoaçando (0.0000),punham (0.0000),interagir (0.0000),facilitam (0.0000)
15698,reutilizar (0.0000),reaproveitamento (0.0000),punhado (0.0000),intenções (0.0000),facilitar (0.0000)
15699,enriquecia (0.0000),esverdeada (0.0000),experimenta (0.0000),intensificou (0.0000),rejeita (0.0000)
15700,manifestada (0.0000),reaproveitar (0.0000),experimentais (0.0000),intensificava (0.0000),reivindicações (0.0000)
15701,engoli (0.0000),estranharem (0.0000),experimental (0.0000),intensificado (0.0000),fagulho (0.0000)
15702,enriquecendo (0.0000),estranhas (0.0000),experimentando (0.0000),intensidades (0.0000),falasse (0.0000)
15703,engolida (0.0000),recebeu (0.0000),experimentar (0.0000),intensas (0.0000),faixa (0.0000)
15704,engolidas (0.0000),estratégicamente (0.0000),experimentação (0.0000),intencionalmente (0.0000),faixas (0.0000)
15705,engolindo (0.0000),estratégicos (0.0000),experimentei (0.0000),intencional (0.0000),reivindicar (0.0000)
15706,engoliu (0.0000),estreita (0.0000),experimento (0.0000),inteligentes (0.0000),falado (0.0000)
15707,engraçadas (0.0000),estreitam (0.0000),experimentou (0.0000),intelectual (0.0000),falador (0.0000)
15708,manifestação (0.0000),estrela (0.0000),punha (0.0000),intelecto (0.0000),faladora (0.0000)
15709,engrossa (0.0000),recatada (0.0000),pulsante (0.0000),inteireza (0.0000),reiterar (0.0000)
15710,engrossando (0.0000),estrelados (0.0000),explica (0.0000),inteiras (0.0000),falando (0.0000)
15711,revolta (0.0000),recarrego (0.0000),explicada (0.0000),intercaladas (0.0000),falange (0.0000)
15712,enigmática (0.0000),estrelato (0.0000),evitam (0.0000),intercalados (0.0000),reinvenção (0.0000)
15713,enigmáticos (0.0000),recarregam (0.0000),públicos (0.0000),intercalar (0.0000),falarei (0.0000)
15714,enjoar (0.0000),estritos (0.0000),evita (0.0000),interessava (0.0000),falarem (0.0000)
15715,revista (0.0000),estrondo (0.0000),estimula (0.0000),interiorzinho (0.0000),falaria (0.0000)
15716,pirapó (0.0000),recarga (0.0000),estrangulava (0.0000),interiores (0.0000),falas (0.0000)
15717,enormes (0.0000),recantos (0.0000),estrangeiros (0.0000),interioranos (0.0000),explicada (0.0000)
15718,enquadra (0.0000),estruturados (0.0000),quentinho (0.0000),interioranas (0.0000),remoto (0.0000)
15719,enquadrada (0.0000),recado (0.0000),estrangeira (0.0000),interferência (0.0000),removida (0.0000)
15720,enquadrado (0.0000),rebuscados (0.0000),estoicismo (0.0000),interfere (0.0000),eventualmente (0.0000)
15721,enquadrava (0.0000),estudam (0.0000),estivador (0.0000),interessou (0.0000),repassados (0.0000)
15722,reviso (0.0000),rebelião (0.0000),estima (0.0000),interessarem (0.0000),evidenciavam (0.0000)
15723,revisado (0.0000),estudarem (0.0000),queixe (0.0000),interconectados (0.0000),evidenciariam (0.0000)
15724,enraizadas (0.0000),estática (0.0000),estiloso (0.0000),interessando (0.0000),repelir (0.0000)
15725,enraizados (0.0000),rebelam (0.0000),estilosas (0.0000),interessada (0.0000),evidenciada (0.0000)
15726,enraíza (0.0000),estéril (0.0000),estilosa (0.0000),interdependência (0.0000),evidencia (0.0000)
15727,reverente (0.0000),reação (0.0000),queria (0.0000),interdependentes (0.0000),eventual (0.0000)
15728,manifestando (0.0000),reconhecesse (0.0000),estilizados (0.0000),intercâmbio (0.0000),experimentou (0.0000)
15729,pirão (0.0000),reconhecia (0.0000),queriam (0.0000),interconexão (0.0000),repensar (0.0000)
15730,encontrá (0.0000),espécie (0.0000),quentinha (0.0000),interconectam (0.0000),repentina (0.0000)
15731,ribeirinho (0.0000),esgarçada (0.0000),estranharem (0.0000),integridade (0.0000),evasivo (0.0000)
15732,ribeirão (0.0000),reduzidas (0.0000),queer (0.0000),integrar (0.0000),repentinas (0.0000)
15733,risinhos (0.0000),escutamos (0.0000),estratégicos (0.0000),interligados (0.0000),evaporava (0.0000)
15734,emotiva (0.0000),escutava (0.0000),queimados (0.0000),integrando (0.0000),evangélico (0.0000)
15735,pintora (0.0000),escutavam (0.0000),queimam (0.0000),inspirador (0.0000),evidentes (0.0000)
15736,empada (0.0000),esfarrapada (0.0000),queimando (0.0000),inspirado (0.0000),repassadas (0.0000)
15737,mantra (0.0000),esferográfica (0.0000),queimar (0.0000),insolação (0.0000),evitadas (0.0000)
15738,manto (0.0000),reduzem (0.0000),queimação (0.0000),insisto (0.0000),evitam (0.0000)
15739,empodera (0.0000),esforça (0.0000),estreitam (0.0000),insistissem (0.0000),reparo (0.0000)
15740,empoderadora (0.0000),esforçada (0.0000),estratégico (0.0000),insistisse (0.0000),evite (0.0000)
15741,mantive (0.0000),redutivas (0.0000),estranhas (0.0000),insistindo (0.0000),evito (0.0000)
15742,empoderam (0.0000),reducionistas (0.0000),estratégicas (0.0000),insistentes (0.0000),evocando (0.0000)
15743,pinçavam (0.0000),redondos (0.0000),estratégicamente (0.0000),insistam (0.0000),evolui (0.0000)
15744,empoderar (0.0000),esfria (0.0000),estratégica (0.0000),insinuou (0.0000),evoluindo (0.0000)
15745,empoeirada (0.0000),esgarçadas (0.0000),queira (0.0000),insinuasse (0.0000),evoluir (0.0000)
15746,empoeiradas (0.0000),recôncavo (0.0000),queiram (0.0000),insinuando (0.0000),exacerbado (0.0000)
15747,mantida (0.0000),esgota (0.0000),estranhem (0.0000),insetos (0.0000),exagerado (0.0000)
15748,empolga (0.0000),esgotada (0.0000),esticavam (0.0000),inseto (0.0000),exagero (0.0000)
15749,empreendedor (0.0000),esgotá (0.0000),esticam (0.0000),inserção (0.0000),exageros (0.0000)
15750,empreendedorismo (0.0000),esgueira (0.0000),querida (0.0000),inseriu (0.0000),reparar (0.0000)
15751,empregava (0.0000),redondezas (0.0000),estalos (0.0000),inserir (0.0000),examina (0.0000)
15752,emprego (0.0000),redondeza (0.0000),estando (0.0000),inspiradoras (0.0000),repetida (0.0000)
15753,pipe (0.0000),redescobrindo (0.0000),estampavam (0.0000),inspiramos (0.0000),evangelismo (0.0000)
15754,mantenho (0.0000),esmaga (0.0000),questionam (0.0000),inspirasse (0.0000),européias (0.0000)
15755,riscando (0.0000),esmagada (0.0000),estampados (0.0000),instruções (0.0000),esverdeado (0.0000)
15756,empresas (0.0000),redemoinhos (0.0000),questionar (0.0000),integralmente (0.0000),repreender (0.0000)
15757,mantenha (0.0000),redefinição (0.0000),questionava (0.0000),integrada (0.0000),estudarem (0.0000)
15758,emprestou (0.0000),esmeraldas (0.0000),estadual (0.0000),integra (0.0000),estudo (0.0000)
15759,empresária (0.0000),recônditos (0.0000),esteticamente (0.0000),intacto (0.0000),estádio (0.0000)
15760,empresário (0.0000),escurinho (0.0000),estados (0.0000),intacta (0.0000),estática (0.0000)
15761,emolduravando (0.0000),escuridão (0.0000),questionei (0.0000),insuficientes (0.0000),estável (0.0000)
15762,mantê (0.0000),escurecia (0.0000),estabilidade (0.0000),insuficiente (0.0000),estéril (0.0000)
15763,empurrou (0.0000),escurecer (0.0000),estabelecidos (0.0000),instintivamente (0.0000),repreendendo (0.0000)
15764,ritmada (0.0000),escondo (0.0000),estabelecidas (0.0000),inspiravam (0.0000),estéticas (0.0000)
15765,embaralhado (0.0000),refletiram (0.0000),estabelecida (0.0000),instantânea (0.0000),estéticos (0.0000)
15766,manuscrito (0.0000),refletidos (0.0000),estanques (0.0000),instalou (0.0000),estúdio (0.0000)
15767,embate (0.0000),escorrido (0.0000),estarmos (0.0000),instalavam (0.0000),esvaindo (0.0000)
15768,embaça (0.0000),escovas (0.0000),estará (0.0000),instagram (0.0000),esvaziada (0.0000)
15769,embebido (0.0000),escravizados (0.0000),questionados (0.0000),inspirá (0.0000),esverdeada (0.0000)
15770,manualmente (0.0000),escravos (0.0000),estaturas (0.0000),inspirou (0.0000),esverdeados (0.0000)
15771,embelezam (0.0000),escreva (0.0000),questionadora (0.0000),inspirações (0.0000),repetidamente (0.0000)
15772,manuais (0.0000),escreve (0.0000),questionador (0.0000),interligadas (0.0000),esverdeando (0.0000)
15773,embolado (0.0000),reflectindo (0.0000),questionada (0.0000),intermediário (0.0000),repousavam (0.0000)
15774,robô (0.0000),escreveria (0.0000),estendendo (0.0000),irrigação (0.0000),esvoaçantes (0.0000)
15775,embranquecendo (0.0000),refiram (0.0000),estender (0.0000),invade (0.0000),repousando (0.0000)
15776,embranquecer (0.0000),escrevê (0.0000),estendia (0.0000),invisibilizante (0.0000),eterna (0.0000)
15777,embranqueceu (0.0000),escrito (0.0000),estendiam (0.0000),invisibilizados (0.0000),replicar (0.0000)
15778,embrulhar (0.0000),escritoras (0.0000),quesito (0.0000),investidas (0.0000),etnicidade (0.0000)
15779,embrulho (0.0000),escritura (0.0000),queridos (0.0000),invertidas (0.0000),etérea (0.0000)
15780,emergem (0.0000),referirem (0.0000),estereotipadas (0.0000),invernos (0.0000),eucalipto (0.0000)
15781,emergente (0.0000),esculpe (0.0000),queridinhas (0.0000),inventou (0.0000),eulália (0.0000)
15782,emergiria (0.0000),esculpia (0.0000),queridas (0.0000),invento (0.0000),repletos (0.0000)
15783,emociona (0.0000),referir (0.0000),queijo (0.0000),inventados (0.0000),europa (0.0000)
15784,emocionais (0.0000),refere (0.0000),quebrou (0.0000),inventadas (0.0000),repicado (0.0000)
15785,emocional (0.0000),refeição (0.0000),quadra (0.0000),invejável (0.0000),repetindo (0.0000)
15786,roberto (0.0000),esculpira (0.0000),eulália (0.0000),inveja (0.0000),reparando (0.0000)
15787,ritualístico (0.0000),reerguer (0.0000),evangelismo (0.0000),invasão (0.0000),repaginado (0.0000)
15788,ritualística (0.0000),reencontro (0.0000),européias (0.0000),invasores (0.0000),exatidão (0.0000)
15789,ritos (0.0000),escultura (0.0000),europeu (0.0000),invasor (0.0000),renascimento (0.0000)
15790,emolduraram (0.0000),redução (0.0000),europeias (0.0000),invadir (0.0000),exista (0.0000)
15791,pintinha (0.0000),espalhafatosa (0.0000),europa (0.0000),invadindo (0.0000),existam (0.0000)
15792,empurrar (0.0000),espalhando (0.0000),eurocêntricos (0.0000),invadida (0.0000),rendia (0.0000)
15793,empática (0.0000),espremida (0.0000),quaisquer (0.0000),invisibilizou (0.0000),renderam (0.0000)
15794,encontre (0.0000),espiritualizada (0.0000),evangélico (0.0000),invocam (0.0000),existente (0.0000)
15795,rigoroso (0.0000),esperteza (0.0000),etérea (0.0000),invés (0.0000),existentes (0.0000)
15796,encarna (0.0000),espertos (0.0000),etnicorracial (0.0000),iridescente (0.0000),existi (0.0000)
15797,encarnada (0.0000),espessa (0.0000),etnicidade (0.0000),irreversivelmente (0.0000),existia (0.0000)
15798,encarnava (0.0000),espessas (0.0000),qualidades (0.0000),irrepetível (0.0000),existiam (0.0000)
15799,encaro (0.0000),espessos (0.0000),qualificadas (0.0000),irregularmente (0.0000),existimos (0.0000)
15800,mantas (0.0000),recorda (0.0000),quantidade (0.0000),irredutível (0.0000),rendeiras (0.0000)
15801,encarregou (0.0000),espingarda (0.0000),evangélica (0.0000),irreal (0.0000),rende (0.0000)
15802,encará (0.0000),espinha (0.0000),quadro (0.0000),irmão (0.0000),existiram (0.0000)
15803,encenação (0.0000),espinhaço (0.0000),estrelato (0.0000),irma (0.0000),existissem (0.0000)
15804,encharca (0.0000),espinho (0.0000),evidenciadas (0.0000),irantã (0.0000),renascidas (0.0000)
15805,rigorosa (0.0000),recontadas (0.0000),quadrada (0.0000),inês (0.0000),exigir (0.0000)
15806,encher (0.0000),espiral (0.0000),evidenciavam (0.0000),iranduba (0.0000),expande (0.0000)
15807,enchia (0.0000),espirituais (0.0000),evidenciava (0.0000),iraceminha (0.0000),renascendo (0.0000)
15808,enchiam (0.0000),espiritualmente (0.0000),quadradinhos (0.0000),ipueira (0.0000),expansão (0.0000)
15809,encolher (0.0000),espalhavam (0.0000),quadrado (0.0000),ipecacuanha (0.0000),renascem (0.0000)
15810,encolhida (0.0000),recontada (0.0000),evidenciado (0.0000),ipanema (0.0000),expediente (0.0000)
15811,encomodar (0.0000),esplendor (0.0000),quadril (0.0000),iorubá (0.0000),remédios (0.0000)
15812,rigo (0.0000),reconstruído (0.0000),evaristo (0.0000),ioga (0.0000),experientes (0.0000)
15813,mansos (0.0000),reconstrução (0.0000),eventualmente (0.0000),invadi (0.0000),experimenta (0.0000)
15814,encontramos (0.0000),reconstruindo (0.0000),eventual (0.0000),inusitados (0.0000),experimentais (0.0000)
15815,ridículo (0.0000),reconhecidas (0.0000),quadrinhos (0.0000),internacionais (0.0000),remédio (0.0000)
15816,ricardo (0.0000),esposo (0.0000),evento (0.0000),inusitado (0.0000),experimentar (0.0000)
15817,ricamente (0.0000),espreguiçavam (0.0000),evasê (0.0000),interseccionalidade (0.0000),experimentação (0.0000)
15818,mansamente (0.0000),reconhecida (0.0000),evasivo (0.0000),interseccional (0.0000),experimentei (0.0000)
15819,encontraria (0.0000),espreita (0.0000),quarentona (0.0000),interruptor (0.0000),experimento (0.0000)
15820,encontrará (0.0000),espreitando (0.0000),quarentão (0.0000),interrompe (0.0000),exigisse (0.0000)
15821,encontrasse (0.0000),espreitava (0.0000),esvoaçava (0.0000),interpretação (0.0000),exigindo (0.0000)
15822,piracicaba (0.0000),espreme (0.0000),estruturado (0.0000),interpretar (0.0000),exato (0.0000)
15823,encardidas (0.0000),esperta (0.0000),estudei (0.0000),interpretado (0.0000),exclusivamente (0.0000)
15824,encara (0.0000),esperem (0.0000),estudante (0.0000),interpretadas (0.0000),exausta (0.0000)
15825,encabulado (0.0000),recordando (0.0000),estudam (0.0000),interpela (0.0000),renunciar (0.0000)
15826,rigorosos (0.0000),recordação (0.0000),estuda (0.0000),internos (0.0000),exausto (0.0000)
15827,encadernado (0.0000),espalhou (0.0000),estruturas (0.0000),interno (0.0000),exaustão (0.0000)
15828,riscados (0.0000),espanhol (0.0000),estruturados (0.0000),internet (0.0000),excelência (0.0000)
15829,pipoca (0.0000),espanta (0.0000),quebrei (0.0000),internas (0.0000),excessiva (0.0000)
15830,encaixado (0.0000),espanto (0.0000),esvoaçantes (0.0000),internalizados (0.0000),excessivamente (0.0000)
15831,riscadinhas (0.0000),esparramado (0.0000),estritos (0.0000),internalizadas (0.0000),excessivas (0.0000)
15832,riscada (0.0000),esparsa (0.0000),estritamente (0.0000),internalizada (0.0000),excessivo (0.0000)
15833,risca (0.0000),espartilho (0.0000),estrias (0.0000),internacional (0.0000),excessivos (0.0000)
15834,encaixaram (0.0000),recuso (0.0000),estresso (0.0000),intersecção (0.0000),excesso (0.0000)
15835,encaixarem (0.0000),recusava (0.0000),estresse (0.0000),intertribal (0.0000),exceto (0.0000)
15836,mantemos (0.0000),recusassem (0.0000),estressante (0.0000),intimida (0.0000),exceções (0.0000)
15837,riram (0.0000),recusam (0.0000),estudiosa (0.0000),introversão (0.0000),exclamações (0.0000)
15838,encaixavam (0.0000),especialista (0.0000),quebradiços (0.0000),inundavam (0.0000),exclusivas (0.0000)
15839,riquíssimo (0.0000),especiaria (0.0000),quebradeiras (0.0000),inunda (0.0000),exigida (0.0000)
15840,encaixotada (0.0000),especificação (0.0000),estádio (0.0000),intuitivo (0.0000),exclusivos (0.0000)
15841,encaixotam (0.0000),recuperação (0.0000),estático (0.0000),intrusivas (0.0000),executa (0.0000)
15842,encaixotar (0.0000),recuperar (0.0000),quatro (0.0000),introvertido (0.0000),executados (0.0000)
15843,mantem (0.0000),recuavam (0.0000),quartzo (0.0000),introvertidas (0.0000),executando (0.0000)
15844,riquezas (0.0000),recuaram (0.0000),quartos (0.0000),introvertida (0.0000),exemplar (0.0000)
15845,encantada (0.0000),recriando (0.0000),estético (0.0000),introspectivos (0.0000),renovação (0.0000)
15846,encantadora (0.0000),espelhando (0.0000),estórias (0.0000),intimidade (0.0000),exerce (0.0000)
15847,encantadoras (0.0000),espelhava (0.0000),estúdio (0.0000),introduzida (0.0000),renovam (0.0000)
15848,rincões (0.0000),recriam (0.0000),esvaindo (0.0000),intrinsicamente (0.0000),exercia (0.0000)
15849,encantamento (0.0000),espelhos (0.0000),esvaziada (0.0000),intrigante (0.0000),exercícios (0.0000)
15850,encantamentos (0.0000),esperado (0.0000),quarto (0.0000),intransferível (0.0000),renova (0.0000)
15851,manteiga (0.0000),esperados (0.0000),esverdeados (0.0000),intocada (0.0000),exibir (0.0000)
15852,encantavam (0.0000),recorte (0.0000),esverdeando (0.0000),intimidava (0.0000),exigia (0.0000)
15853,rija (0.0000),recorro (0.0000),esvoaçante (0.0000),intimidam (0.0000),exigiam (0.0000)
15854,ẽngat (0.0000),ẽngat (0.0000),10 (0.0000),10 (0.0000),ẽngat (0.0000)
